1.133,30,34,25
B0,mixamorig_Hips,-1,-0.9983230233192444,0.0068720001727342606,0.0574829988181591,0,0.018383000046014786,0.9791709780693054,0.2022009938955307,0,-0.054896000772714615,0.20291900634765625,-0.9776560068130493,0,0.0014489999739453197,0.23905900120735168,-0.0009110000100918114,1
B1,mixamorig_Spine,0,0.9995920062065125,-0.02090200036764145,-0.01948999986052513,0,0.016997000202536583,0.9830549955368042,-0.18252000212669373,0,0.022974999621510506,0.18211400508880615,0.9830089807510376,0,0,0.03755800053477287,-0.0003699999942909926,1
B2,mixamorig_Spine1,1,0.9999129772186279,-0.0027910000644624233,-0.012900000438094139,0,0.0010499999625608325,0.9911080002784729,-0.13305500149726868,0,0.013156999833881855,0.1330299973487854,0.9910249710083008,0,0,0.04381899908185005,0,1
B3,mixamorig_Spine2,2,0.999891996383667,-0.002652999944984913,-0.014456000179052353,0,0.000707999977748841,0.9911280274391174,-0.13290700316429138,0,0.014680000022053719,0.1328819990158081,0.9910230040550232,0,0,0.05007899925112724,0,1
B4,mixamorig_Neck,3,0.9912869930267334,-0.1315930038690567,0.005727000068873167,0,0.1274619996547699,0.9693170189857483,0.2101850062608719,0,-0.03320999816060066,-0.20762400329113007,0.9776449799537659,0,0,0.056338999420404434,0,1
B5,mixamorig_Head,4,0.9933769702911377,0.11336799710988998,0.018703000620007515,0,-0.10917399823665619,0.8805369734764099,0.461232990026474,0,0.03581999987363815,-0.46022000908851624,0.8870819807052612,0,0,0.043237000703811646,-0.005698999855667353,1
B6,mixamorig_HeadTop_End,5,1,0,0,0,0,1,0,0,0,0,1,0,0,0.230322003364563,-0.030357999727129936,1
B7,mixamorig_LeftShoulder,3,-0.4425019919872284,0.057328000664711,0.8949329853057861,0,-0.892562985420227,0.06836099922657013,-0.4457100033760071,0,-0.0867300033569336,-0.9960119724273682,0.02091900072991848,0,-0.034699998795986176,0.04915300011634827,-0.00013899999612476677,1
B8,mixamorig_LeftArm,7,-0.4241499900817871,-0.37227699160575867,-0.8255339860916138,0,-0.8845149874687195,0.36583301424980164,0.2894800007343292,0,0.194241002202034,0.8529809713363647,-0.4844529926776886,0,0,0.07315900176763535,0,1
B9,mixamorig_LeftForeArm,8,-0.33283698558807373,-0.9428669810295105,-0.014841999858617783,0,0.9428830146789551,-0.33299100399017334,0.009437000378966331,0,-0.01384000014513731,-0.010852999985218048,0.999845027923584,0,0,0.10476899892091751,0,1
B10,mixamorig_LeftHand,9,1,0,0,0,0,1,0,0,0,0,1,0,0,0.09878300130367279,0,1
B11,mixamorig_RightShoulder,3,-0.22798700630664825,-0.020558999851346016,-0.9734470248222351,0,0.9586290121078491,-0.1797579973936081,-0.22072100639343262,0,-0.17044800519943237,-0.9834960103034973,0.060690999031066895,0,0.034699998795986176,0.04915099963545799,-0.0000019999999949504854,1
B12,mixamorig_RightArm,11,-0.37067100405693054,0.680404007434845,0.6321820020675659,0,0.8922899961471558,0.44976601004600525,0.0391089990735054,0,-0.25772398710250854,0.5785859823226929,-0.7738329768180847,0,0,0.07315900176763535,0,1
B13,mixamorig_RightForeArm,12,-0.2818700075149536,0.9594519734382629,-0.0012199999764561653,0,-0.9594519734382629,-0.2818709909915924,-0.00044999999227002263,0,-0.0007750000222586095,0.001044000033289194,0.9999989867210388,0,0,0.10476399958133698,0,1
B14,mixamorig_RightHand,13,1,0,0,0,0,1,0,0,0,0,1,0,0,0.09878599643707275,0,1
B15,mixamorig_LeftUpLeg,0,-0.9980649948120117,-0.0043830000795423985,0.06202699989080429,0,-0.04349999874830246,-0.6635730266571045,-0.7468460202217102,0,0.044433001428842545,-0.7480990290641785,0.6620979905128479,0,-0.06590499728918076,-0.020872000604867935,-0.0017170000355690718,1
B16,mixamorig_LeftLeg,15,0.9873039722442627,-0.15884099900722504,0.0008679999737069011,0,0.016297999769449234,0.10673599690198898,0.9941539764404297,0,-0.1580049991607666,-0.9815179705619812,0.10796999931335449,0,0,0.1387059986591339,0,1
B17,mixamorig_LeftFoot,16,-0.9919430017471313,0.0758420005440712,0.10147900134325027,0,-0.12490800023078918,-0.7193040251731873,-0.683372974395752,0,0.021167000755667686,-0.690542995929718,0.7229819893836975,0,0,0.10913900285959244,0,1
B18,mixamorig_LeftToeBase,17,0.9989029765129089,0.04682699963450432,0,0,-0.04680199921131134,0.9983850121498108,0.03219600021839142,0,0.0015079999575391412,-0.03216100111603737,0.9994819760322571,0,0,0.007098999805748463,0,1
B19,mixamorig_LeftToe_End,18,1,0,0,0,0,1,0,0,0,0,1,0,0,0.008244000375270844,0,1
B20,mixamorig_RightUpLeg,0,-0.9615899920463562,0.14376699924468994,-0.23383000493049622,0,0.052726998925209045,-0.7392579913139343,-0.6713550090789795,0,-0.26937898993492126,-0.6578980088233948,0.7032819986343384,0,0.06590499728918076,-0.020872000604867935,-0.0019890000112354755,1
B21,mixamorig_RightLeg,20,0.9773949980735779,0.19518700242042542,0.08124600350856781,0,-0.10694900155067444,0.12496799975633621,0.9863799810409546,0,0.18237599730491638,-0.9727720022201538,0.14301800727844238,0,0,0.1387220025062561,0,1
B22,mixamorig_RightFoot,21,-0.9987260103225708,0.0482649989426136,0.0147299999371171,0,-0.04668800160288811,-0.7729979753494263,-0.6326889991760254,0,-0.019151000306010246,-0.6325700283050537,0.7742660045623779,0,0,0.10918500274419785,0,1
B23,mixamorig_RightToeBase,22,0.9998490214347839,-0.01738099940121174,0,0,0.017374999821186066,0.9995520114898682,0.02437499910593033,0,-0.0004239999980200082,-0.02437100000679493,0.9997029900550842,0,0,0.010506999678909779,0,1
B24,mixamorig_RightToe_End,23,1,0,0,0,0,1,0,0,0,0,1,0,0,0.011122000403702259,0,1
@20,0,1,2,3,4,5,7,8,9,11,12,13,15,16,17,18,20,21,22,23
K0,-0.9983230233192444,0.006872102152556181,0.05748291313648224,0,0.018382897600531578,0.9791709184646606,0.20220111310482025,0,-0.05489609017968178,0.2029188871383667,-0.9776559472084045,0,0.0014489999739453197,0.23905900120735168,-0.0009110000100918114,1,0.9995920062065125,-0.020901791751384735,-0.019490135833621025,0,0.016997208818793297,0.9830549955368042,-0.18251989781856537,0,0.022974863648414612,0.1821141242980957,0.9830089807510376,0,0,0.03755800053477287,-0.0003699999942909926,1,0.9999130368232727,-0.002791079692542553,-0.012900169938802719,0,0.0010499203344807029,0.9911080002784729,-0.13305503129959106,0,0.01315683126449585,0.13302993774414062,0.991024911403656,0,0,0.04381899908185005,0,1,0.999891996383667,-0.0026528688613325357,-0.014455833472311497,0,0.0007081309449858963,0.9911280274391174,-0.13290679454803467,0,0.01468016766011715,0.13288220763206482,0.9910230040550232,0,0,0.05007899925112724,0,1,0.9912869930267334,-0.13159289956092834,0.005726915784180164,0,0.12746210396289825,0.9693169593811035,0.21018509566783905,0,-0.03321008011698723,-0.2076239138841629,0.9776449799537659,0,0,0.056338999420404434,0,1,0.9933769702911377,0.11336783319711685,0.0187031552195549,0,-0.10917415469884872,0.8805370330810547,0.46123290061950684,0,0.03582015633583069,-0.46022000908851624,0.8870819807052612,0,0,0.043237000703811646,-0.005698999855667353,1,-0.44250237941741943,0.05732828751206398,0.894932746887207,0,-0.8925631642341614,0.06836066395044327,-0.44570979475975037,0,-0.08673001825809479,-0.9960119724273682,0.02091934345662594,0,-0.034699998795986176,0.04915300011634827,-0.00013899999612476677,1,-0.4241497814655304,-0.37227705121040344,-0.8255339860916138,0,-0.8845149874687195,0.365833044052124,0.289480060338974,0,0.1942409723997116,0.8529808521270752,-0.484453022480011,0,0,0.07315900176763535,0,1,-0.33283689618110657,-0.9428670406341553,-0.014841841533780098,0,0.9428830146789551,-0.3329910635948181,0.009436791762709618,0,-0.013839841820299625,-0.010853208601474762,0.999845027923584,0,0,0.10476899892091751,0,1,-0.2279869168996811,-0.020558323711156845,-0.9734470844268799,0,0.9586291909217834,-0.1797579973936081,-0.22072017192840576,0,-0.17044727504253387,-0.9834961295127869,0.060690298676490784,0,0.034699998795986176,0.04915099963545799,-0.0000019999999949504854,1,-0.37067121267318726,0.6804038882255554,0.6321819424629211,0,0.8922901153564453,0.4497658312320709,0.03910883143544197,0,-0.25772398710250854,0.578586220741272,-0.7738327980041504,0,0,0.07315900176763535,0,1,-0.2818702161312103,0.9594518542289734,-0.0012205250095576048,0,-0.9594519734382629,-0.28187084197998047,-0.00044973043259233236,0,-0.0007755251135677099,0.0010442695347592235,0.9999989867210388,0,0,0.10476399958133698,0,1,-0.9980649352073669,-0.004383211024105549,0.062026992440223694,0,-0.04350021481513977,-0.6635729670524597,-0.7468461394309998,0,0.04443300887942314,-0.7480989098548889,0.6620980501174927,0,-0.06590499728918076,-0.020872000604867935,-0.0017170000355690718,1,0.9873039126396179,-0.15884092450141907,0.0008680083556100726,0,0.01629805751144886,0.1067361906170845,0.9941538572311401,0,-0.1580049991607666,-0.981518030166626,0.10796986520290375,0,0,0.1387059986591339,0,1,-0.9919429421424866,0.07584185153245926,0.10147958993911743,0,-0.12490814924240112,-0.7193039655685425,-0.683372974395752,0,0.021166406571865082,-0.6905429363250732,0.7229820489883423,0,0,0.10913900285959244,0,1,0.9989029765129089,0.046826642006635666,0,0,-0.046802353113889694,0.9983850121498108,0.03219614923000336,0,0.001507819164544344,-0.032160840928554535,0.9994819164276123,0,0,0.007098999805748463,0,1,-0.961590051651001,0.14376713335514069,-0.23382976651191711,0,0.05272715166211128,-0.7392576336860657,-0.6713553667068481,0,-0.26937922835350037,-0.6578977108001709,0.7032822370529175,0,0.06590499728918076,-0.020872000604867935,-0.0019890000112354755,1,0.9773949980735779,0.19518719613552094,0.08124564588069916,0,-0.10694881528615952,0.12496807426214218,0.9863799214363098,0,0.18237563967704773,-0.9727720022201538,0.1430182158946991,0,0,0.1387220025062561,0,1,-0.9987261295318604,0.048265233635902405,0.014729776419699192,0,-0.0466877743601799,-0.772998034954071,-0.6326889395713806,0,-0.01915077492594719,-0.6325700879096985,0.7742659449577332,0,0,0.10918500274419785,0,1,0.9998490810394287,-0.01738058403134346,0,0,0.017375415191054344,0.9995520114898682,0.024374842643737793,0,-0.0004238244437146932,-0.024371156468987465,0.9997029900550842,0,0,0.010506999678909779,0,1
K0.033,-0.9983268976211548,0.007106906268745661,0.057380110025405884,0,0.018633099272847176,0.9790159463882446,0.20293009281158447,0,-0.054733868688344955,0.20365989208221436,-0.977510929107666,0,0.001464000204578042,0.23907800018787384,-0.0008829995640553534,1,0.9995890855789185,-0.02066880650818348,-0.0198680367320776,0,0.016706189140677452,0.9831150770187378,-0.18222694098949432,0,0.023298971354961395,0.1818200647830963,0.9830560088157654,0,0,0.03755800053477287,-0.0003699999942909926,1,0.999908983707428,-0.0026688638608902693,-0.013197219930589199,0,0.0008921333937905729,0.9911370873451233,-0.13284294307231903,0,0.013434791006147861,0.1328190565109253,0.9910489916801453,0,0,0.04381899908185005,0,1,0.999888002872467,-0.0025283147115260363,-0.014750977978110313,0,0.0005486822337843478,0.9911569952964783,-0.13269193470478058,0,0.014956032857298851,0.13266907632350922,0.9910480380058289,0,0,0.05007899925112724,0,1,0.9911980032920837,-0.1322542279958725,0.005907909478992224,0,0.1280588060617447,0.9691599607467651,0.21054434776306152,0,-0.03357110545039177,-0.2079346477985382,0.9775660634040833,0,0,0.056338999420404434,0,1,0.9934009313583374,0.11301128566265106,0.019585102796554565,0,-0.10925772041082382,0.8804469704627991,0.46138501167297363,0,0.0348980575799942,-0.4604800045490265,0.8869839906692505,0,0,0.043237000703811646,-0.005698999855667353,1,-0.44250211119651794,0.05732842534780502,0.8949328660964966,0,-0.8925632238388062,0.06836157292127609,-0.44570961594581604,0,-0.08673088252544403,-0.9960119724273682,0.020919114351272583,0,-0.034699998795986176,0.04915300011634827,-0.00013899999612476677,1,-0.4232892394065857,-0.374056339263916,-0.8251716494560242,0,-0.8852927684783936,0.3643593490123749,0.2889629602432251,0,0.19257043302059174,0.8528330326080322,-0.4853785037994385,0,0,0.07315900176763535,0,1,-0.3344060480594635,-0.9423120021820068,-0.014857698231935501,0,0.9423269629478455,-0.3345600664615631,0.009430957958102226,0,-0.013857697136700153,-0.010847042314708233,0.999845027923584,0,0,0.10476899892091751,0,1,-0.22775982320308685,-0.02052740380167961,-0.9735010862350464,0,0.9585458636283875,-0.18052636086940765,-0.22045430541038513,0,-0.17121723294258118,-0.9833559393882751,0.06079310551285744,0,0.034699998795986176,0.04915099963545799,-0.0000019999999949504854,1,-0.37127530574798584,0.6798299551010132,0.6324449181556702,0,0.8917741775512695,0.4508027136325836,0.038935545831918716,0,-0.2586381733417511,0.5784534811973572,-0.7736262679100037,0,0,0.07315900176763535,0,1,-0.28580906987190247,0.9582858681678772,-0.001221297075971961,0,-0.9582860469818115,-0.2858096659183502,-0.00044896689360029995,0,-0.0007792972610332072,0.0010420330800116062,0.9999989867210388,0,0,0.10476399958133698,0,1,-0.9980509877204895,-0.0038018415216356516,0.062284018844366074,0,-0.044105853885412216,-0.6630929708480835,-0.7472360730171204,0,0.044140979647636414,-0.7485269904136658,0.6616330742835999,0,-0.06590499728918076,-0.020872000604867935,-0.0017170000355690718,1,0.9873639941215515,-0.15845492482185364,0.001876430818811059,0,0.015229066833853722,0.10666843503713608,0.9941779375076294,0,-0.15773256123065948,-0.9815870523452759,0.10773370414972305,0,0,0.1387059986591339,0,1,-0.9919599890708923,0.07612214982509613,0.1011018380522728,0,-0.12485185265541077,-0.7192481756210327,-0.6834428310394287,0,0.02069215662777424,-0.6905702352523804,0.7229688763618469,0,0,0.10913900285959244,0,1,0.9989029765129089,0.04682614281773567,0,0,-0.0468018539249897,0.9983850121498108,0.03219614923000336,0,0.0015078111318871379,-0.03216084465384483,0.9994819164276123,0,0,0.007098999805748463,0,1,-0.9615681767463684,0.14425009489059448,-0.2336195856332779,0,0.05237207189202309,-0.738886833190918,-0.671792209148407,0,-0.26952439546585083,-0.6582087874412537,0.702934980392456,0,0.06590499728918076,-0.020872000604867935,-0.0019890000112354755,1,0.9773199558258057,0.19550815224647522,0.08137713372707367,0,-0.10721385478973389,0.12541916966438293,0.9862939715385437,0,0.18262213468551636,-0.9726489782333374,0.1435357630252838,0,0,0.1387220025062561,0,1,-0.9987210631370544,0.04841391369700432,0.014544831588864326,0,-0.046680089086294174,-0.7728080153465271,-0.632921040058136,0,-0.019401835277676582,-0.6327909231185913,0.7740800976753235,0,0,0.10918500274419785,0,1,0.9998490810394287,-0.01738058403134346,0,0,0.017375415191054344,0.9995520114898682,0.024374842643737793,0,-0.0004238244437146932,-0.024371156468987465,0.9997029900550842,0,0,0.010506999678909779,0,1
K0.067,-0.9983319044113159,0.007553239353001118,0.05723791942000389,0,0.019074752926826477,0.9788839221000671,0.20352225005626678,0,-0.054492074996232986,0.2042747437953949,-0.9773960113525391,0,0.001490999711677432,0.2390819936990738,-0.0008440003730356693,1,0.999580979347229,-0.020523056387901306,-0.020435066893696785,0,0.01646694913506508,0.9831740260124207,-0.1819268763065338,0,0.023824920877814293,0.18151412904262543,0.9830999374389648,0,0,0.03755800053477287,-0.0003699999942909926,1,0.9999039769172668,-0.0025550276041030884,-0.013630276545882225,0,0.0007249747286550701,0.9911679625511169,-0.13261334598064423,0,0.013848716393113136,0.132590651512146,0.9910740852355957,0,0,0.04381899908185005,0,1,0.9998819828033447,-0.0024110176600515842,-0.015188734047114849,0,0.0003779849212151021,0.9911891222000122,-0.13245569169521332,0,0.01537426095455885,0.13243432343006134,0.9910730123519897,0,0,0.05007899925112724,0,1,0.9910240769386292,-0.13352961838245392,0.006385170388966799,0,0.12918736040592194,0.9688910245895386,0.21109379827976227,0,-0.03437381982803345,-0.20837421715259552,0.9774449467658997,0,0,0.056338999420404434,0,1,0.9934520125389099,0.11218275129795074,0.021622106432914734,0,-0.10948922485113144,0.8808197379112244,0.4606172740459442,0,0.032628145068883896,-0.4599686563014984,0.8873351812362671,0,0,0.043237000703811646,-0.005698999855667353,1,-0.442501962184906,0.0573287270963192,0.8949329853057861,0,-0.8925633430480957,0.06836102902889252,-0.44570937752723694,0,-0.08673056960105896,-0.9960120916366577,0.020919574424624443,0,-0.034699998795986176,0.04915300011634827,-0.00013899999612476677,1,-0.4218185544013977,-0.3761390745639801,-0.8249780535697937,0,-0.8863648772239685,0.3626039922237396,0.28788119554519653,0,0.19085682928562164,0.8526647686958313,-0.4863492548465729,0,0,0.07315900176763535,0,1,-0.33544284105300903,-0.9419430494308472,-0.014867802150547504,0,0.9419589638710022,-0.33559727668762207,0.009427547454833984,0,-0.013869802467525005,-0.010842452757060528,0.999845027923584,0,0,0.10476899892091751,0,1,-0.2272672802209854,-0.02049882709980011,-0.9736170768737793,0,0.9584569334983826,-0.18166618049144745,-0.21990369260311127,0,-0.17236559092998505,-0.9831470251083374,0.06093409284949303,0,0.034699998795986176,0.04915099963545799,-0.0000019999999949504854,1,-0.3713317811489105,0.6793477535247803,0.632929265499115,0,0.891426146030426,0.4515416622161865,0.03833140805363655,0,-0.25975367426872253,0.5784435868263245,-0.7732604146003723,0,0,0.07315900176763535,0,1,-0.28918853402137756,0.9572710394859314,-0.0012233153684064746,0,-0.9572718739509583,-0.28918933868408203,-0.00044871881254948676,0,-0.0007833153940737247,0.0010412810370326042,0.9999989867210388,0,0,0.10476399958133698,0,1,-0.9980341196060181,-0.0031970550771802664,0.06259977072477341,0,-0.044767044484615326,-0.6626742482185364,-0.7475689649581909,0,0.04387323558330536,-0.7489011883735657,0.661227822303772,0,-0.06590499728918076,-0.020872000604867935,-0.0017170000355690718,1,0.9874420762062073,-0.1579616218805313,0.002691109199076891,0,0.014279390685260296,0.10620101541280746,0.9942420125007629,0,-0.15733788907527924,-0.9817180037498474,0.10712294280529022,0,0,0.1387059986591339,0,1,-0.9920479655265808,0.07613717019557953,0.10022104531526566,0,-0.1242518275976181,-0.7193860411643982,-0.6834068298339844,0,0.02006496861577034,-0.6904250979423523,0.7231258749961853,0,0,0.10913900285959244,0,1,0.9989029765129089,0.04682614281773567,0,0,-0.0468018539249897,0.9983850121498108,0.03219614923000336,0,0.0015078111318871379,-0.03216084465384483,0.9994819164276123,0,0,0.007098999805748463,0,1,-0.9615090489387512,0.14479359984397888,-0.23352952301502228,0,0.05199459195137024,-0.738663911819458,-0.672065258026123,0,-0.2698104977607727,-0.6583389639854431,0.7027032971382141,0,0.06590499728918076,-0.020872000604867935,-0.0019890000112354755,1,0.9772729277610779,0.1957509070634842,0.08136159181594849,0,-0.10731703042984009,0.12585951387882233,0.986225962638855,0,0.1828145831823349,-0.9725437164306641,0.14400655031204224,0,0,0.1387220025062561,0,1,-0.9987229704856873,0.04845186695456505,0.014279202558100224,0,-0.046537134796381,-0.7726777791976929,-0.6330903172492981,0,-0.019641196355223656,-0.6329466700553894,0.773946225643158,0,0,0.10918500274419785,0,1,0.9998490810394287,-0.017381083220243454,0,0,0.017375914379954338,0.9995520114898682,0.024374842643737793,0,-0.00042383052641525865,-0.024371156468987465,0.9997029900550842,0,0,0.010506999678909779,0,1
K0.100,-0.9983440637588501,0.008004894480109215,0.05696083605289459,0,0.019495105370879173,0.9787469506263733,0.20414122939109802,0,-0.05411615967750549,0.20491379499435425,-0.9772830009460449,0,0.0015379999531432986,0.23908700048923492,-0.0007949999417178333,1,0.9995689988136292,-0.020369838923215866,-0.021123003214597702,0,0.016198158264160156,0.9832289218902588,-0.18165212869644165,0,0.02446899749338627,0.18123185634613037,0.9831360578536987,0,0,0.03755800053477287,-0.0003699999942909926,1,0.9998970627784729,-0.00245420029386878,-0.014162884093821049,0,0.0005577998235821724,0.9911990165710449,-0.13237828016281128,0,0.014363115653395653,0.1323567032814026,0.9910980463027954,0,0,0.04381899908185005,0,1,0.9998739957809448,-0.002302879700437188,-0.01572881080210209,0,0.000203120187507011,0.991221010684967,-0.13221395015716553,0,0.015895189717411995,0.13219401240348816,0.9910959601402283,0,0,0.05007899925112724,0,1,0.9908339977264404,-0.1349112093448639,0.0068901302292943,0,0.13040277361869812,0.9685460329055786,0.21192802488803864,0,-0.03526487201452255,-0.20908698439598083,0.9772610068321228,0,0,0.056338999420404434,0,1,0.993507981300354,0.11121315509080887,0.023948026821017265,0,-0.10971683263778687,0.8810679316520691,0.46008816361427307,0,0.03006802499294281,-0.45972883701324463,0.8875501155853271,0,0,0.043237000703811646,-0.005698999855667353,1,-0.44250211119651794,0.05732842534780502,0.8949328660964966,0,-0.8925632238388062,0.06836157292127609,-0.44570961594581604,0,-0.08673088252544403,-0.9960119724273682,0.020919114351272583,0,-0.034699998795986176,0.04915300011634827,-0.00013899999612476677,1,-0.4198073148727417,-0.37862399220466614,-0.8248668313026428,0,-0.887723982334137,0.3605109751224518,0.28631895780563354,0,0.1889662891626358,0.8524529337882996,-0.4874587655067444,0,0,0.07315900176763535,0,1,-0.3367098271846771,-0.9414911270141602,-0.014880252070724964,0,0.9415059685707092,-0.33686408400535583,0.009422955103218555,0,-0.01388425100594759,-0.010837044566869736,0.999845027923584,0,0,0.10476899892091751,0,1,-0.22659504413604736,-0.02050003968179226,-0.9737729430198669,0,0.9584329724311829,-0.18266496062278748,-0.21918000280857086,0,-0.1733809858560562,-0.9829609394073486,0.06103891879320145,0,0.034699998795986176,0.04915099963545799,-0.0000019999999949504854,1,-0.37104588747024536,0.6785811185836792,0.6339178085327148,0,0.8911638855934143,0.4521172046661377,0.03764607757329941,0,-0.26105913519859314,0.5788929462432861,-0.7724829912185669,0,0,0.07315900176763535,0,1,-0.29329806566238403,0.956019937992096,-0.001224977895617485,0,-0.9560210704803467,-0.29329898953437805,-0.00044841464841738343,0,-0.0007879779441282153,0.0010395852150395513,0.9999989867210388,0,0,0.10476399958133698,0,1,-0.9979989528656006,-0.003091190243139863,0.06314908713102341,0,-0.0452691912651062,-0.662324070930481,-0.7478488683700562,0,0.044136907905340195,-0.7492111325263977,0.6608588695526123,0,-0.06590499728918076,-0.020872000604867935,-0.0017170000355690718,1,0.9874939322471619,-0.15763311088085175,0.002825569361448288,0,0.01404589880257845,0.10581325739622116,0.9942868947982788,0,-0.15703143179416656,-0.981812059879303,0.1067039892077446,0,0,0.1387059986591339,0,1,-0.9921249151229858,0.07613800466060638,0.09945359081029892,0,-0.12371599674224854,-0.7196619510650635,-0.6832141280174255,0,0.019554415717720985,-0.6901378631591797,0.7234141826629639,0,0,0.10913900285959244,0,1,0.9989029765129089,0.04682614281773567,0,0,-0.0468018539249897,0.9983850121498108,0.03219614923000336,0,0.0015078111318871379,-0.03216084465384483,0.9994819164276123,0,0,0.007098999805748463,0,1,-0.9614490270614624,0.14512860774993896,-0.23356719315052032,0,0.05186061933636665,-0.7384459376335144,-0.6723160743713379,0,-0.2700487971305847,-0.6585099697113037,0.7024511098861694,0,0.06590499728918076,-0.020872000604867935,-0.0019890000112354755,1,0.9772459864616394,0.1959887444972992,0.08111337572336197,0,-0.10718828439712524,0.12631726264953613,0.9861820340156555,0,0.18303437530994415,-0.9724360108375549,0.1444506198167801,0,0,0.1387220025062561,0,1,-0.998740017414093,0.048262763768434525,0.013724081218242645,0,-0.04603523015975952,-0.7725691199302673,-0.6332598328590393,0,-0.019960081204771996,-0.6330941319465637,0.7738179564476013,0,0,0.10918500274419785,0,1,0.9998490810394287,-0.017380082979798317,0,0,0.0173749141395092,0.9995520114898682,0.024374842643737793,0,-0.0004238183319102973,-0.024371156468987465,0.9997029900550842,0,0,0.010506999678909779,0,1
K0.133,-0.9983658790588379,0.008340920321643353,0.05653618648648262,0,0.019772082567214966,0.9786089658737183,0.2047763615846634,0,-0.05361881107091904,0.20555967092514038,-0.9771750569343567,0,0.0016040008049458265,0.2391050010919571,-0.0007419993635267019,1,0.9995599985122681,-0.02017810009419918,-0.021737152710556984,0,0.015904894098639488,0.9832829833030701,-0.18138930201530457,0,0.0250338576734066,0.18096372485160828,0.9831710457801819,0,0,0.03755800053477287,-0.0003699999942909926,1,0.9998900294303894,-0.0023706501815468073,-0.014648101292550564,0,0.0004143471014685929,0.9912309646606445,-0.13213728368282318,0,0.014832904562354088,0.13211670517921448,0.9911230802536011,0,0,0.04381899908185005,0,1,0.9998660087585449,-0.0022128019481897354,-0.016225947067141533,0,0.000052195369789842516,0.9912539124488831,-0.13196520507335663,0,0.016376059502363205,0.13194677233695984,0.9911220073699951,0,0,0.05007899925112724,0,1,0.9907110333442688,-0.13580180704593658,0.007011853624135256,0,0.13122721016407013,0.9683099985122681,0.21249693632125854,0,-0.03564714640378952,-0.20960308611392975,0.97713702917099,0,0,0.056338999420404434,0,1,0.9935459494590759,0.11070621013641357,0.02470889315009117,0,-0.10958679765462875,0.8806071281433105,0.4610019326210022,0,0.029276927933096886,-0.4607340395450592,0.8870549201965332,0,0,0.043237000703811646,-0.005698999855667353,1,-0.44250211119651794,0.05732842534780502,0.8949328660964966,0,-0.8925632238388062,0.06836157292127609,-0.44570961594581604,0,-0.08673088252544403,-0.9960119724273682,0.020919114351272583,0,-0.034699998795986176,0.04915300011634827,-0.00013899999612476677,1,-0.4183892607688904,-0.38039690256118774,-0.8247718811035156,0,-0.888676106929779,0.35903769731521606,0.28521302342414856,0,0.18763002753257751,0.8522850275039673,-0.48826709389686584,0,0,0.07315900176763535,0,1,-0.3379209339618683,-0.9410570859909058,-0.014892524108290672,0,0.9410719275474548,-0.33807530999183655,0.009418908506631851,0,-0.013898524455726147,-0.010832088068127632,0.9998449683189392,0,0,0.10476899892091751,0,1,-0.2256477028131485,-0.02053290419280529,-0.9739930629730225,0,0.9584739804267883,-0.18364495038986206,-0.21818089485168457,0,-0.1743888407945633,-0.982778012752533,0.06111924722790718,0,0.034699998795986176,0.04915099963545799,-0.0000019999999949504854,1,-0.3703937828540802,0.6786012649536133,0.6342779397964478,0,0.8912469744682312,0.4520201086997986,0.03684643656015396,0,-0.26170217990875244,0.5789456367492676,-0.7722262740135193,0,0,0.07315900176763535,0,1,-0.2964380979537964,0.9550510048866272,-0.001225409097969532,0,-0.9550521373748779,-0.2964390218257904,-0.0004472538421396166,0,-0.0007904090452939272,0.0010377460857853293,0.9999989867210388,0,0,0.10476399958133698,0,1,-0.9979640245437622,-0.003288124455139041,0.06368903070688248,0,-0.04555612802505493,-0.6621138453483582,-0.7480171918869019,0,0.04462897777557373,-0.7493958473205566,0.6606161594390869,0,-0.06590499728918076,-0.020872000604867935,-0.0017170000355690718,1,0.9875140190124512,-0.15750963985919952,0.0026874030008912086,0,0.014163373038172722,0.10576242208480835,0.994290828704834,0,-0.15689460933208466,-0.9818379878997803,0.1066727340221405,0,0,0.1387059986591339,0,1,-0.9921579360961914,0.07626675814390182,0.09902516007423401,0,-0.12350522726774216,-0.7199718356132507,-0.6829252243041992,0,0.01921083778142929,-0.6897998452186584,0.7237451672554016,0,0,0.10913900285959244,0,1,0.9989029765129089,0.04682614281773567,0,0,-0.0468018539249897,0.9983850121498108,0.03219614923000336,0,0.0015078111318871379,-0.03216084465384483,0.9994819164276123,0,0,0.007098999805748463,0,1,-0.9614239931106567,0.14519429206848145,-0.2336292862892151,0,0.05195031687617302,-0.738213300704956,-0.672563910484314,0,-0.27012068033218384,-0.6587561964988708,0.7021929621696472,0,0.06590499728918076,-0.020872000604867935,-0.0019890000112354755,1,0.9772220253944397,0.196248859167099,0.08076965063810349,0,-0.10697512328624725,0.1268199384212494,0.9861399531364441,0,0.183285653591156,-0.9723180532455444,0.14492498338222504,0,0,0.1387220025062561,0,1,-0.9987650513648987,0.04797215014696121,0.012950235977768898,0,-0.04531484842300415,-0.7724307775497437,-0.633480429649353,0,-0.02038624882698059,-0.6332846879959106,0.7736502289772034,0,0,0.10918500274419785,0,1,0.9998490810394287,-0.01738058403134346,0,0,0.017375415191054344,0.9995520114898682,0.024374842643737793,0,-0.0004238244437146932,-0.024371156468987465,0.9997029900550842,0,0,0.010506999678909779,0,1
K0.167,-0.9983900785446167,0.008524036034941673,0.056070007383823395,0,0.019876960664987564,0.9785240292549133,0.20517182350158691,0,-0.05311700701713562,0.20595620572566986,-0.9771190285682678,0,0.0016749993665143847,0.2391269952058792,-0.0006850004428997636,1,0.9995549917221069,-0.01996086724102497,-0.02217700332403183,0,0.015618138946592808,0.983333945274353,-0.18113400042057037,0,0.025422988459467888,0.18070700764656067,0.9832080006599426,0,0,0.03755800053477287,-0.0003699999942909926,1,0.9998849630355835,-0.002273343736305833,-0.015002612955868244,0,0.0002746581449173391,0.9912630319595337,-0.13190068304538727,0,0.015171380713582039,0.13188131153583527,0.9911490082740784,0,0,0.04381899908185005,0,1,0.9998599886894226,-0.002109084976837039,-0.01659388095140457,0,-0.00009508288349024951,0.9912870526313782,-0.13172194361686707,0,0.016727110370993614,0.13170506060123444,0.9911479353904724,0,0,0.05007899925112724,0,1,0.9906829595565796,-0.13602499663829803,0.0066843475215137005,0,0.1315159946680069,0.9682829976081848,0.21244117617607117,0,-0.03536965698003769,-0.20958277583122253,0.9771509766578674,0,0,0.056338999420404434,0,1,0.9935669302940369,0.11083939671516418,0.02322576753795147,0,-0.10897760093212128,0.8800080418586731,0.46228688955307007,0,0.030800743028521538,-0.4618440866470337,0.8864259719848633,0,0,0.043237000703811646,-0.005698999855667353,1,-0.4425015449523926,0.05732886865735054,0.8949329853057861,0,-0.8925633430480957,0.06836193054914474,-0.44570913910865784,0,-0.08673133701086044,-0.9960119724273682,0.02091948688030243,0,-0.034699998795986176,0.04915300011634827,-0.00013899999612476677,1,-0.4181680381298065,-0.3803306519985199,-0.8249152302742004,0,-0.8887451887130737,0.3590468168258667,0.2849847972393036,0,0.1877947449684143,0.8523110747337341,-0.48815903067588806,0,0,0.07315900176763535,0,1,-0.33696985244750977,-0.9413980841636658,-0.014883050695061684,0,0.9414129257202148,-0.33712413907051086,0.00942174717783928,0,-0.01388704963028431,-0.010836252011358738,0.9998449683189392,0,0,0.10476899892091751,0,1,-0.2246401309967041,-0.020567134022712708,-0.9742249846458435,0,0.9585098624229431,-0.18471136689186096,-0.21711701154708862,0,-0.17548507452011108,-0.9825780391693115,0.06120743975043297,0,0.034699998795986176,0.04915099963545799,-0.0000019999999949504854,1,-0.3693598210811615,0.6800107359886169,0.6333702206611633,0,0.8917419910430908,0.4511359632015228,0.03567648306488991,0,-0.26147571206092834,0.5779803991317749,-0.7730256915092468,0,0,0.07315900176763535,0,1,-0.2950188219547272,0.9554911255836487,-0.0012256982736289501,0,-0.9554909467697144,-0.29501935839653015,-0.00044803545461036265,0,-0.0007896983297541738,0.0010389643721282482,0.9999989867210388,0,0,0.10476399958133698,0,1,-0.99795001745224,-0.0032609403133392334,0.06391508132219315,0,-0.04573993757367134,-0.662173867225647,-0.7479530572891235,0,0.044761911034584045,-0.7493429183959961,0.6606670618057251,0,-0.06590499728918076,-0.020872000604867935,-0.0017170000355690718,1,0.987528920173645,-0.1574065089225769,0.003015077905729413,0,0.013840490020811558,0.10587701201438904,0.9942829608917236,0,-0.1568259447813034,-0.9818419218063354,0.1067352443933487,0,0,0.1387059986591339,0,1,-0.992156982421875,0.07655894011259079,0.0988115519285202,0,-0.12356206029653549,-0.7202348709106445,-0.6826381087303162,0,0.01890544965863228,-0.6894928216934204,0.7240450978279114,0,0,0.10913900285959244,0,1,0.9989029765129089,0.04682614281773567,0,0,-0.0468018539249897,0.9983850121498108,0.03219614923000336,0,0.0015078111318871379,-0.03216084465384483,0.9994819164276123,0,0,0.007098999805748463,0,1,-0.9614661335945129,0.14508399367332458,-0.23352587223052979,0,0.05199601128697395,-0.7381258010864258,-0.6726562976837158,0,-0.2699631452560425,-0.658878743648529,0.702139139175415,0,0.06590499728918076,-0.020872000604867935,-0.0019890000112354755,1,0.9771850109100342,0.19647502899169922,0.0806618481874466,0,-0.10697996616363525,0.12724103033542633,0.9860860705375671,0,0.18347784876823425,-0.9722180962562561,0.14535696804523468,0,0,0.1387220025062561,0,1,-0.9987730383872986,0.047961995005607605,0.012352000921964645,0,-0.044923003762960434,-0.7722930312156677,-0.6336759328842163,0,-0.020852992311120033,-0.6334531307220459,0.7734999060630798,0,0,0.10918500274419785,0,1,0.9998490810394287,-0.01738058403134346,0,0,0.017375415191054344,0.9995520114898682,0.024374842643737793,0,-0.0004238244437146932,-0.024371156468987465,0.9997029900550842,0,0,0.010506999678909779,0,1
K0.200,-0.9984061121940613,0.00839385949075222,0.05581989884376526,0,0.019676141440868378,0.9786120653152466,0.2047737091779709,0,-0.05290710926055908,0.2055453211069107,-0.9772160053253174,0,0.001715000020340085,0.23914100229740143,-0.0006549999234266579,1,0.9995579719543457,-0.019953742623329163,-0.02203979901969433,0,0.015635255724191666,0.9833289980888367,-0.18116088211536407,0,0.0252872034907341,0.18073612451553345,0.9832059144973755,0,0,0.03755800053477287,-0.0003699999942909926,1,0.9998869895935059,-0.0022307538893073797,-0.014891940169036388,0,0.00024724556715227664,0.9912649989128113,-0.131886824965477,0,0.015056058764457703,0.1318681687116623,0.9911530613899231,0,0,0.04381899908185005,0,1,0.999862015247345,-0.0020659465808421373,-0.016497813165187836,0,-0.00012494673137553036,0.9912890195846558,-0.1317071169614792,0,0.016626184806227684,0.1316908746957779,0.991150975227356,0,0,0.05007899925112724,0,1,0.9907609820365906,-0.13547509908676147,0.0062141516245901585,0,0.13109788298606873,0.9684670567512512,0.21185888350009918,0,-0.03471984714269638,-0.2090870887041092,0.9772809743881226,0,0,0.056338999420404434,0,1,0.9936089515686035,0.11095830053091049,0.020716197788715363,0,-0.10791368782520294,0.8799770474433899,0.46259695291519165,0,0.03309919312596321,-0.4618760347366333,0.8863269686698914,0,0,0.043237000703811646,-0.005698999855667353,1,-0.442502498626709,0.05732828751206398,0.89493328332901,0,-0.8925631642341614,0.06836134940385818,-0.4457096755504608,0,-0.08673062920570374,-0.9960120320320129,0.020919032394886017,0,-0.034699998795986176,0.04915300011634827,-0.00013899999612476677,1,-0.4195387363433838,-0.3777441084384918,-0.825407087802887,0,-0.887614905834198,0.36111539602279663,0.28589490056037903,0,0.19007191061973572,0.852587103843689,-0.48679283261299133,0,0,0.07315900176763535,0,1,-0.3333261013031006,-0.9426949620246887,-0.014846909791231155,0,0.9427099823951721,-0.33348000049591064,0.009434410370886326,0,-0.013844911009073257,-0.010851589031517506,0.999845027923584,0,0,0.10476899892091751,0,1,-0.2244773507118225,-0.02054804377257824,-0.9742628931999207,0,0.9584590196609497,-0.18519596755504608,-0.2169300615787506,0,-0.1759720742702484,-0.9824870228767395,0.061266735196113586,0,0.034699998795986176,0.04915099963545799,-0.0000019999999949504854,1,-0.3682270050048828,0.682344913482666,0.6315178871154785,0,0.8925099968910217,0.4497048854827881,0.03450819477438927,0,-0.2604500949382782,0.576342761516571,-0.7745929956436157,0,0,0.07315900176763535,0,1,-0.2878171503543854,0.9576849341392517,-0.0012218159390613437,0,-0.9576849937438965,-0.2878177762031555,-0.00044916218030266464,0,-0.0007818159065209329,0.0010408376110717654,0.9999989867210388,0,0,0.10476399958133698,0,1,-0.9979670643806458,-0.003287601750344038,0.06364994496107101,0,-0.04548760503530502,-0.6627780795097351,-0.7474331259727478,0,0.04464305192232132,-0.7488089203834534,0.6612811088562012,0,-0.06590499728918076,-0.020872000604867935,-0.0017170000355690718,1,0.987511932849884,-0.15751323103904724,0.003282775403931737,0,0.013623745180666447,0.10613416135311127,0.994257926940918,0,-0.1569572240114212,-0.9817970395088196,0.10695469379425049,0,0,0.1387059986591339,0,1,-0.9921409487724304,0.07667096704244614,0.09887899458408356,0,-0.1236870288848877,-0.7203219532966614,-0.6825229525566101,0,0.018895011395215988,-0.6893888711929321,0.7241440415382385,0,0,0.10913900285959244,0,1,0.9989029765129089,0.04682614281773567,0,0,-0.0468018539249897,0.9983850121498108,0.03219614923000336,0,0.0015078111318871379,-0.03216084465384483,0.9994819164276123,0,0,0.007098999805748463,0,1,-0.9615630507469177,0.14470279216766357,-0.23336300253868103,0,0.05202378332614899,-0.7384740114212036,-0.6722719669342041,0,-0.26961201429367065,-0.6585720181465149,0.70256108045578,0,0.06590499728918076,-0.020872000604867935,-0.0019890000112354755,1,0.9772019982337952,0.19628210365772247,0.08092794567346573,0,-0.10722887516021729,0.12729188799858093,0.9860519766807556,0,0.18324294686317444,-0.9722499847412109,0.14543703198432922,0,0,0.1387220025062561,0,1,-0.9987541437149048,0.04831285402178764,0.01250015664845705,0,-0.045288145542144775,-0.7722722887992859,-0.6336756944656372,0,-0.020961156114935875,-0.6334522366523743,0.7734978795051575,0,0,0.10918500274419785,0,1,0.9998490810394287,-0.017381083220243454,0,0,0.017375914379954338,0.9995520114898682,0.0243743434548378,0,-0.0004238261899445206,-0.02437065728008747,0.999703049659729,0,0,0.010506999678909779,0,1
