11.233,30,337,41
B0,mixamorig_Hips,-1,-0.9873769879341125,0.008627847768366337,-0.15815123915672302,0,0.0022261543199419975,0.9991730451583862,0.040610864758491516,0,0.1583707481622696,0.03974613919854164,-0.9865791201591492,0,0.0036869992036372423,0.6023839712142944,-0.0009719982626847923,1
B1,mixamorig_Spine,0,0.9994810819625854,-0.0113622872158885,-0.030145075172185898,0,0.012049715034663677,0.9996690154075623,0.022721286863088608,0,0.02987692691385746,-0.023072730749845505,0.9992870092391968,0,0,0.046278998255729675,0.009736999869346619,1
B2,mixamorig_Spine1,1,0.9979389309883118,-0.0283149816095829,-0.057588130235672,0,0.02299601584672928,0.9955840110778809,-0.09101393073797226,0,0.05991087108850479,0.08950203657150269,0.9941830039024353,0,0,0.05517499893903732,0,1
B3,mixamorig_Spine2,2,0.9979400038719177,-0.028265852481126785,-0.057585012167692184,0,0.03475714847445488,0.9927530288696289,0.11503928899765015,0,0.05391599237918854,-0.11680375039577484,0.9916900396347046,0,0,0.06305699795484543,0,1
B4,mixamorig_Neck,3,0.9925839304924011,0.10402198135852814,-0.06290322542190552,0,-0.11034401506185532,0.9880980849266052,-0.10717697441577911,0,0.0510057657957077,0.11332308501005173,0.992247998714447,0,0,0.07093899697065353,0,1
B5,mixamorig_Head,4,0.997967004776001,-0.06326398253440857,-0.007710045203566551,0,0.06275201588869095,0.996537983417511,-0.05454285815358162,0,0.0111339520663023,0.05394815281033516,0.9984820485115051,0,0,0.08098100125789642,-0.056846000254154205,1
B6,mixamorig_HeadTop_End,5,1,0,0,0,0,1,0,0,0,0,1,0,0,0.13240699470043182,-0.09294500201940536,1
B7,mixamorig_LeftShoulder,3,-0.1599310338497162,-0.0702025517821312,0.9846288561820984,0,-0.8326823711395264,-0.5261113047599792,-0.1727616935968399,0,0.5301527976989746,-0.8475130796432495,0.025685179978609085,0,-0.036713000386953354,0.05640200152993202,0.002870999975129962,1
B8,mixamorig_LeftArm,7,0.9492100477218628,-0.3112858235836029,-0.045836277306079865,0,0.27277523279190063,0.7415189743041992,0.6129788756370544,0,-0.1568232774734497,-0.5943491458892822,0.7887688875198364,0,0,0.0807500034570694,0,1
B9,mixamorig_LeftForeArm,8,0.9494420886039734,0.29650381207466125,0.10317819565534592,0,-0.303253173828125,0.9512009620666504,0.05705271661281586,0,-0.08122678101062775,-0.08545729517936707,0.993025004863739,0,0,0.1631859987974167,0,1
B10,mixamorig_LeftHand,9,0.9888110160827637,0.00044211503700353205,-0.14917534589767456,0,0.010319128632545471,0.9973970055580139,0.07135649770498276,0,0.14881864190101624,-0.07209748029708862,0.9862329363822937,0,0,0.12521199882030487,0,1
B11,mixamorig_LeftHandThumb1,10,0.7588278651237488,0.5528202056884766,-0.34433984756469727,0,-0.48225876688957214,0.832271158695221,0.2734070420265198,0,0.4377291202545166,-0.04140796884894371,0.8981530070304871,0,-0.030997000634670258,0.03368600085377693,0.015536000020802021,1
B12,mixamorig_LeftHandThumb2,11,0.9472530484199524,-0.29869669675827026,0.1161571815609932,0,0.27084729075431824,0.939859926700592,0.20809873938560486,0,-0.1713298261165619,-0.16566124558448792,0.9711859822273254,0,-0.002001000102609396,0.038621000945568085,0,1
B13,mixamorig_LeftHandThumb3,12,0.9999769926071167,0.002570431213825941,0.006330231670290232,0,-0.0027805883437395096,0.9994379878044128,0.033417098224163055,0,-0.006240770220756531,-0.03343389555811882,0.9994210004806519,0,-0.0005540000274777412,0.0409340001642704,0,1
B14,mixamorig_LeftHandThumb4,13,1,0,0,0,0,1,0,0,0,0,1,0,0.0025549998972564936,0.03424200043082237,0,1
B15,mixamorig_LeftHandIndex1,10,0.9939330220222473,0.10998117178678513,0.0008438968216069043,0,-0.10953983664512634,0.9891970157623291,0.09742282330989838,0,0.009879895485937595,-0.09692420065402985,0.9952429533004761,0,0,0.11284399777650833,0.0002690000110305846,1
B16,mixamorig_LeftHandIndex2,15,0.9998610019683838,-0.014719785191118717,0.007814904674887657,0,0.010845215991139412,0.9307378530502319,0.3655262887477875,0,-0.012654095888137817,-0.36539071798324585,0.9307680726051331,0,0.0013330000219866633,0.03080900013446808,0,1
B17,mixamorig_LeftHandIndex3,16,0.9864499568939209,-0.1605410873889923,-0.033795762807130814,0,0.16405890882015228,0.9646170139312744,0.20639406144618988,0,-0.000534760532900691,-0.20914199948310852,0.9778850078582764,0,0.0010809999657794833,0.027977000921964645,0,1
B18,mixamorig_LeftHandIndex4,17,1,0,0,0,0,1,0,0,0,0,1,0,-0.0024139999877661467,0.01971999928355217,0,1
B19,mixamorig_RightShoulder,3,-0.09166668355464935,0.0567718967795372,-0.9941699504852295,0,0.8602747321128845,-0.4983082115650177,-0.10777684301137924,0,-0.50152188539505,-0.8651389479637146,-0.003161065513268113,0,0.036713000386953354,0.056478001177310944,0.003229999914765358,1
B20,mixamorig_RightArm,19,0.9204989075660706,0.31952404975891113,0.2249121367931366,0,-0.3906939625740051,0.7433909773826599,0.5428880453109741,0,0.006268114782869816,-0.5875999331474304,0.8091270923614502,0,0,0.0807500034570694,0,1
B21,mixamorig_RightForeArm,20,0.8763899207115173,-0.47139912843704224,-0.09860388189554214,0,0.47922083735466003,0.8739160299301147,0.0813460499048233,0,0.04782508686184883,-0.11854395270347595,0.9917960166931152,0,0,0.163223996758461,0,1
B22,mixamorig_RightHand,21,0.9603310823440552,0.030692026019096375,0.27716782689094543,0,-0.017328986898064613,0.9985719323158264,-0.05053483694791794,0,-0.2783231735229492,0.04372715577483177,0.9594919681549072,0,0,0.1250379979610443,0,1
B23,mixamorig_RightHandThumb1,22,0.7890340089797974,-0.5181289911270142,0.33010295033454895,0,0.46526792645454407,0.854856014251709,0.22966602444648743,0,-0.401187002658844,-0.027627957984805107,0.915579080581665,0,0.03270399942994118,0.036956001073122025,0.01233300007879734,1
B24,mixamorig_RightHandThumb2,23,0.9497420787811279,0.2932168245315552,-0.10960506647825241,0,-0.26457417011260986,0.9390389323234558,0.21955905854701996,0,0.1673019528388977,-0.1795259416103363,0.9694229960441589,0,0.003783999942243099,0.04051699861884117,0,1
B25,mixamorig_RightHandThumb3,24,0.9821649789810181,-0.18679119646549225,-0.021481312811374664,0,0.18740983307361603,0.9817700386047363,0.03171996772289276,0,0.015164688229560852,-0.03518002852797508,0.9992660284042358,0,0.002005999907851219,0.03672900050878525,0,1
B26,mixamorig_RightHandThumb4,25,1,0,0,0,0,1,0,0,0,0,1,0,-0.005789999850094318,0.02582399919629097,0,1
B27,mixamorig_RightHandIndex1,22,0.99092698097229,-0.13221614062786102,-0.02412329614162445,0,0.13389085233211517,0.986739993095398,0.09174170345067978,0,0.01167370192706585,-0.09413932263851166,0.9954909682273865,0,0,0.0853549987077713,0.00020900000527035445,1
B28,mixamorig_RightHandIndex2,27,0.9999479651451111,0.007643077056854963,-0.006756478920578957,0,-0.004640922881662846,0.9306390285491943,0.36591020226478577,0,0.009084521792829037,-0.3658598065376282,0.9306260347366333,0,-0.002432999899610877,0.03920099884271622,0,1
B29,mixamorig_RightHandIndex3,28,0.9832130074501038,0.18020975589752197,0.02857733517885208,0,-0.18219520151615143,0.9612009525299072,0.20711921155452728,0,0.009856334887444973,-0.20884883403778076,0.9778980016708374,0,-0.0018149999668821692,0.0359329991042614,0,1
B30,mixamorig_RightHandIndex4,29,1,0,0,0,0,1,0,0,0,0,1,0,0.004248000215739012,0.030220000073313713,0,1
B31,mixamorig_LeftUpLeg,0,-0.9376078844070435,0.17724810540676117,0.2991238534450531,0,-0.2907198965549469,-0.8715478777885437,-0.39482322335243225,0,0.1907191276550293,-0.45715078711509705,0.8687000870704651,0,-0.062153998762369156,-0.02573299966752529,-0.00088900001719594,1
B32,mixamorig_LeftLeg,31,0.9978089928627014,0.03180283308029175,0.05801305174827576,0,-0.06205618008971214,0.75388503074646,0.6540688872337341,0,-0.02293393202126026,-0.6562359929084778,0.7542069554328918,0,0,0.27177301049232483,0,1
B33,mixamorig_LeftFoot,32,-0.9751307964324951,-0.12679317593574524,-0.18177615106105804,0,0.126640185713768,0.35432595014572144,-0.9265069961547852,0,0.1818828135728836,-0.9264859557151794,-0.32945704460144043,0,0,0.26535800099372864,0,1
B34,mixamorig_LeftToeBase,33,0.9980599880218506,-0.06208551675081253,0.004621788859367371,0,0.047791484743356705,0.811617910861969,0.5822299718856812,0,-0.039899203926324844,-0.5808799862861633,0.8130110502243042,0,0,0.1292569935321808,0,1
B35,mixamorig_LeftToe_End,34,1,0,0,0,0,1,0,0,0,0,1,0,0,0.047607000917196274,0,1
B36,mixamorig_RightUpLeg,0,-0.9690430164337158,-0.1402168571949005,-0.20321090519428253,0,0.19851113855838776,-0.9318820238113403,-0.30362677574157715,0,-0.1467950940132141,-0.33456721901893616,0.9308688640594482,0,0.062153998762369156,-0.02573299966752529,-0.0016980000073090196,1
B37,mixamorig_RightLeg,36,0.9974430203437805,-0.0008936514495871961,-0.07146581262350082,0,0.04843234643340111,0.7437819838523865,0.6666658520698547,0,0.05255918204784393,-0.6684219837188721,0.741922914981842,0,0,0.27178600430488586,0,1
B38,mixamorig_RightFoot,37,-0.9786099195480347,0.1496857851743698,0.1411278247833252,0,-0.10582281649112701,0.22202110290527344,-0.9692819714546204,0,-0.1764211654663086,-0.963483989238739,-0.20143190026283264,0,0,0.2654170095920563,0,1
B39,mixamorig_RightToeBase,38,0.998054027557373,0.06228707358241081,-0.003027365542948246,0,-0.04700193181633949,0.783263087272644,0.6199109554290771,0,0.040983639657497406,-0.6185620427131653,0.7846660017967224,0,0,0.12735900282859802,0,1
B40,mixamorig_RightToe_End,39,1,0,0,0,0,1,0,0,0,0,1,0,0,0.047756001353263855,0,1
@34,0,1,2,3,4,5,7,8,9,10,11,12,13,15,16,17,19,20,21,22,23,24,25,27,28,29,31,32,33,34,36,37,38,39
K0,0.977899432182312,0.017475202679634094,0.20834271609783173,0,-0.008612474426627159,0.9990220665931702,-0.04337073490023613,0,-0.20889690518379211,0.04061788320541382,0.9770937561988831,0,0.00020234020485077053,0.6118689775466919,0.0005922258133068681,1,0.9993570446968079,-0.013064781203866005,-0.033403124660253525,0,0.01448122225701809,0.9989910125732422,0.04252032935619354,0,0.03281387314200401,-0.04297666996717453,0.998537003993988,0,0,0.046278998255729675,0.009736999869346619,1,0.9973999261856079,-0.03337577357888222,-0.06387386471033096,0,0.03009822405874729,0.998214066028595,-0.05160484090447426,0,0.06548212468624115,0.04954816401004791,0.9966229796409607,0,0,0.05517499893903732,0,1,0.9973999261856079,-0.03340093791484833,-0.06386096030473709,0,0.04292406141757965,0.9871209263801575,0.15411125123500824,0,0.05789102613925934,-0.1564517319202423,0.9859880805015564,0,0,0.06305699795484543,0,1,0.9919349551200867,0.1154019683599472,-0.05242029204964638,0,-0.12149401754140854,0.9835379123687744,-0.13376404345035553,0,0.0361206978559494,0.13905394077301025,0.9896259307861328,0,0,0.07093899697065353,0,1,0.991411030292511,-0.12988807260990143,0.015289957635104656,0,0.1307719349861145,0.9861640334129333,-0.10188283026218414,0,-0.0018450419884175062,0.10300718247890472,0.9946789145469666,0,0,0.08098100125789642,-0.056846000254154205,1,0.08768258988857269,-0.02014164999127388,0.9959450364112854,0,-0.9119750261306763,-0.4038570523262024,0.07212243974208832,0,0.4007664918899536,-0.9146001935005188,-0.05377986654639244,0,-0.036713000386953354,0.05640200152993202,0.002870999975129962,1,0.9896639585494995,-0.1426931917667389,-0.014258171431720257,0,0.10767479985952377,0.6737390756607056,0.731082022190094,0,-0.09471417218446732,-0.7250609993934631,0.6821399331092834,0,0,0.0807500034570694,0,1,0.9640770554542542,0.2615068256855011,0.0465838722884655,0,-0.2638561725616455,0.963016927242279,0.0545719638466835,0,-0.030590124428272247,-0.06490303575992584,0.9974229335784912,0,0,0.1631859987974167,0,1,0.9823689460754395,-0.005658361129462719,-0.18686634302139282,0,0.02132563851773739,0.996408998966217,0.08193880319595337,0,0.1857316792011261,-0.0844791904091835,0.9789620041847229,0,0,0.12521199882030487,0,1,0.7573850154876709,0.5556069612503052,-0.3430280089378357,0,-0.4853920042514801,0.8304550051689148,0.27338290214538574,0,0.4367630183696747,-0.040553100407123566,0.8986619114875793,0,-0.030997000634670258,0.03368600085377693,0.015536000020802021,1,0.9486709833145142,-0.2934638261795044,0.11790595948696136,0,0.2657671868801117,0.9418168663978577,0.20578715205192566,0,-0.17143699526786804,-0.1638888418674469,0.9714679718017578,0,-0.002001000102609396,0.038621000945568085,0,1,0.9996410012245178,0.025367969647049904,0.008590099401772022,0,-0.025595029816031456,0.9992960095405579,0.027442000806331635,0,-0.007887900806963444,-0.027651997283101082,0.9995859861373901,0,-0.0005540000274777412,0.0409340001642704,0,1,0.9938410520553589,0.11080798506736755,-0.0013529137941077352,0,-0.11037702858448029,0.990913987159729,0.07684880495071411,0,0.009856085292994976,-0.07622618228197098,0.9970419406890869,0,0,0.11284399777650833,0.0002690000110305846,1,0.9999110698699951,-0.012081682682037354,0.005669875536113977,0,0.009824317879974842,0.9538828730583191,0.30001816153526306,0,-0.009033124893903732,-0.29993587732315063,0.9539171457290649,0,0.0013330000219866633,0.03080900013446808,0,1,0.9866520762443542,-0.16082166135311127,-0.025564508512616158,0,0.16281834244728088,0.9768948554992676,0.13844119012355804,0,0.002709493041038513,-0.1407557874917984,0.9900410175323486,0,0.0010809999657794833,0.027977000921964645,0,1,0.09723393619060516,0.01969379186630249,-0.9950670003890991,0,0.9117671251296997,-0.40261581540107727,0.08112583309412003,0,-0.3990318179130554,-0.9151570200920105,-0.057103995233774185,0,0.036713000386953354,0.056478001177310944,0.003229999914765358,1,0.9827849268913269,0.11616521328687668,0.14366504549980164,0,-0.1823127567768097,0.7357553839683533,0.6522467136383057,0,-0.029933949932456017,-0.6672102212905884,0.7442677021026611,0,0,0.0807500034570694,0,1,0.9526589512825012,-0.29952526092529297,-0.05220942571759224,0,0.30246174335479736,0.9511141777038574,0.062443915754556656,0,0.030953580513596535,-0.07527907937765121,0.9966819882392883,0,0,0.163223996758461,0,1,0.9686770439147949,0.022451002150774002,0.24730661511421204,0,-0.01164699625223875,0.9989159107208252,-0.04506343603134155,0,-0.24805036187171936,0.04077155888080597,0.9678888916969299,0,0,0.1250379979610443,0,1,0.7876711487770081,-0.5209705829620361,0.32888221740722656,0,0.46845439076423645,0.8531566858291626,0.2295093983411789,0,-0.40015581250190735,-0.02671162411570549,0.9160581231117249,0,0.03270399942994118,0.036956001073122025,0.01233300007879734,1,0.9511029124259949,0.2880471646785736,-0.11149833351373672,0,-0.25952181220054626,0.940993070602417,0.21720904111862183,0,0.16748565435409546,-0.17765195667743683,0.9697360396385193,0,0.003783999942243099,0.04051699861884117,0,1,0.9776359796524048,-0.20901800692081451,-0.02321099303662777,0,0.20957297086715698,0.97747802734375,0.024798082187771797,0,0.01750500500202179,-0.029107917100191116,0.9994229674339294,0,0.002005999907851219,0.03672900050878525,0,1,0.9909579753875732,-0.13219638168811798,-0.022954488173127174,0,0.1335146278142929,0.9884930849075317,0.07110510021448135,0,0.013290513306856155,-0.07352691143751144,0.9972050189971924,0,0,0.0853549987077713,0.00020900000527035445,1,0.9999669194221497,0.00761575298383832,-0.002891237149015069,0,-0.006395246833562851,0.9537750482559204,0.3004527688026428,0,0.005045762285590172,-0.3004242479801178,0.9537918567657471,0,-0.002432999899610877,0.03920099884271622,0,1,0.982900083065033,0.18309393525123596,0.019622979685664177,0,-0.18403105437755585,0.9730069637298584,0.13924698531627655,0,0.006401979364454746,-0.1404770165681839,0.9900630116462708,0,-0.0018149999668821692,0.0359329991042614,0,1,-0.9366219639778137,0.1939319372177124,0.29176902770996094,0,-0.2899360954761505,-0.8965719938278198,-0.33480802178382874,0,0.19666197896003723,-0.3981829881668091,0.8959770798683167,0,-0.062153998762369156,-0.02573299966752529,-0.00088900001719594,1,0.9968479871749878,0.015075021423399448,0.07789472490549088,0,-0.056932974606752396,0.8197007179260254,0.5699554085731506,0,-0.05525827407836914,-0.572593629360199,0.8179752230644226,0,0,0.27177301049232483,0,1,-0.966987133026123,-0.14271093904972076,-0.21111783385276794,0,0.13859491050243378,0.4006938338279724,-0.9056690335273743,0,0.21384219825267792,-0.9050288796424866,-0.36768627166748047,0,0,0.26535800099372864,0,1,0.9981549978256226,-0.06045385077595711,0.005711777601391077,0,0.045988161116838455,0.8140179514884949,0.5790160894393921,0,-0.0396532267332077,-0.5776849389076233,0.8152960538864136,0,0,0.1292569935321808,0,1,-0.9738619923591614,-0.12744222581386566,-0.1880171298980713,0,0.17554979026317596,-0.9475721120834351,-0.2670000493526459,0,-0.14413288235664368,-0.29302793741226196,0.9451780319213867,0,0.062153998762369156,-0.02573299966752529,-0.0016980000073090196,1,0.9968310594558716,-0.015530678443610668,-0.07801993936300278,0,0.058360323309898376,0.809249997138977,0.5845580697059631,0,0.05405905842781067,-0.5872589349746704,0.80759197473526,0,0,0.27178600430488586,0,1,-0.9862929582595825,0.11260004341602325,0.12060977518558502,0,-0.08603104203939438,0.2728077173233032,-0.9582139849662781,0,-0.14079821109771729,-0.9554558992385864,-0.2593812048435211,0,0,0.2654170095920563,0,1,0.9980539679527283,0.062286242842674255,-0.0030282114166766405,0,-0.04700075462460518,0.783263087272644,0.6199109554290771,0,0.04098379239439964,-0.6185620427131653,0.7846660017967224,0,0,0.12735900282859802,0,1
K0.033,0.978053092956543,0.017221257090568542,0.20764322578907013,0,-0.008501032367348671,0.9990469217300415,-0.04281565919518471,0,-0.20818273723125458,0.04011082276701927,0.9772676825523376,0,0.0004891101270914078,0.6112579703330994,0.0008015491184778512,1,0.9993590116500854,-0.012942609377205372,-0.033374298363924026,0,0.014205384068191051,0.9991809725761414,0.037881530821323395,0,0.03285669907927513,-0.03833136707544327,0.9987249970436096,0,0,0.046278998255729675,0.009736999869346619,1,0.9974279999732971,-0.03326115012168884,-0.06348514556884766,0,0.029581831768155098,0.9978759288787842,-0.058041200041770935,0,0.06528086215257645,0.05601394921541214,0.9962940216064453,0,0,0.05517499893903732,0,1,0.9974310398101807,-0.03319988027215004,-0.06348095089197159,0,0.042298104614019394,0.9881080389022827,0.1478298157453537,0,0.05781805142760277,-0.15013504028320312,0.986972987651825,0,0,0.06305699795484543,0,1,0.9920009970664978,0.11609726399183273,-0.04955492541193962,0,-0.12139474600553513,0.9850320816040039,-0.12237292528152466,0,0.03460601717233658,0.12740972638130188,0.9912460446357727,0,0,0.07093899697065353,0,1,0.9910709857940674,-0.13215398788452148,0.017737045884132385,0,0.13329802453517914,0.9852579236030579,-0.10723523795604706,0,-0.0033039951231330633,0.10864190012216568,0.9940750598907471,0,0,0.08098100125789642,-0.056846000254154205,1,0.0865287184715271,-0.020394235849380493,0.996040940284729,0,-0.9113829135894775,-0.4054110050201416,0.07087330520153046,0,0.40236037969589233,-0.9139067530632019,-0.05366657301783562,0,-0.036713000386953354,0.05640200152993202,0.002870999975129962,1,0.9902050495147705,-0.139225035905838,-0.01055050641298294,0,0.10300785303115845,0.6774246692657471,0.7283442616462708,0,-0.09425655752420425,-0.7222967147827148,0.6851304173469543,0,0,0.0807500034570694,0,1,0.963456928730011,0.26330503821372986,0.04920800030231476,0,-0.2658020555973053,0.9625189304351807,0.053909193724393845,0,-0.03316907957196236,-0.06501880288124084,0.9973329901695251,0,0,0.1631859987974167,0,1,0.9837570190429688,0.000793087703641504,-0.1795048862695694,0,0.014972970820963383,0.9961430430412292,0.08645888417959213,0,0.1788809597492218,-0.08774217963218689,0.979949951171875,0,0,0.12521199882030487,0,1,0.7573846578598022,0.5556073784828186,-0.34302905201911926,0,-0.48539257049560547,0.8304554224014282,0.2733828127384186,0,0.4367639422416687,-0.040552202612161636,0.8986620306968689,0,-0.030997000634670258,0.03368600085377693,0.015536000020802021,1,0.9486340284347534,-0.2936031222343445,0.11785978078842163,0,0.2658989131450653,0.9417620301246643,0.2058677226305008,0,-0.17143921554088593,-0.16395428776741028,0.9714559316635132,0,-0.002001000102609396,0.038621000945568085,0,1,0.99965500831604,0.024825992062687874,0.008534137159585953,0,-0.025052974000573158,0.999305009841919,0.027605867013335228,0,-0.007842861115932465,-0.027810141444206238,0.9995819926261902,0,-0.0005540000274777412,0.0409340001642704,0,1,0.9938410520553589,0.11080798506736755,-0.0013528860872611403,0,-0.11037702113389969,0.990913987159729,0.0768493041396141,0,0.009856114163994789,-0.07622668892145157,0.9970420598983765,0,0,0.11284399777650833,0.0002690000110305846,1,0.9999110698699951,-0.012081680819392204,0.005669882521033287,0,0.009824320673942566,0.9538829326629639,0.30001717805862427,0,-0.009033117443323135,-0.29993486404418945,0.9539170265197754,0,0.0013330000219866633,0.03080900013446808,0,1,0.9866520762443542,-0.16082164645195007,-0.025564545765519142,0,0.16281834244728088,0.9768949151039124,0.13844168186187744,0,0.0027094553224742413,-0.1407562643289566,0.9900409579277039,0,0.0010809999657794833,0.027977000921964645,0,1,0.09720855951309204,0.019706152379512787,-0.9950689673423767,0,0.9112841486930847,-0.40372803807258606,0.0810282975435257,0,-0.40014031529426575,-0.9146668910980225,-0.057203780859708786,0,0.036713000386953354,0.056478001177310944,0.003229999914765358,1,0.9839521050453186,0.11105170845985413,0.13966487348079681,0,-0.17577716708183289,0.7378350496292114,0.6516919136047363,0,-0.03067811019718647,-0.6657828688621521,0.7455140352249146,0,0,0.0807500034570694,0,1,0.951125979423523,-0.3041350841522217,-0.053501956164836884,0,0.3071960210800171,0.9495239853858948,0.06352205574512482,0,0.03148207440972328,-0.07685299217700958,0.9965450167655945,0,0,0.163223996758461,0,1,0.9682210087776184,0.029818901792168617,0.24830999970436096,0,-0.018858151510357857,0.9987449645996094,-0.046404171735048294,0,-0.24938204884529114,0.04024681821465492,0.9675679802894592,0,0,0.1250379979610443,0,1,0.7876707911491394,-0.5209711194038391,0.3288823068141937,0,0.4684548079967499,0.8531560897827148,0.22950895130634308,0,-0.4001556634902954,-0.026711028069257736,0.9160581231117249,0,0.03270399942994118,0.036956001073122025,0.01233300007879734,1,0.9510670304298401,0.28818485140800476,-0.11144766956567764,0,-0.25965315103530884,0.9409380555152893,0.21729065477848053,0,0.1674853265285492,-0.1777203381061554,0.9697238802909851,0,0.003783999942243099,0.04051699861884117,0,1,0.9777498841285706,-0.20848925411701202,-0.023180702701210976,0,0.20904673635959625,0.977587103843689,0.02497898042201996,0,0.01745329424738884,-0.0292690247297287,0.9994189739227295,0,0.002005999907851219,0.03672900050878525,0,1,0.990958034992218,-0.1321958601474762,-0.022955037653446198,0,0.1335141509771347,0.9884929656982422,0.07110606133937836,0,0.013290965929627419,-0.07352794706821442,0.9972050786018372,0,0,0.0853549987077713,0.00020900000527035445,1,0.9999669194221497,0.00761575298383832,-0.002891237149015069,0,-0.006395246833562851,0.9537750482559204,0.3004527688026428,0,0.005045762285590172,-0.3004242479801178,0.9537918567657471,0,-0.002432999899610877,0.03920099884271622,0,1,0.9828989505767822,0.183094322681427,0.019623009487986565,0,-0.1840316504240036,0.9730071425437927,0.13924700021743774,0,0.006402008701115847,-0.1404770165681839,0.9900630116462708,0,-0.0018149999668821692,0.0359329991042614,0,1,-0.9364640116691589,0.19451792538166046,0.29188624024391174,0,-0.2911650836467743,-0.8951130509376526,-0.3376319110393524,0,0.19559571146965027,-0.40116721391677856,0.8948779106140137,0,-0.062153998762369156,-0.02573299966752529,-0.00088900001719594,1,0.9969229698181152,0.015542513690888882,0.07683699578046799,0,-0.057059481739997864,0.8159751892089844,0.5752646327018738,0,-0.053755983710289,-0.5778784155845642,0.8143507242202759,0,0,0.27177301049232483,0,1,-0.9668669700622559,-0.1437244713306427,-0.21097709238529205,0,0.13862545788288116,0.3983812928199768,-0.9066838622093201,0,0.21436190605163574,-0.9058891534805298,-0.36525774002075195,0,0,0.26535800099372864,0,1,0.998162031173706,-0.06037188321352005,0.005319572053849697,0,0.04613012820482254,0.8137468695640564,0.5793861746788025,0,-0.03930741548538208,-0.5780758261680603,0.8150360584259033,0,0,0.1292569935321808,0,1,-0.9739071130752563,-0.12708191573619843,-0.18803194165229797,0,0.17570310831069946,-0.9466139674186707,-0.2702784538269043,0,-0.14364607632160187,-0.296263724565506,0.9442420601844788,0,0.062153998762369156,-0.02573299966752529,-0.0016980000073090196,1,0.9968240261077881,-0.014204125851392746,-0.07835697382688522,0,0.05792286992073059,0.8045737743377686,0.5910213589668274,0,0.05464901775121689,-0.5936828851699829,0.8028411269187927,0,0,0.27178600430488586,0,1,-0.9862659573554993,0.11331252753734589,0.1201651394367218,0,-0.08598452806472778,0.26892518997192383,-0.9593148827552795,0,-0.1410178542137146,-0.9564720988273621,-0.25548872351646423,0,0,0.2654170095920563,0,1,0.998054027557373,0.06228707358241081,-0.003027365542948246,0,-0.04700193181633949,0.783263087272644,0.6199109554290771,0,0.040983639657497406,-0.6185620427131653,0.7846660017967224,0,0,0.12735900282859802,0,1
K0.067,0.9782431125640869,0.016803989186882973,0.2067798674106598,0,-0.008242002688348293,0.9990749955177307,-0.0421983003616333,0,-0.20729759335517883,0.03957591578364372,0.9774763584136963,0,0.0007866928353905678,0.6104540228843689,0.0011708735255524516,1,0.9993640184402466,-0.012628691270947456,-0.033340051770210266,0,0.01371531467884779,0.9993749856948853,0.03256726637482643,0,0.03290794417262077,-0.03300383687019348,0.9989129900932312,0,0,0.046278998255729675,0.009736999869346619,1,0.9974650144577026,-0.03289816901087761,-0.06309688836336136,0,0.028744840994477272,0.9974290132522583,-0.0656389445066452,0,0.06509412080049515,0.06365889310836792,0.9958469867706299,0,0,0.05517499893903732,0,1,0.9974669814109802,-0.03283875435590744,-0.06309600919485092,0,0.041448261588811874,0.9892280101776123,0.14039330184459686,0,0.05780598148703575,-0.14265285432338715,0.988083004951477,0,0,0.06305699795484543,0,1,0.9921349883079529,0.11655288934707642,-0.045636191964149475,0,-0.12083909660577774,0.9869509339332581,-0.10642232745885849,0,0.0326368622481823,0.1110999807715416,0.9932730197906494,0,0,0.07093899697065353,0,1,0.9908040761947632,-0.13376155495643616,0.02039295621216297,0,0.13522042334079742,0.984254002571106,-0.1138431578874588,0,-0.004844003356993198,0.11555368453264236,0.9932889938354492,0,0,0.08098100125789642,-0.056846000254154205,1,0.08450818806886673,-0.020756350830197334,0.9962069392204285,0,-0.9100939631462097,-0.4086691439151764,0.06868848204612732,0,0.405693382024765,-0.9124468564987183,-0.053426168859004974,0,-0.036713000386953354,0.05640200152993202,0.002870999975129962,1,0.990993857383728,-0.13383126258850098,-0.0045075807720422745,0,0.09554785490036011,0.6831270456314087,0.7240220308303833,0,-0.09381752461194992,-0.7179320454597473,0.6897619962692261,0,0,0.0807500034570694,0,1,0.9619219899177551,0.2680668830871582,0.05334954336285591,0,-0.2708140015602112,0.9611479640007019,0.05342116951942444,0,-0.03695637360215187,-0.06583482772111893,0.9971460700035095,0,0,0.1631859987974167,0,1,0.9850830435752869,0.006561052519828081,-0.1719558984041214,0,0.009174165315926075,0.9958490133285522,0.09055306762456894,0,0.1718362718820572,-0.0907798632979393,0.9809340238571167,0,0,0.12521199882030487,0,1,0.757469117641449,0.555446207523346,-0.34310460090637207,0,-0.4852038025856018,0.830560028553009,0.2733991742134094,0,0.43682733178138733,-0.040615759789943695,0.8986278176307678,0,-0.030997000634670258,0.03368600085377693,0.015536000020802021,1,0.9485240578651428,-0.29401376843452454,0.11772120743989944,0,0.26628822088241577,0.9416008591651917,0.20610411465168,0,-0.17144376039505005,-0.16414685547351837,0.9714230298995972,0,-0.002001000102609396,0.038621000945568085,0,1,0.9996959567070007,0.02321099303662777,0.00836311187595129,0,-0.02343704365193844,0.9993320107460022,0.028031257912516594,0,-0.007706890814006329,-0.028218738734722137,0.9995719790458679,0,-0.0005540000274777412,0.0409340001642704,0,1,0.9938410520553589,0.11080798506736755,-0.0013528860872611403,0,-0.11037702113389969,0.990913987159729,0.0768493041396141,0,0.009856114163994789,-0.07622668892145157,0.9970420598983765,0,0,0.11284399777650833,0.0002690000110305846,1,0.9999109506607056,-0.012081104330718517,0.005669451784342527,0,0.009823895059525967,0.9538829326629639,0.3000181317329407,0,-0.009032548405230045,-0.29993587732315063,0.9539171457290649,0,0.0013330000219866633,0.03080900013446808,0,1,0.9866520166397095,-0.16082212328910828,-0.025565041229128838,0,0.16281889379024506,0.9768949747085571,0.13844116032123566,0,0.0027099596336483955,-0.1407558172941208,0.9900410175323486,0,0.0010809999657794833,0.027977000921964645,0,1,0.09699048846960068,0.01986798271536827,-0.9950871467590332,0,0.910119891166687,-0.4064321219921112,0.08059395104646683,0,-0.4028339087963104,-0.9134650230407715,-0.057502295821905136,0,0.036713000386953354,0.056478001177310944,0.003229999914765358,1,0.985044002532959,0.10552804172039032,0.13620592653751373,0,-0.16918906569480896,0.7419971227645874,0.6487028002738953,0,-0.03260805457830429,-0.6620451807975769,0.7487537860870361,0,0,0.0807500034570694,0,1,0.9487559795379639,-0.31109490990638733,-0.05551403388381004,0,0.3143559992313385,0.9470610022544861,0.06523173302412033,0,0.032281938940286636,-0.07934021949768066,0.9963250160217285,0,0,0.163223996758461,0,1,0.9676589965820312,0.03256392106413841,0.2501499652862549,0,-0.021615026518702507,0.9986889958381653,-0.04639319330453873,0,-0.25133299827575684,0.03948581963777542,0.9670950770378113,0,0,0.1250379979610443,0,1,0.7877500653266907,-0.5208058953285217,0.3289540410041809,0,0.46826308965682983,0.8532547950744629,0.22953321039676666,0,-0.400223970413208,-0.026777783408761024,0.9160259962081909,0,0.03270399942994118,0.036956001073122025,0.01233300007879734,1,0.9509620070457458,0.28858914971351624,-0.11129768192768097,0,-0.2600388526916504,0.9407760500907898,0.2175309807062149,0,0.16748331487178802,-0.17792202532291412,0.9696869254112244,0,0.003783999942243099,0.04051699861884117,0,1,0.9780880212783813,-0.20691001415252686,-0.023077938705682755,0,0.2074729949235916,0.9779099822044373,0.025455869734287262,0,0.01730106584727764,-0.02968612313270569,0.9994100332260132,0,0.002005999907851219,0.03672900050878525,0,1,0.9909579753875732,-0.1321963667869568,-0.02295498736202717,0,0.1335146576166153,0.9884930849075317,0.07110506296157837,0,0.013291013427078724,-0.07352694123983383,0.9972050189971924,0,0,0.0853549987077713,0.00020900000527035445,1,0.9999669194221497,0.00761517696082592,-0.002890811301767826,0,-0.006394823081791401,0.9537749290466309,0.30045321583747864,0,0.005045188125222921,-0.3004247844219208,0.9537920355796814,0,-0.002432999899610877,0.03920099884271622,0,1,0.982900083065033,0.18309393525123596,0.01962302438914776,0,-0.18403105437755585,0.9730069041252136,0.13924747705459595,0,0.006402024533599615,-0.1404775232076645,0.9900630712509155,0,-0.0018149999668821692,0.0359329991042614,0,1,-0.9364158511161804,0.19487929344177246,0.2917991280555725,0,-0.29236268997192383,-0.8931700587272644,-0.34171703457832336,0,0.19403287768363953,-0.40530088543891907,0.893355131149292,0,-0.062153998762369156,-0.02573299966752529,-0.00088900001719594,1,0.9970030188560486,0.015552039258182049,0.07578200101852417,0,-0.05690496787428856,0.8110440969467163,0.5822098851203918,0,-0.05240802839398384,-0.5847778916358948,0.8094990253448486,0,0,0.27177301049232483,0,1,-0.966736912727356,-0.1451088935136795,-0.21062293648719788,0,0.13846193253993988,0.395467072725296,-0.9079830050468445,0,0.2150510847568512,-0.906944990158081,-0.3622208833694458,0,0,0.26535800099372864,0,1,0.9981460571289062,-0.06068190932273865,0.00462334742769599,0,0.046761076897382736,0.8133469820022583,0.5798970460891724,0,-0.038949668407440186,-0.5786060094833374,0.8146770596504211,0,0,0.1292569935321808,0,1,-0.9737359881401062,-0.1269223392009735,-0.18901868164539337,0,0.1765366494655609,-0.9451630711555481,-0.274775892496109,0,-0.14377829432487488,-0.3009279668331146,0.9427459239959717,0,0.062153998762369156,-0.02573299966752529,-0.0016980000073090196,1,0.9968720078468323,-0.013572171330451965,-0.07785611599683762,0,0.057682834565639496,0.7983701825141907,0.5993977785110474,0,0.0540228933095932,-0.6020140051841736,0.79665607213974,0,0,0.27178600430488586,0,1,-0.9862359762191772,0.11378239095211029,0.11996862292289734,0,-0.08639438450336456,0.2640239894390106,-0.9606389403343201,0,-0.1409783512353897,-0.9577810168266296,-0.2505597472190857,0,0,0.2654170095920563,0,1,0.998054027557373,0.06228707358241081,-0.003027365542948246,0,-0.04700193181633949,0.783263087272644,0.6199109554290771,0,0.040983639657497406,-0.6185620427131653,0.7846660017967224,0,0,0.12735900282859802,0,1
