2.467,30,74,41
B0,mixamorig_Hips,-1,0.9258036017417908,0.2674228847026825,-0.26715579628944397,0,-0.20021365582942963,0.9463862180709839,0.25351056456565857,0,0.3206271529197693,-0.18121276795864105,0.9297096133232117,0,0.022874612361192703,0.6164655685424805,0.1797742396593094,1
B1,mixamorig_Spine,0,0.9997872710227966,-0.01771903969347477,0.010537819936871529,0,0.01718287356197834,0.9986523985862732,0.048961084336042404,0,-0.011391167528927326,-0.048769623041152954,0.9987449049949646,0,0,0.046278998255729675,0.009736999869346619,1
B2,mixamorig_Spine1,1,0.9965975880622864,-0.07742522656917572,0.028262924402952194,0,0.07846711575984955,0.9961990118026733,-0.03783063963055611,0,-0.025226440280675888,0.03991961106657982,0.998884379863739,0,0,0.05517499893903732,0,1
B3,mixamorig_Spine2,2,0.9965974688529968,-0.07741448283195496,0.028293361887335777,0,0.07160058617591858,0.9831735491752625,0.16805753111839294,0,-0.04082736745476723,-0.16545987129211426,0.9853710532188416,0,0,0.06305699795484543,0,1
B4,mixamorig_Neck,3,0.9675322771072388,0.041095491498708725,0.24938519299030304,0,-0.12466113269329071,0.9359188675880432,0.3294166028499603,0,-0.2198667675256729,-0.34980979561805725,0.9106546640396118,0,0,0.07093899697065353,0,1
B5,mixamorig_Head,4,0.982747495174408,0.07431329786777496,0.1693650335073471,0,-0.02707810327410698,0.9636715054512024,-0.2657140791416168,0,-0.18295836448669434,0.2565437853336334,0.9490581750869751,0,0,0.08098100125789642,-0.056846000254154205,1
B6,mixamorig_HeadTop_End,5,1,0,0,0,0,1,0,0,0,0,1,0,0,0.13240699470043182,-0.09294500201940536,1
B7,mixamorig_LeftShoulder,3,-0.35028180480003357,0.0026900614611804485,0.9366405010223389,0,-0.8738465309143066,-0.36093148589134216,-0.32576170563697815,0,0.33718666434288025,-0.9325881600379944,0.1287783980369568,0,-0.036713000386953354,0.05640200152993202,0.002870999975129962,1
B8,mixamorig_LeftArm,7,0.002442731289193034,0.983326256275177,0.18183313310146332,0,-0.963509738445282,-0.04635576158761978,0.2636287212371826,0,0.26766204833984375,-0.17584197223186493,0.9473312497138977,0,0,0.0807500034570694,0,1
B9,mixamorig_LeftForeArm,8,0.6064429879188538,0.7891732454299927,0.09712103754281998,0,-0.7838038206100464,0.572790265083313,0.23992271721363068,0,0.13371065258979797,-0.22162336111068726,0.9659219980239868,0,0,0.1631859987974167,0,1
B10,mixamorig_LeftHand,9,0.8665434718132019,0.13480421900749207,-0.48055192828178406,0,-0.12611649930477142,0.9907290935516357,0.05050243064761162,0,0.48290470242500305,0.016842974349856377,0.8755108118057251,0,0,0.12521199882030487,0,1
B11,mixamorig_LeftHandThumb1,10,0.8178820013999939,0.5730734467506409,0.051534656435251236,0,-0.5477666258811951,0.7480769753456116,0.3746098577976227,0,0.17612701654434204,-0.334615558385849,0.9257489442825317,0,-0.030997000634670258,0.03368600085377693,0.015536000020802021,1
B12,mixamorig_LeftHandThumb2,11,0.9862992763519287,-0.048616036772727966,0.15763889253139496,0,0.044776711612939835,0.9986096620559692,0.02781805396080017,0,-0.15877215564250946,-0.02037837915122509,0.9871050715446472,0,-0.002001000102609396,0.038621000945568085,0,1
B13,mixamorig_LeftHandThumb3,12,0.9991851449012756,-0.027085386216640472,-0.02992713265120983,0,0.026135921478271484,0.9991565942764282,-0.03167419508099556,0,0.030759787186980247,0.03086620196700096,0.999049961566925,0,-0.0005540000274777412,0.0409340001642704,0,1
B14,mixamorig_LeftHandThumb4,13,1,0,0,0,0,1,0,0,0,0,1,0,0.0025549998972564936,0.03424200043082237,0,1
B15,mixamorig_LeftHandIndex1,10,0.9806707501411438,0.18981130421161652,-0.047501090914011,0,-0.19489815831184387,0.9690757989883423,-0.15135148167610168,0,0.017303941771388054,0.15768387913703918,0.9873383641242981,0,0,0.11284399777650833,0.0002690000110305846,1
B16,mixamorig_LeftHandIndex2,15,0.9999721050262451,-0.007439431268721819,0.0006074849516153336,0,0.0072579095140099525,0.9881121516227722,0.1535603106021881,0,-0.0017426654230803251,-0.15355168282985687,0.9881389737129211,0,0.0013330000219866633,0.03080900013446808,0,1
B17,mixamorig_LeftHandIndex3,16,0.9872768521308899,-0.1584782898426056,-0.013003610074520111,0,0.15872043371200562,0.9871134161949158,0.02037692815065384,0,0.009606732986867428,-0.02218160219490528,0.9997076392173767,0,0.0010809999657794833,0.027977000921964645,0,1
B18,mixamorig_LeftHandIndex4,17,1,0,0,0,0,1,0,0,0,0,1,0,-0.0024139999877661467,0.01971999928355217,0,1
B19,mixamorig_RightShoulder,3,0.023336563259363174,-0.1923307478427887,-0.9810523986816406,0,0.9982671737670898,0.05750751122832298,0.012471968308091164,0,0.05401913449168205,-0.9796435832977295,0.1933395266532898,0,0.036713000386953354,0.056478001177310944,0.003229999914765358,1
B20,mixamorig_RightArm,19,-0.3085905909538269,-0.6040113568305969,-0.7348073720932007,0,0.9506588578224182,-0.16990497708320618,-0.25957804918289185,0,0.03194065019488335,-0.7786545753479004,0.6266399621963501,0,0,0.0807500034570694,0,1
B21,mixamorig_RightForeArm,20,0.25569793581962585,-0.9450754523277283,0.2035951167345047,0,0.8790459632873535,0.31493502855300903,0.35790225863456726,0,-0.40236377716064453,0.08745456486940384,0.9112927317619324,0,0,0.163223996758461,0,1
B22,mixamorig_RightHand,21,0.953679084777832,-0.08124521374702454,0.28964751958847046,0,0.04433874785900116,0.9902858138084412,0.13178446888923645,0,-0.2975408732891083,-0.1128375455737114,0.9480177164077759,0,0,0.1250379979610443,0,1
B23,mixamorig_RightHandThumb1,22,0.1778915524482727,-0.6158039569854736,0.7675539255142212,0,0.3733375072479248,0.763914942741394,0.5263581275939941,0,-0.9104799628257751,0.19292216002941132,0.3657969832420349,0,0.03270399942994118,0.036956001073122025,0.01233300007879734,1
B24,mixamorig_RightHandThumb2,23,0.9731659293174744,0.15044663846492767,-0.17410947382450104,0,-0.12881183624267578,0.9831680059432983,0.12956809997558594,0,0.19067196547985077,-0.10366389900445938,0.9761649370193481,0,0.003783999942243099,0.04051699861884117,0,1
B25,mixamorig_RightHandThumb3,24,0.9510219693183899,0.30904150009155273,-0.007084949873387814,0,-0.29999303817749023,0.9282209873199463,0.220021054148674,0,0.07457204163074493,-0.20711946487426758,0.9754689931869507,0,0.002005999907851219,0.03672900050878525,0,1
B26,mixamorig_RightHandThumb4,25,1,0,0,0,0,1,0,0,0,0,1,0,-0.005789999850094318,0.02582399919629097,0,1
B27,mixamorig_RightHandIndex1,22,0.9860860705375671,-0.1576639711856842,0.05269375815987587,0,0.09247604757547379,0.7836710214614868,0.6142539381980896,0,-0.1381402313709259,-0.6008341312408447,0.7873469591140747,0,0,0.0853549987077713,0.00020900000527035445,1
B28,mixamorig_RightHandIndex2,27,0.9999979734420776,0.0020052457693964243,-0.0002749066916294396,0,-0.0004597542283590883,0.3573184609413147,0.9339824914932251,0,0.0019710934720933437,-0.933980405330658,0.35731860995292664,0,-0.002432999899610877,0.03920099884271622,0,1
B29,mixamorig_RightHandIndex3,28,0.9857550263404846,0.08438500761985779,0.14548590779304504,0,-0.16803698241710663,0.4575776755809784,0.8731471300125122,0,0.007109425961971283,-0.8851558566093445,0.46523913741111755,0,-0.0018149999668821692,0.0359329991042614,0,1
B30,mixamorig_RightHandIndex4,29,1,0,0,0,0,1,0,0,0,0,1,0,0.004248000215739012,0.030220000073313713,0,1
B31,mixamorig_LeftUpLeg,0,-0.5371489524841309,0.14481715857982635,0.8309626579284668,0,-0.4018498659133911,-0.9101009964942932,-0.10115376859903336,0,0.7416115999221802,-0.38825708627700806,0.5470549464225769,0,-0.062153998762369156,-0.02573299966752529,-0.00088900001719594,1
B32,mixamorig_LeftLeg,31,0.9959833025932312,0.04149920493364334,-0.0793461799621582,0,0.024245763197541237,0.7280325293540955,0.6851136088371277,0,0.08619821816682816,-0.684285044670105,0.7241016030311584,0,0,0.27177301049232483,0,1
B33,mixamorig_LeftFoot,32,-0.9640641808509827,0.11520570516586304,-0.23939143121242523,0,0.24600909650325775,0.046927932649850845,-0.9681306481361389,0,-0.10029999911785126,-0.9922323226928711,-0.073583222925663,0,0,0.26535800099372864,0,1
B34,mixamorig_LeftToeBase,33,0.997158944606781,-0.04023240506649017,-0.06367651373147964,0,0.061709169298410416,0.9211153388023376,0.3843672573566437,0,0.0431893952190876,-0.387204647064209,0.9209811091423035,0,0,0.1292569935321808,0,1
B35,mixamorig_LeftToe_End,34,1,0,0,0,0,1,0,0,0,0,1,0,0,0.047607000917196274,0,1
B36,mixamorig_RightUpLeg,0,-0.8625633716583252,-0.4922617971897125,-0.11688808351755142,0,0.4366456866264343,-0.607566773891449,-0.6634780764579773,0,0.25558754801750183,-0.6233304142951965,0.7390085458755493,0,0.062153998762369156,-0.02573299966752529,-0.0016980000073090196,1
B37,mixamorig_RightLeg,36,0.9425309300422668,0.2916876971721649,-0.16295230388641357,0,0.15008333325386047,0.06612444669008255,0.9864599108695984,0,0.29851317405700684,-0.9542248845100403,0.018546869978308678,0,0,0.27178600430488586,0,1
B38,mixamorig_RightFoot,37,-0.9980968832969666,0.021547285839915276,0.05778221786022186,0,-0.05013157054781914,0.2621864676475525,-0.9637147188186646,0,-0.03591512143611908,-0.9647765755653381,-0.2606070935726166,0,0,0.2654170095920563,0,1
B39,mixamorig_RightToeBase,38,0.9985014200210571,0.05395864322781563,-0.009108033031225204,0,-0.046065554022789,0.9186660647392273,0.3923403024673462,0,0.029537396505475044,-0.39133286476135254,0.9197751879692078,0,0,0.12735900282859802,0,1
B40,mixamorig_RightToe_End,39,1,0,0,0,0,1,0,0,0,0,1,0,0,0.047756001353263855,0,1
@34,0,1,2,3,4,5,7,8,9,10,11,12,13,15,16,17,19,20,21,22,23,24,25,27,28,29,31,32,33,34,36,37,38,39
K0,0.6341651082038879,-0.04341820627450943,0.7719770073890686,0,0.12924809753894806,0.990327000617981,-0.05047614872455597,0,-0.76231849193573,0.13178686797618866,0.6336429119110107,0,-0.0019039313774555922,0.5224440097808838,0.0008348789997398853,1,0.9979320168495178,0.028851263225078583,-0.05744406580924988,0,-0.0278877355158329,0.9994580149650574,0.01750509813427925,0,0.05791793391108513,-0.015866901725530624,0.9981949925422668,0,0,0.046278998255729675,0.009736999869346619,1,0.9925029873847961,0.04119880124926567,-0.11507124453783035,0,-0.0527941919863224,0.9936249852180481,-0.09960988909006119,0,0.11023376137018204,0.10493811219930649,0.988349974155426,0,0,0.05517499893903732,0,1,0.9925030469894409,0.041153907775878906,-0.11508715152740479,0,-0.0289910938590765,0.9940040111541748,0.10542795807123184,0,0.11873585730791092,-0.10130105167627335,0.9877449870109558,0,0,0.06305699795484543,0,1,0.9866660237312317,-0.035419780761003494,-0.1588592827320099,0,-0.004571779631078243,0.9696170091629028,-0.24458402395248413,0,0.1626957356929779,0.2420489639043808,0.9565260410308838,0,0,0.07093899697065353,0,1,0.9176599979400635,0.08967912942171097,-0.38711586594581604,0,-0.05649888142943382,0.9937490820884705,0.09628070890903473,0,0.3933301270008087,-0.06648129969835281,0.9169899225234985,0,0,0.08098100125789642,-0.056846000254154205,1,-0.19147774577140808,-0.03396426886320114,0.9809090495109558,0,-0.8797051310539246,-0.4372648596763611,-0.1868627518415451,0,0.43526384234428406,-0.8986910581588745,0.05384799838066101,0,-0.036713000386953354,0.05640200152993202,0.002870999975129962,1,0.9845130443572998,-0.06780803203582764,0.16166914999485016,0,-0.007802033796906471,0.9043108820915222,0.42680221796035767,0,-0.17513985931873322,-0.4214538633823395,0.8897771239280701,0,0,0.0807500034570694,0,1,0.8500220775604248,0.36781373620033264,0.3770611584186554,0,-0.46075934171676636,0.8660968542098999,0.19384990632534027,0,-0.2552708387374878,-0.3385111093521118,0.9056750535964966,0,0,0.1631859987974167,0,1,0.9803599715232849,0.05339585989713669,-0.18985018134117126,0,-0.07452314347028732,0.9915760159492493,-0.10594378411769867,0,0.18259380757808685,0.11801119893789291,0.9760800004005432,0,0,0.12521199882030487,0,1,0.6832327842712402,0.5847162008285522,-0.43737900257110596,0,-0.3995186984539032,0.8007171750068665,0.4463590085506439,0,0.6112099885940552,-0.1302259862422943,0.7806809544563293,0,-0.030997000634670258,0.03368600085377693,0.015536000020802021,1,0.9798359274864197,-0.09975995123386383,0.1731162965297699,0,0.07863503694534302,0.9890509247779846,0.1248769760131836,0,-0.18367871642112732,-0.10874603688716888,0.9769531488418579,0,-0.002001000102609396,0.038621000945568085,0,1,0.9968929886817932,-0.07871326059103012,-0.003042778931558132,0,0.07876074314117432,0.9953529834747314,0.055396225303411484,0,-0.0013317789416760206,-0.055463772267103195,0.998460054397583,0,-0.0005540000274777412,0.0409340001642704,0,1,0.9897739291191101,0.14187897741794586,0.014768920838832855,0,-0.14205199480056763,0.9897930026054382,0.011411868035793304,0,-0.012999077327549458,-0.013393131084740162,0.9998260736465454,0,0,0.11284399777650833,0.0002690000110305846,1,0.9999839663505554,-0.005299944430589676,-0.002042899141088128,0,0.005447054747492075,0.9967469573020935,0.08040706813335419,0,0.0016101007349789143,-0.08041692525148392,0.9967600107192993,0,0.0013330000219866633,0.03080900013446808,0,1,0.986909031867981,-0.1590837836265564,-0.026495259255170822,0,0.16118822991847992,0.9783679246902466,0.12966987490653992,0,0.0052937413565814495,-0.13224314153194427,0.9912030100822449,0,0.0010809999657794833,0.027977000921964645,0,1,-0.32133084535598755,0.09459797292947769,-0.9422301054000854,0,0.8460009694099426,-0.41837838292121887,-0.33051785826683044,0,-0.42547494173049927,-0.9033331274986267,0.05440778285264969,0,0.036713000386953354,0.056478001177310944,0.003229999914765358,1,0.7539030313491821,0.6465149521827698,-0.11682651191949844,0,-0.5211489796638489,0.6967739462852478,0.49285900592803955,0,0.40004247426986694,-0.310683935880661,0.8622307777404785,0,0,0.0807500034570694,0,1,0.7060030102729797,-0.631456196308136,-0.32066088914871216,0,0.7055149674415588,0.6665491461753845,0.24074995517730713,0,0.061713144183158875,-0.3962010443210602,0.9160869717597961,0,0,0.163223996758461,0,1,0.798521101474762,-0.5796928405761719,0.16223417222499847,0,0.533591091632843,0.8063827753067017,0.25500544905662537,0,-0.27864784002304077,-0.11706056445837021,0.9532331824302673,0,0,0.1250379979610443,0,1,0.17789053916931152,-0.6158038973808289,0.7675542235374451,0,0.37333813309669495,0.7639148831367493,0.5263581871986389,0,-0.9104798436164856,0.1929231733083725,0.36579641699790955,0,0.03270399942994118,0.036956001073122025,0.01233300007879734,1,0.9731661081314087,0.15044690668582916,-0.1741097867488861,0,-0.12881211936473846,0.9831680655479431,0.12956765294075012,0,0.19067217409610748,-0.1036633551120758,0.9761648774147034,0,0.003783999942243099,0.04051699861884117,0,1,0.9510219097137451,0.30904120206832886,-0.007085021119564772,0,-0.29999276995658875,0.9282211065292358,0.22002080082893372,0,0.07457197457551956,-0.2071191817522049,0.9754689335823059,0,0.002005999907851219,0.03672900050878525,0,1,0.9860860705375671,-0.1576639711856842,0.05269375815987587,0,0.09247604757547379,0.7836710214614868,0.6142539381980896,0,-0.1381402313709259,-0.6008341312408447,0.7873469591140747,0,0,0.0853549987077713,0.00020900000527035445,1,0.9999979734420776,0.0020049018785357475,-0.00027440572739578784,0,-0.00046009806101210415,0.35731789469718933,0.9339831471443176,0,0.00197059428319335,-0.9339810013771057,0.35731804370880127,0,-0.002432999899610877,0.03920099884271622,0,1,0.9857550263404846,0.08438616991043091,0.14548622071743011,0,-0.16803781688213348,0.45757806301116943,0.8731469511985779,0,0.007110222242772579,-0.8851560354232788,0.46523985266685486,0,-0.0018149999668821692,0.0359329991042614,0,1,-0.6252661943435669,-0.02263006940484047,0.7800828814506531,0,-0.6487560272216797,-0.5405178070068359,-0.5356830954551697,0,0.43377116322517395,-0.8410278558731079,0.3232860565185547,0,-0.062153998762369156,-0.02573299966752529,-0.00088900001719594,1,0.929365873336792,0.2897522449493408,-0.22874103486537933,0,0.04212823882699013,0.5323333144187927,0.8454858064651489,0,0.3667479157447815,-0.7954021692276001,0.48252570629119873,0,0,0.27177301049232483,0,1,-0.9846660494804382,-0.08244387805461884,-0.15373802185058594,0,0.09435087442398071,0.4895744025707245,-0.866841733455658,0,0.14673203229904175,-0.8680551052093506,-0.4742887318134308,0,0,0.26535800099372864,0,1,0.9936539530754089,-0.08035508543252945,-0.0787011906504631,0,0.11069291830062866,0.8227301836013794,0.5575507879257202,0,0.019947804510593414,-0.562724232673645,0.826403796672821,0,0,0.1292569935321808,0,1,-0.8896370530128479,-0.36832910776138306,-0.2699607014656067,0,0.45650991797447205,-0.7017609477043152,-0.5469282269477844,0,0.012001699768006802,-0.6098078489303589,0.7924591898918152,0,0.062153998762369156,-0.02573299966752529,-0.0016980000073090196,1,0.995203971862793,-0.04178199917078018,0.08845072984695435,0,-0.06429500132799149,0.40207475423812866,0.9133461713790894,0,-0.07372526079416275,-0.914652943611145,0.3974601626396179,0,0,0.27178600430488586,0,1,-0.9314247369766235,0.3609943389892578,-0.04614945873618126,0,0.04922968149185181,-0.0006640100036747754,-0.9987869262695312,0,-0.36058738827705383,-0.9325677156448364,-0.017153028398752213,0,0,0.2654170095920563,0,1,0.9980189204216003,0.056893348693847656,0.026866741478443146,0,-0.06240465119481087,0.8406562209129333,0.5379617214202881,0,0.008020741865038872,-0.5385722517967224,0.8425408005714417,0,0,0.12735900282859802,0,1
K0.033,0.6291415095329285,-0.03986380621790886,0.776268482208252,0,0.11513014137744904,0.992447018623352,-0.04234414920210838,0,-0.7687172293663025,0.11601235717535019,0.6289790272712708,0,-0.005109925754368305,0.5207919478416443,-0.00014071712212171406,1,0.9978960156440735,0.025924302637577057,-0.05942097678780556,0,-0.02516857162117958,0.9995929598808289,0.01343183871358633,0,0.05974504351615906,-0.011908045038580894,0.9981430172920227,0,0,0.046278998255729675,0.009736999869346619,1,0.9921640753746033,0.04129922389984131,-0.11792296916246414,0,-0.05411466583609581,0.9927170276641846,-0.1076311394572258,0,0.11261903494596481,0.1131690964102745,0.9871729612350464,0,0,0.05517499893903732,0,1,0.9921630024909973,0.041252754628658295,-0.11794006079435349,0,-0.029792137444019318,0.9948059320449829,0.09733612090349197,0,0.12134290486574173,-0.09305963665246964,0.9882389903068542,0,0,0.06305699795484543,0,1,0.9854030609130859,-0.03702595829963684,-0.16616065800189972,0,-0.005247647874057293,0.9689899682998657,-0.24704301357269287,0,0.1701551228761673,0.24430903792381287,0.954651951789856,0,0,0.07093899697065353,0,1,0.9179050326347351,0.09140875190496445,-0.3861289918422699,0,-0.056613318622112274,0.9933179616928101,0.1005682423710823,0,0.39274153113365173,-0.070452019572258,0.9169461727142334,0,0,0.08098100125789642,-0.056846000254154205,1,-0.15080203115940094,-0.03191021457314491,0.9880490303039551,0,-0.8860330581665039,-0.43888917565345764,-0.14940619468688965,0,0.4384113848209381,-0.8979743123054504,0.03791189193725586,0,-0.036713000386953354,0.05640200152993202,0.002870999975129962,1,0.9850159883499146,-0.05901161953806877,0.1620550900697708,0,-0.00827696267515421,0.9223820567131042,0.38619083166122437,0,-0.1722664088010788,-0.3817453980445862,0.9080723524093628,0,0,0.0807500034570694,0,1,0.8254026174545288,0.42366886138916016,0.37311476469039917,0,-0.5187183022499084,0.8299887776374817,0.20506028831005096,0,-0.22280354797840118,-0.3627989590167999,0.9048401713371277,0,0,0.1631859987974167,0,1,0.9573158621788025,0.07848434895277023,-0.27818435430526733,0,-0.12317235767841339,0.9814408421516418,-0.1469784528017044,0,0.26148590445518494,0.1749693900346756,0.9492157101631165,0,0,0.12521199882030487,0,1,0.7336580157279968,0.573316752910614,-0.3647651970386505,0,-0.41557034850120544,0.8032680153846741,0.42668670415878296,0,0.5376309156417847,-0.16145657002925873,0.8275775909423828,0,-0.030997000634670258,0.03368600085377693,0.015536000020802021,1,0.9811541438102722,-0.09049767255783081,0.17072173953056335,0,0.07270105183124542,0.9915140271186829,0.10777050256729126,0,-0.17902611196041107,-0.09332788735628128,0.9794080257415771,0,-0.002001000102609396,0.038621000945568085,0,1,0.9975720047950745,-0.0692487582564354,-0.007384123280644417,0,0.06948989629745483,0.9967800378799438,0.04000471904873848,0,0.004590069409459829,-0.04042070731520653,0.9991719722747803,0,-0.0005540000274777412,0.0409340001642704,0,1,0.9893860220909119,0.14470429718494415,-0.013292230665683746,0,-0.14484179019927979,0.989404022693634,-0.010038578882813454,0,0.011698751710355282,0.01185729168355465,0.999860942363739,0,0,0.11284399777650833,0.0002690000110305846,1,0.9999789595603943,-0.006500859744846821,-0.0005081641138531268,0,0.006514180451631546,0.9924618601799011,0.12237786501646042,0,-0.0002912280906457454,-0.12237867712974548,0.992483913898468,0,0.0013330000219866633,0.03080900013446808,0,1,0.9868770837783813,-0.15908880531787872,-0.027652237564325333,0,0.1614001989364624,0.977031946182251,0.13913200795650482,0,0.004882776644080877,-0.14176933467388153,0.9898878931999207,0,0.0010809999657794833,0.027977000921964645,0,1,-0.2800666093826294,0.08357682079076767,-0.9563350677490234,0,0.8519888520240784,-0.43740642070770264,-0.28773459792137146,0,-0.4423551559448242,-0.8953718543052673,0.05129651352763176,0,0.036713000386953354,0.056478001177310944,0.003229999914765358,1,0.7897734045982361,0.6065583229064941,-0.09135325998067856,0,-0.5214880704879761,0.7423613667488098,0.42065322399139404,0,0.3229679763317108,-0.28458118438720703,0.9026105999946594,0,0,0.0807500034570694,0,1,0.7078912258148193,-0.6446718573570251,-0.2885986566543579,0,0.7062798738479614,0.6505410075187683,0.2792247235774994,0,0.007736930623650551,-0.40149176120758057,0.915830135345459,0,0,0.163223996758461,0,1,0.8298072814941406,-0.5329475998878479,0.16548894345760345,0,0.5093467831611633,0.8444792628288269,0.16559137403964996,0,-0.22800350189208984,-0.05311766639351845,0.9722101092338562,0,0,0.1250379979610443,0,1,0.1778915971517563,-0.615804135799408,0.767553985118866,0,0.3733378052711487,0.7639150023460388,0.5263582468032837,0,-0.9104799628257751,0.19292227923870087,0.36579716205596924,0,0.03270399942994118,0.036956001073122025,0.01233300007879734,1,0.9731659889221191,0.1504458785057068,-0.17410928010940552,0,-0.12881110608577728,0.9831680059432983,0.12956801056861877,0,0.19067172706127167,-0.10366399586200714,0.9761651158332825,0,0.003783999942243099,0.04051699861884117,0,1,0.9510219097137451,0.30904123187065125,-0.007084934040904045,0,-0.29999279975891113,0.9282209873199463,0.2200212925672531,0,0.07457205653190613,-0.20711971819400787,0.9754690527915955,0,0.002005999907851219,0.03672900050878525,0,1,0.9860860705375671,-0.1576639711856842,0.05269378051161766,0,0.09247604012489319,0.7836708426475525,0.6142532229423523,0,-0.1381402164697647,-0.6008337736129761,0.7873471975326538,0,0,0.0853549987077713,0.00020900000527035445,1,0.9999979734420776,0.0020052455365657806,-0.00027490584761835635,0,-0.0004597545485012233,0.35731831192970276,0.9339829683303833,0,0.0019710944034159184,-0.9339811205863953,0.35731858015060425,0,-0.002432999899610877,0.03920099884271622,0,1,0.9857549667358398,0.0843859538435936,0.14548544585704803,0,-0.1680370420217514,0.45757773518562317,0.8731471300125122,0,0.007110449019819498,-0.8851557970046997,0.4652393162250519,0,-0.0018149999668821692,0.0359329991042614,0,1,-0.6939670443534851,-0.002244348172098398,0.7200028300285339,0,-0.6143147349357605,-0.5197232365608215,-0.5937207937240601,0,0.37553489208221436,-0.8543313145637512,0.35929232835769653,0,-0.062153998762369156,-0.02573299966752529,-0.00088900001719594,1,0.9618832468986511,0.21495701372623444,-0.16903585195541382,0,0.06279896944761276,0.42798271775245667,0.9016026258468628,0,0.26615023612976074,-0.8778518438339233,0.3981703519821167,0,0,0.27177301049232483,0,1,-0.9793668985366821,0.011597184464335442,-0.20175683498382568,0,0.19005624949932098,0.392217755317688,-0.9000248908996582,0,0.0686948150396347,-0.9197990894317627,-0.38632896542549133,0,0,0.26535800099372864,0,1,0.997687041759491,-0.060423389077186584,-0.031134063377976418,0,0.06773078441619873,0.8450941443443298,0.5303089022636414,0,-0.005731848068535328,-0.5311912894248962,0.8472324013710022,0,0,0.1292569935321808,0,1,-0.8875571489334106,-0.37434184551239014,-0.2685331702232361,0,0.4604862928390503,-0.7032138705253601,-0.541703999042511,0,0.01394624076783657,-0.6044487357139587,0.7965212464332581,0,0.062153998762369156,-0.02573299966752529,-0.0016980000073090196,1,0.994575023651123,-0.05002329498529434,0.09120407700538635,0,-0.06379718333482742,0.39918482303619385,0.9146480560302734,0,-0.08216101676225662,-0.9155049920082092,0.39382803440093994,0,0,0.27178600430488586,0,1,-0.9317068457603455,0.35991019010543823,-0.048853661864995956,0,0.05349990725517273,0.0029529514722526073,-0.9985629320144653,0,-0.3592488467693329,-0.9329819679260254,-0.022006327286362648,0,0,0.2654170095920563,0,1,0.9980189204216003,0.05689305067062378,0.026867758482694626,0,-0.062404945492744446,0.8406559228897095,0.5379620790481567,0,0.008019760251045227,-0.5385729670524597,0.8425409197807312,0,0,0.12735900282859802,0,1
K0.067,0.6365896463394165,-0.03030715510249138,0.7706066966056824,0,0.0941682904958725,0.9948049783706665,-0.038666754961013794,0,-0.7654312252998352,0.09718155860900879,0.6361362934112549,0,-0.013091176748275757,0.517594039440155,-0.0024685654789209366,1,0.9979779720306396,0.019640028476715088,-0.06045624241232872,0,-0.019221097230911255,0.9997869729995728,0.0075031607411801815,0,0.06059073284268379,-0.00632595457136631,0.9981430172920227,0,0,0.046278998255729675,0.009736999869346619,1,0.9924360513687134,0.03521411120891571,-0.11760703474283218,0,-0.049341000616550446,0.9916129112243652,-0.11945729702711105,0,0.11241398006677628,0.1243564710021019,0.9858490824699402,0,0,0.05517499893903732,0,1,0.9924359917640686,0.03516804799437523,-0.11762024462223053,0,-0.025163060054183006,0.9960209727287292,0.08549027144908905,0,0.12015876919031143,-0.08188394457101822,0.9893720746040344,0,0,0.06305699795484543,0,1,0.9870810508728027,-0.05108480900526047,-0.1518619805574417,0,0.011322890408337116,0.9676820635795593,-0.2519211173057556,0,0.15982326865196228,0.246946781873703,0.9557579755783081,0,0,0.07093899697065353,0,1,0.926833987236023,0.09767979383468628,-0.3625420033931732,0,-0.06009311601519585,0.9917110204696655,0.1135697141289711,0,0.37063050270080566,-0.08347403258085251,0.9250218272209167,0,0,0.08098100125789642,-0.056846000254154205,1,-0.12421401590108871,-0.027618655934929848,0.9918709397315979,0,-0.8920736312866211,-0.43459537625312805,-0.1238175630569458,0,0.43448224663734436,-0.9002017974853516,0.029345063492655754,0,-0.036713000386953354,0.05640200152993202,0.002870999975129962,1,0.9896249771118164,-0.03342221677303314,0.13973098993301392,0,-0.01708187349140644,0.9382957816123962,0.34541061520576477,0,-0.14265352487564087,-0.34421417117118835,0.9279909133911133,0,0,0.0807500034570694,0,1,0.8016113042831421,0.4826042056083679,0.35286426544189453,0,-0.5717536807060242,0.7913151383399963,0.21660511195659637,0,-0.1746923178434372,-0.3753846287727356,0.9102579951286316,0,0,0.1631859987974167,0,1,0.9326733946800232,0.10019970685243607,-0.3465259373188019,0,-0.17067459225654602,0.9688930511474609,-0.17920979857444763,0,0.31778979301452637,0.2262873500585556,0.9207621812820435,0,0,0.12521199882030487,0,1,0.8066893219947815,0.5499164462089539,-0.21643441915512085,0,-0.4450775980949402,0.8062640428543091,0.3896723687648773,0,0.38879063725471497,-0.21801446378231049,0.8951603174209595,0,-0.030997000634670258,0.03368600085377693,0.015536000020802021,1,0.9834039807319641,-0.07350784540176392,0.16586995124816895,0,0.0615934319794178,0.9952129125595093,0.07587110251188278,0,-0.17065320909023285,-0.06439550220966339,0.9832248687744141,0,-0.002001000102609396,0.038621000945568085,0,1,0.9985190033912659,-0.05201217159628868,-0.01593855582177639,0,0.05219617113471031,0.9985719919204712,0.011354218237102032,0,0.015325254760682583,-0.012169347144663334,0.9998089671134949,0,-0.0005540000274777412,0.0409340001642704,0,1,0.9870190024375916,0.14657919108867645,-0.06563258171081543,0,-0.14995676279067993,0.9874340891838074,-0.0498666949570179,0,0.057498443871736526,0.0590614452958107,0.9965970516204834,0,0,0.11284399777650833,0.0002690000110305846,1,0.9999579191207886,-0.008902065455913544,0.0022110354620963335,0,0.008280892856419086,0.9798041582107544,0.19978703558444977,0,-0.003944900818169117,-0.19976040720939636,0.9798370599746704,0,0.0013330000219866633,0.03080900013446808,0,1,0.9868180155754089,-0.15906716883182526,-0.029803955927491188,0,0.1617828607559204,0.974306046962738,0.15669572353363037,0,0.0041130296885967255,-0.1594519168138504,0.9871969819068909,0,0.0010809999657794833,0.027977000921964645,0,1,-0.24245817959308624,0.07172991335391998,-0.9675069451332092,0,0.8541568517684937,-0.45710083842277527,-0.24794155359268188,0,-0.4600330591201782,-0.8865179419517517,0.049559351056814194,0,0.036713000386953354,0.056478001177310944,0.003229999914765358,1,0.8240258097648621,0.5599403381347656,-0.08630487322807312,0,-0.5086342692375183,0.798249363899231,0.32262706756591797,0,0.2495449036359787,-0.2219555526971817,0.9425835609436035,0,0,0.0807500034570694,0,1,0.7279667258262634,-0.6303763389587402,-0.2696109712123871,0,0.6853721737861633,0.6586670875549316,0.31052151322364807,0,-0.01816152222454548,-0.41083309054374695,0.9115299582481384,0,0,0.163223996758461,0,1,0.8539936542510986,-0.4974296987056732,0.1525048017501831,0,0.48640990257263184,0.8673610091209412,0.10530932247638702,0,-0.18466077744960785,-0.015753652900457382,0.9826758503913879,0,0,0.1250379979610443,0,1,0.17789225280284882,-0.6158037185668945,0.7675552368164062,0,0.37333744764328003,0.7639156579971313,0.5263572335243225,0,-0.9104799628257751,0.1929221749305725,0.36579716205596924,0,0.03270399942994118,0.036956001073122025,0.01233300007879734,1,0.9731659293174744,0.15044541656970978,-0.1741098016500473,0,-0.1288105845451355,0.9831680655479431,0.12956799566745758,0,0.19067218899726868,-0.10366401076316833,0.9761649966239929,0,0.003783999942243099,0.04051699861884117,0,1,0.9510219097137451,0.30904120206832886,-0.007085021119564772,0,-0.29999276995658875,0.9282211065292358,0.22002080082893372,0,0.07457197457551956,-0.2071191817522049,0.9754689335823059,0,0.002005999907851219,0.03672900050878525,0,1,0.9860860109329224,-0.15766295790672302,0.05269403010606766,0,0.0924750491976738,0.7836709022521973,0.6142541766166687,0,-0.1381399780511856,-0.6008349061012268,0.7873471975326538,0,0,0.0853549987077713,0.00020900000527035445,1,0.9999979734420776,0.0020047458820044994,-0.00027524985489435494,0,-0.00045925393351353705,0.35731789469718933,0.9339831471443176,0,0.001970750279724598,-0.9339810013771057,0.35731804370880127,0,-0.002432999899610877,0.03920099884271622,0,1,0.9857550859451294,0.08438566327095032,0.14548596739768982,0,-0.1680373251438141,0.45757758617401123,0.8731471300125122,0,0.0071099731139838696,-0.8851558566093445,0.46523916721343994,0,-0.0018149999668821692,0.0359329991042614,0,1,-0.7978552579879761,0.024437449872493744,0.6023529767990112,0,-0.5369770526885986,-0.48296236991882324,-0.691666841506958,0,0.2740112841129303,-0.8752998113632202,0.3984564244747162,0,-0.062153998762369156,-0.02573299966752529,-0.00088900001719594,1,0.9876519441604614,0.11969692260026932,-0.10107693076133728,0,0.06136900559067726,0.2980269491672516,0.9525827169418335,0,0.14414489269256592,-0.9470233917236328,0.28700128197669983,0,0,0.27177301049232483,0,1,-0.9539834260940552,0.1399303674697876,-0.2652093470096588,0,0.2981213927268982,0.3474735915660858,-0.8890362977981567,0,-0.03224991261959076,-0.9271900057792664,-0.3732001781463623,0,0,0.26535800099372864,0,1,0.9803184270858765,-0.11834975332021713,0.1580168902873993,0,0.02565513364970684,0.8699768781661987,0.49242421984672546,0,-0.19574938714504242,-0.47867876291275024,0.8558909296989441,0,0,0.1292569935321808,0,1,-0.8844510316848755,-0.38417908549308777,-0.2648650109767914,0,0.46633079648017883,-0.7072499394416809,-0.5313503742218018,0,0.016807932406663895,-0.5934678316116333,0.8046820759773254,0,0.062153998762369156,-0.02573299966752529,-0.0016980000073090196,1,0.9940590858459473,-0.0579485148191452,0.09213708341121674,0,-0.06157961115241051,0.3985842764377594,0.915061891078949,0,-0.08975084871053696,-0.9152991771697998,0.39264777302742004,0,0,0.27178600430488586,0,1,-0.9268941283226013,0.37282800674438477,-0.043210890144109726,0,0.051297903060913086,0.011792866513133049,-0.9986140131950378,0,-0.3718017339706421,-0.9278261065483093,-0.030056102201342583,0,0,0.2654170095920563,0,1,0.9980189204216003,0.056893181055784225,0.026867270469665527,0,-0.062404815107584,0.840656042098999,0.5379628539085388,0,0.00802027340978384,-0.5385730862617493,0.8425399661064148,0,0,0.12735900282859802,0,1
