2.267,30,67,41
B0,mixamorig_Hips,-1,-0.9199130535125732,-0.3707003593444824,0.12783192098140717,0,-0.07453092187643051,-0.15476123988628387,-0.9851371645927429,0,0.38497409224510193,-0.9157678484916687,0.1147380918264389,0,-0.007191468961536884,0.12720440328121185,-0.7122715711593628,1
B1,mixamorig_Spine,0,0.9753512740135193,-0.12524279952049255,-0.18167029321193695,0,0.13051021099090576,0.9912965893745422,0.01728704571723938,0,0.17792397737503052,-0.04057074710726738,0.9832073450088501,0,0,0.046278998255729675,0.009736999869346619,1
B2,mixamorig_Spine1,1,0.9891152381896973,-0.05563705787062645,-0.13622048497200012,0,0.05766495689749718,0.9982753992080688,0.010983533225953579,0,0.135374516248703,-0.018719136714935303,0.990618109703064,0,0,0.05517499893903732,0,1
B3,mixamorig_Spine2,2,0.998571515083313,-0.03173891082406044,-0.04298930615186691,0,0.02662467770278454,0.9930418729782104,-0.11471276730298996,0,0.0463310107588768,0.11340425908565521,0.9924677014350891,0,0,0.06305699795484543,0,1
B4,mixamorig_Neck,3,0.8701682686805725,-0.13196200132369995,0.4747563898563385,0,0.17446289956569672,0.983571469783783,-0.046377524733543396,0,-0.4608362913131714,0.12318351119756699,0.8788942694664001,0,0,0.07093899697065353,0,1
B5,mixamorig_Head,4,0.7916921973228455,-0.12724927067756653,0.5975205302238464,0,-0.04738684743642807,0.9623293280601501,0.26772552728652954,0,-0.6090793609619141,-0.24027079343795776,0.7558386325836182,0,0,0.08098100125789642,-0.056846000254154205,1
B6,mixamorig_HeadTop_End,5,1,0,0,0,0,1,0,0,0,0,1,0,0,0.13240699470043182,-0.09294500201940536,1
B7,mixamorig_LeftShoulder,3,0.26083338260650635,0.03456719219684601,0.9647646546363831,0,-0.8854531645774841,-0.3895968496799469,0.25334984064102173,0,0.38462695479393005,-0.9203360676765442,-0.07101219147443771,0,-0.036713000386953354,0.05640200152993202,0.002870999975129962,1
B8,mixamorig_LeftArm,7,0.6851539015769958,0.31041795015335083,-0.6589428186416626,0,-0.16647903621196747,0.9474354386329651,0.27322128415107727,0,0.7091184854507446,-0.0774984285235405,0.7008171081542969,0,0,0.0807500034570694,0,1
B9,mixamorig_LeftForeArm,8,0.8236446380615234,0.3634415566921234,-0.4353391230106354,0,-0.2117578238248825,0.9092248678207397,0.3584260940551758,0,0.5260880589485168,-0.20302927494049072,0.8258398175239563,0,0,0.1631859987974167,0,1
B10,mixamorig_LeftHand,9,0.9749723076820374,0.16554318368434906,-0.14840732514858246,0,-0.14509887993335724,0.979546308517456,0.13941237330436707,0,0.1684504896402359,-0.11438938975334167,0.9790499210357666,0,0,0.12521199882030487,0,1
B11,mixamorig_LeftHandThumb1,10,0.8813290596008301,0.4689098298549652,-0.05815611034631729,0,-0.30281320214271545,0.6550068259239197,0.6922930479049683,0,0.36271587014198303,-0.5925279259681702,0.7192690968513489,0,-0.030997000634670258,0.03368600085377693,0.015536000020802021,1
B12,mixamorig_LeftHandThumb2,11,0.9348970055580139,-0.2892627716064453,-0.20565630495548248,0,0.28537821769714355,0.9571629166603088,-0.048976682126522064,0,0.21101373434066772,-0.012901684269309044,0.9773980975151062,0,-0.002001000102609396,0.038621000945568085,0,1
B13,mixamorig_LeftHandThumb3,12,0.6211283802986145,0.0860920324921608,-0.7789656519889832,0,0.3891279995441437,0.828891932964325,0.40189120173454285,0,0.6802783608436584,-0.5527437329292297,0.48134779930114746,0,-0.0005540000274777412,0.0409340001642704,0,1
B14,mixamorig_LeftHandThumb4,13,1,0,0,0,0,1,0,0,0,0,1,0,0.0025549998972564936,0.03424200043082237,0,1
B15,mixamorig_LeftHandIndex1,10,0.9969630241394043,0.06975944340229034,0.034630656242370605,0,-0.04448356851935387,0.14505133032798767,0.9884240031242371,0,0.06392865628004074,-0.986962080001831,0.14771386981010437,0,0,0.11284399777650833,0.0002690000110305846,1
B16,mixamorig_LeftHandIndex2,15,0.9998160600662231,-0.016234764829277992,-0.010257875546813011,0,0.015673235058784485,0.3811739981174469,0.9243708848953247,0,-0.011096901260316372,-0.9243609309196472,0.3813580572605133,0,0.0013330000219866633,0.03080900013446808,0,1
B17,mixamorig_LeftHandIndex3,16,0.9695870876312256,-0.1498297154903412,-0.19352376461029053,0,0.23345927894115448,0.32884493470191956,0.9150729179382324,0,-0.07346583157777786,-0.9324230551719666,0.3538230061531067,0,0.0010809999657794833,0.027977000921964645,0,1
B18,mixamorig_LeftHandIndex4,17,1,0,0,0,0,1,0,0,0,0,1,0,-0.0024139999877661467,0.01971999928355217,0,1
B19,mixamorig_RightShoulder,3,0.23456986248493195,0.17527569830417633,-0.9561668634414673,0,0.9714409708976746,-0.006073398515582085,0.2372036576271057,0,0.03576888144016266,-0.9845008850097656,-0.17169472575187683,0,0.036713000386953354,0.056478001177310944,0.003229999914765358,1
B20,mixamorig_RightArm,19,0.9800686836242676,-0.09638416767120361,-0.17371006309986115,0,0.07740093767642975,0.9905828237533569,-0.1129368394613266,0,0.18295954167842865,0.09724053740501404,0.9782994389533997,0,0,0.0807500034570694,0,1
B21,mixamorig_RightForeArm,20,0.21698002517223358,-0.008366277441382408,-0.9761400818824768,0,0.08812859654426575,0.9960477352142334,0.011052645742893219,0,0.9721901416778564,-0.08842410892248154,0.2168598622083664,0,0,0.163223996758461,0,1
B22,mixamorig_RightHand,21,0.9840382933616638,0.11618782579898834,0.1347924917936325,0,-0.06873684376478195,0.9468215107917786,-0.3143308460712433,0,-0.164145827293396,0.3000483214855194,0.9396948218345642,0,0,0.1250379979610443,0,1
B23,mixamorig_RightHandThumb1,22,0.9550229907035828,-0.058618009090423584,0.29067888855934143,0,-0.20414400100708008,0.5810089111328125,0.7878790497779846,0,-0.2150711864233017,-0.8117839694023132,0.5429109930992126,0,0.03270399942994118,0.036956001073122025,0.01233300007879734,1
B24,mixamorig_RightHandThumb2,23,0.9561371207237244,-0.03121982328593731,0.2912527620792389,0,0.09371814131736755,0.9746439456939697,-0.20318840444087982,0,-0.2775242030620575,0.22157162427902222,0.9348189830780029,0,0.003783999942243099,0.04051699861884117,0,1
B25,mixamorig_RightHandThumb3,24,0.9653459787368774,-0.038796816021203995,-0.25807493925094604,0,-0.03510378673672676,0.9605978727340698,-0.2757161855697632,0,0.2586030662059784,0.2752208113670349,0.9259470701217651,0,0.002005999907851219,0.03672900050878525,0,1
B26,mixamorig_RightHandThumb4,25,1,0,0,0,0,1,0,0,0,0,1,0,-0.005789999850094318,0.02582399919629097,0,1
B27,mixamorig_RightHandIndex1,22,0.9971010684967041,0.05707261338829994,-0.050319962203502655,0,0.016791637986898422,0.4799787700176239,0.8771190643310547,0,0.07421202957630157,-0.8754218220710754,0.47762927412986755,0,0,0.0853549987077713,0.00020900000527035445,1
B28,mixamorig_RightHandIndex2,27,0.9997720122337341,-0.010214879177510738,-0.018748022615909576,0,0.021258119493722916,0.39479300379753113,0.9185239672660828,0,-0.001981023931875825,-0.9187129139900208,0.3949200510978699,0,-0.002432999899610877,0.03920099884271622,0,1
B29,mixamorig_RightHandIndex3,28,0.9749249815940857,0.1488710641860962,0.16540592908859253,0,-0.217960923910141,0.4888773560523987,0.8446847796440125,0,0.04488591104745865,-0.8595561385154724,0.5090667009353638,0,-0.0018149999668821692,0.0359329991042614,0,1
B30,mixamorig_RightHandIndex4,29,1,0,0,0,0,1,0,0,0,0,1,0,0.004248000215739012,0.030220000073313713,0,1
B31,mixamorig_LeftUpLeg,0,-0.9743736982345581,0.17259062826633453,0.1442488729953766,0,-0.20454193651676178,-0.946662962436676,-0.24898028373718262,0,0.09358345717191696,-0.272104948759079,0.9577059745788574,0,-0.062153998762369156,-0.02573299966752529,-0.00088900001719594,1
B32,mixamorig_LeftLeg,31,0.9812417030334473,0.17107920348644257,-0.0888669341802597,0,-0.05931135267019272,0.7065091133117676,0.7052143216133118,0,0.1834326833486557,-0.6867144107818604,0.7034026384353638,0,0,0.27177301049232483,0,1
B33,mixamorig_LeftFoot,32,-0.9894083738327026,-0.04110713675618172,-0.13921771943569183,0,0.10550348460674286,0.4550822377204895,-0.8841773867607117,0,0.09970144182443619,-0.889499843120575,-0.4459248483181,0,0,0.26535800099372864,0,1
B34,mixamorig_LeftToeBase,33,0.9943583011627197,-0.06348205357789993,0.08497922867536545,0,0.014082410372793674,0.8730553388595581,0.4874177873134613,0,-0.10513386130332947,-0.48347124457359314,0.869023859500885,0,0,0.1292569935321808,0,1
B35,mixamorig_LeftToe_End,34,1,0,0,0,0,1,0,0,0,0,1,0,0,0.047607000917196274,0,1
B36,mixamorig_RightUpLeg,0,-0.6479538679122925,-0.04971296712756157,-0.7600555419921875,0,0.7557875514030457,-0.1658448725938797,-0.6334679126739502,0,-0.09455971419811249,-0.9848984479904175,0.14503216743469238,0,0.062153998762369156,-0.02573299966752529,-0.0016980000073090196,1
B37,mixamorig_RightLeg,36,0.9986425042152405,-0.05104593187570572,-0.010364099405705929,0,-0.014271383173763752,-0.45950666069984436,0.8880595564842224,0,-0.050094202160835266,-0.8867061138153076,-0.4596113860607147,0,0,0.27178600430488586,0,1
B38,mixamorig_RightFoot,37,-0.9849640130996704,-0.1102767288684845,0.1329820156097412,0,-0.16813315451145172,0.7888173460960388,-0.5911843180656433,0,-0.03970467299222946,-0.6046544313430786,-0.7954985499382019,0,0,0.2654170095920563,0,1
B39,mixamorig_RightToeBase,38,0.9886664152145386,0.08549560606479645,0.12340597063302994,0,-0.14458158612251282,0.7636030316352844,0.6292909383773804,0,-0.04043154790997505,-0.6400006413459778,0.767309308052063,0,0,0.12735900282859802,0,1
B40,mixamorig_RightToe_End,39,1,0,0,0,0,1,0,0,0,0,1,0,0,0.047756001353263855,0,1
@34,0,1,2,3,4,5,7,8,9,10,11,12,13,15,16,17,19,20,21,22,23,24,25,27,28,29,31,32,33,34,36,37,38,39
K0,0.5784967541694641,0.017554109916090965,0.8154950141906738,0,0.11982355266809464,0.9870929718017578,-0.10624843835830688,0,-0.8068353533744812,0.15918008983135223,0.5689273476600647,0,-0.005718674976378679,0.5253450274467468,0.0032956295181065798,1,0.9964330196380615,0.04361597076058388,-0.07224014401435852,0,-0.03771103173494339,0.9959859848022461,0.08117891848087311,0,0.07549085468053818,-0.07816509157419205,0.9940779805183411,0,0,0.046278998255729675,0.009736999869346619,1,0.9988699555397034,-0.045125167816877365,-0.014939773827791214,0,0.044791825115680695,0.9987549781799316,-0.02193997986614704,0,0.015911225229501724,0.021246017888188362,0.9996480345726013,0,0,0.05517499893903732,0,1,0.9995750784873962,-0.022660937160253525,-0.018322832882404327,0,0.022590061649680138,0.999737024307251,-0.004066821187734604,0,0.01841016858816147,0.0036511786747723818,0.9998239874839783,0,0,0.06305699795484543,0,1,0.9850689172744751,-0.0026200164575129747,-0.1721372753381729,0,-0.027001015841960907,0.9851589798927307,-0.16951002180576324,0,0.1700267642736435,0.1716269999742508,0.9703790545463562,0,0,0.07093899697065353,0,1,0.9123830199241638,0.11264332383871078,-0.3935328423976898,0,-0.07962467521429062,0.9918660521507263,0.0993027314543724,0,0.4015180766582489,-0.05926726758480072,0.9139319062232971,0,0,0.08098100125789642,-0.056846000254154205,1,-0.0812160074710846,-0.03879063203930855,0.9959409832954407,0,-0.8941697478294373,-0.4385892450809479,-0.08999937027692795,0,0.44030022621154785,-0.8978497982025146,0.0009350738837383687,0,-0.036713000386953354,0.05640200152993202,0.002870999975129962,1,0.9831519722938538,0.17538926005363464,-0.051490843296051025,0,-0.1304987519979477,0.8707180619239807,0.4741520285606384,0,0.12799516320228577,-0.4594438970088959,0.8789359927177429,0,0,0.0807500034570694,0,1,0.09261179715394974,0.6989535093307495,0.7091445326805115,0,-0.9841600656509399,-0.043869297951459885,0.1717667281627655,0,0.15116670727729797,-0.7138199806213379,0.6838198304176331,0,0,0.1631859987974167,0,1,0.9890650510787964,0.0009377220994792879,-0.1474778801202774,0,0.007095722481608391,0.9985190033912659,0.053936656564474106,0,0.14731012284755707,-0.05439334362745285,0.987593948841095,0,0,0.12521199882030487,0,1,0.8813289999961853,0.46890997886657715,-0.05815662071108818,0,-0.30281296372413635,0.6550068855285645,0.692293107509613,0,0.36271634697914124,-0.5925277471542358,0.7192689776420593,0,-0.030997000634670258,0.03368600085377693,0.015536000020802021,1,0.9348968863487244,-0.2892632484436035,-0.2056562900543213,0,0.2853787839412689,0.9571630954742432,-0.04897673800587654,0,0.21101373434066772,-0.01290174014866352,0.9773980975151062,0,-0.002001000102609396,0.038621000945568085,0,1,0.6211279630661011,0.08609191328287125,-0.7789660692214966,0,0.3891279101371765,0.8288922309875488,0.4018906354904175,0,0.6802789568901062,-0.5527433156967163,0.4813477098941803,0,-0.0005540000274777412,0.0409340001642704,0,1,0.9969630241394043,0.06975943595170975,0.03463064879179001,0,-0.04448355734348297,0.14505133032798767,0.9884240031242371,0,0.06392864882946014,-0.986962080001831,0.14771386981010437,0,0,0.11284399777650833,0.0002690000110305846,1,0.9998160600662231,-0.016234755516052246,-0.010257888585329056,0,0.01567324437201023,0.3811739981174469,0.9243708848953247,0,-0.011096887290477753,-0.9243609309196472,0.3813580572605133,0,0.0013330000219866633,0.03080900013446808,0,1,0.9695870280265808,-0.1498308926820755,-0.19352315366268158,0,0.23345911502838135,0.3288447856903076,0.915073037147522,0,-0.07346715778112411,-0.932422935962677,0.35382309556007385,0,0.0010809999657794833,0.027977000921964645,0,1,0.41017189621925354,0.13323858380317688,-0.9022229909896851,0,0.8644217848777771,-0.37217533588409424,0.33802446722984314,0,-0.29074737429618835,-0.9185498952865601,-0.26783040165901184,0,0.036713000386953354,0.056478001177310944,0.003229999914765358,1,0.9907698631286621,0.09054236859083176,0.10088438540697098,0,-0.12926362454891205,0.8551660776138306,0.5019779801368713,0,-0.04082260653376579,-0.5103849768638611,0.8589760661125183,0,0,0.0807500034570694,0,1,0.3190149664878845,-0.9172728657722473,-0.23841117322444916,0,0.9362269639968872,0.26589497923851013,0.22973813116550446,0,-0.14734020829200745,-0.29649683833122253,0.9435999989509583,0,0,0.163223996758461,0,1,0.8768108487129211,-0.46035832166671753,0.13882911205291748,0,0.4162636995315552,0.8712562322616577,0.2600718140602112,0,-0.24068185687065125,-0.17024418711662292,0.9555569887161255,0,0,0.1250379979610443,0,1,0.9550229907035828,-0.058618076145648956,0.2906789481639862,0,-0.20414407551288605,0.5810086131095886,0.7878792881965637,0,-0.21507106721401215,-0.8117836713790894,0.5429103970527649,0,0.03270399942994118,0.036956001073122025,0.01233300007879734,1,0.9561368823051453,-0.031219303607940674,0.29125213623046875,0,0.09371769428253174,0.9746440052986145,-0.20318898558616638,0,-0.27752378582954407,0.22157199680805206,0.9348190426826477,0,0.003783999942243099,0.04051699861884117,0,1,0.9653459787368774,-0.038797300308942795,-0.2580748498439789,0,-0.03510330244898796,0.9605978727340698,-0.27571624517440796,0,0.25860312581062317,0.27522075176239014,0.9259470701217651,0,0.002005999907851219,0.03672900050878525,0,1,0.9971010684967041,0.05707262456417084,-0.05031995475292206,0,0.016791624948382378,0.4799787700176239,0.8771190643310547,0,0.07421203702688217,-0.8754218220710754,0.47762927412986755,0,0,0.0853549987077713,0.00020900000527035445,1,0.9997720122337341,-0.01021570898592472,-0.018747864291071892,0,0.021258292719721794,0.39479219913482666,0.9185239672660828,0,-0.0019818651489913464,-0.9187141060829163,0.3949197828769684,0,-0.002432999899610877,0.03920099884271622,0,1,0.9749249815940857,0.148871049284935,0.1654059737920761,0,-0.21796093881130219,0.48887693881988525,0.8446850180625916,0,0.04488595575094223,-0.8595560193061829,0.5090660452842712,0,-0.0018149999668821692,0.0359329991042614,0,1,-0.6308741569519043,-0.01104374136775732,0.7758067846298218,0,-0.6780218482017517,-0.47826603055000305,-0.5581651329994202,0,0.3772062659263611,-0.8781458735466003,0.2942378520965576,0,-0.062153998762369156,-0.02573299966752529,-0.00088900001719594,1,0.9611530900001526,0.20355361700057983,-0.18641269207000732,0,0.04432862251996994,0.552767813205719,0.832156240940094,0,0.27243128418922424,-0.8080927729606628,0.5222710967063904,0,0,0.27177301049232483,0,1,-0.9859640002250671,-0.08984212577342987,-0.14072532951831818,0,0.07301312685012817,0.5259860754013062,-0.8473529815673828,0,0.1501476764678955,-0.8457349538803101,-0.5120441317558289,0,0,0.26535800099372864,0,1,0.996957004070282,-0.02985689602792263,-0.07200700044631958,0,0.06714610755443573,0.7981420755386353,0.5987160205841064,0,0.03959600254893303,-0.6017290353775024,0.7977179884910583,0,0,0.1292569935321808,0,1,-0.7280888557434082,-0.36775124073028564,-0.5784860849380493,0,0.6206166744232178,-0.7119871377944946,-0.3284952938556671,0,-0.29107001423835754,-0.5981917381286621,0.7466222047805786,0,0.062153998762369156,-0.02573299966752529,-0.0016980000073090196,1,0.9997270107269287,0.0022359034046530724,0.02324831485748291,0,-0.02006709761917591,0.591522753238678,0.8060382008552551,0,-0.011949686333537102,-0.8062848448753357,0.5914062261581421,0,0,0.27178600430488586,0,1,-0.8786329627037048,0.47518908977508545,0.04690442979335785,0,0.09532997757196426,0.27081799507141113,-0.9578990340232849,0,-0.4678856432437897,-0.8371701240539551,-0.2832493782043457,0,0,0.2654170095920563,0,1,0.9994500279426575,-0.0008780912030488253,0.033163800835609436,0,-0.018179088830947876,0.8217101693153381,0.5696158409118652,0,-0.027751194313168526,-0.569905161857605,0.8212418556213379,0,0,0.12735900282859802,0,1
K0.034,0.6119814515113831,0.0007893034489825368,0.7908719778060913,0,0.11643559485673904,0.9890129566192627,-0.09108560532331467,0,-0.782254159450531,0.14782829582691193,0.6051653623580933,0,-0.006837827153503895,0.5197298526763916,0.03136280179023743,1,0.9955391883850098,0.06005176901817322,-0.07276482880115509,0,-0.0545782744884491,0.9956884384155273,0.07500939816236496,0,0.07695554196834564,-0.0707034096121788,0.994524359703064,0,0,0.046278998255729675,0.009736999869346619,1,0.999191164970398,-0.03693969547748566,-0.015864282846450806,0,0.036530062556266785,0.9990106821060181,-0.025379959493875504,0,0.01678611896932125,0.0247799139469862,0.9995522499084473,0,0,0.05517499893903732,0,1,0.9996684789657593,-0.017717069014906883,-0.018707558512687683,0,0.017529454082250595,0.9997944235801697,-0.01014481671154499,0,0.018883442506194115,0.009813516400754452,0.9997730851173401,0,0,0.06305699795484543,0,1,0.9879571795463562,0.001712551573291421,-0.15471886098384857,0,-0.02979464828968048,0.983330488204956,-0.17936941981315613,0,0.15183258056640625,0.18181908130645752,0.971539318561554,0,0,0.07093899697065353,0,1,0.9286708831787109,0.11766773462295532,-0.3517459034919739,0,-0.07201521843671799,0.9874988794326782,0.14021004736423492,0,0.3638469874858856,-0.10487796366214752,0.9255356192588806,0,0,0.08098100125789642,-0.056846000254154205,1,-0.07430366426706314,-0.03349470719695091,0.9966725707054138,0,-0.8880336880683899,-0.45251309871673584,-0.08141180872917175,0,0.4537343978881836,-0.891128420829773,0.0038788903038948774,0,-0.036713000386953354,0.05640200152993202,0.002870999975129962,1,0.9956215023994446,0.08444704115390778,0.040078070014715195,0,-0.09347089380025864,0.8954653739929199,0.4352063834667206,0,0.0008633664110675454,-0.4370470345020294,0.8994380235671997,0,0,0.0807500034570694,0,1,0.046436164528131485,0.589486300945282,0.8064430952072144,0,-0.983482837677002,-0.11440984904766083,0.14026065170764923,0,0.17494657635688782,-0.7996354699134827,0.574436366558075,0,0,0.1631859987974167,0,1,0.9902725219726562,-0.05184697359800339,-0.12912288308143616,0,0.06442084908485413,0.9933726191520691,0.09518706053495407,0,0.1233319565653801,-0.10257932543754578,0.9870495200157166,0,0,0.12521199882030487,0,1,0.8813290596008301,0.4689098298549652,-0.05815611034631729,0,-0.30281320214271545,0.6550068259239197,0.6922930479049683,0,0.36271587014198303,-0.5925279259681702,0.7192690968513489,0,-0.030997000634670258,0.03368600085377693,0.015536000020802021,1,0.9348968863487244,-0.2892632484436035,-0.2056562900543213,0,0.2853787839412689,0.9571630954742432,-0.04897673800587654,0,0.21101373434066772,-0.01290174014866352,0.9773980975151062,0,-0.002001000102609396,0.038621000945568085,0,1,0.6211277842521667,0.08609255403280258,-0.7789661288261414,0,0.38912853598594666,0.8288918733596802,0.40189167857170105,0,0.6802788972854614,-0.5527442693710327,0.4813469648361206,0,-0.0005540000274777412,0.0409340001642704,0,1,0.9969629645347595,0.06975994259119034,0.03463108092546463,0,-0.044484056532382965,0.14505112171173096,0.9884240627288818,0,0.06392908841371536,-0.9869621396064758,0.14771372079849243,0,0,0.11284399777650833,0.0002690000110305846,1,0.9998160600662231,-0.016235586255788803,-0.010257730260491371,0,0.01567341387271881,0.3811739981174469,0.9243709444999695,0,-0.011097714304924011,-0.9243609309196472,0.3813580572605133,0,0.0013330000219866633,0.03080900013446808,0,1,0.9695871472358704,-0.14983054995536804,-0.19352364540100098,0,0.23345942795276642,0.3288447856903076,0.9150729179382324,0,-0.07346665859222412,-0.9324229955673218,0.3538230359554291,0,0.0010809999657794833,0.027977000921964645,0,1,0.3338746428489685,0.09637601673603058,-0.9376778602600098,0,0.8715142011642456,-0.4105818569660187,0.26811569929122925,0,-0.3591534495353699,-0.9067161083221436,-0.22107574343681335,0,0.036713000386953354,0.056478001177310944,0.003229999914765358,1,0.9920873641967773,0.08562954515218735,0.09182017296552658,0,-0.1171865463256836,0.8940291404724121,0.43241026997566223,0,-0.04506281390786171,-0.4397487938404083,0.8969895243644714,0,0,0.0807500034570694,0,1,0.3456806540489197,-0.9167273640632629,-0.20029063522815704,0,0.9278908371925354,0.30216532945632935,0.21843604743480682,0,-0.1397254317998886,-0.26135697960853577,0.9550756812095642,0,0,0.163223996758461,0,1,0.8810843825340271,-0.4409121870994568,0.17113228142261505,0,0.41173022985458374,0.8931064009666443,0.18121902644634247,0,-0.23274089395999908,-0.08920887857675552,0.9684385061264038,0,0,0.1250379979610443,0,1,0.9550229907035828,-0.05861857160925865,0.290679931640625,0,-0.20414456725120544,0.5810086727142334,0.7878790497779846,0,-0.21507202088832855,-0.8117837309837341,0.5429102778434753,0,0.03270399942994118,0.036956001073122025,0.01233300007879734,1,0.9561370015144348,-0.03121979720890522,0.2912522256374359,0,0.09371818602085114,0.9746440052986145,-0.2031889110803604,0,-0.2775237262248993,0.22157207131385803,0.9348190426826477,0,0.003783999942243099,0.04051699861884117,0,1,0.9653458595275879,-0.03879721835255623,-0.2580743432044983,0,-0.03510323539376259,0.9605978727340698,-0.27571624517440796,0,0.25860267877578735,0.27522075176239014,0.9259471893310547,0,0.002005999907851219,0.03672900050878525,0,1,0.9971010684967041,0.05707263574004173,-0.05031994730234146,0,0.01679161749780178,0.4799787700176239,0.8771190643310547,0,0.07421204447746277,-0.8754218220710754,0.47762927412986755,0,0,0.0853549987077713,0.00020900000527035445,1,0.9997720122337341,-0.010214883834123611,-0.01874801330268383,0,0.021258113905787468,0.39479300379753113,0.9185239672660828,0,-0.0019810316152870655,-0.9187129139900208,0.3949200510978699,0,-0.002432999899610877,0.03920099884271622,0,1,0.9749249815940857,0.148871049284935,0.16540592908859253,0,-0.217960923910141,0.4888773560523987,0.8446847796440125,0,0.04488590359687805,-0.8595561385154724,0.5090667009353638,0,-0.0018149999668821692,0.0359329991042614,0,1,-0.7007215619087219,0.05250917002558708,0.7114997506141663,0,-0.6409711837768555,-0.484259694814682,-0.5955227613449097,0,0.31328055262565613,-0.8733472228050232,0.37298843264579773,0,-0.062153998762369156,-0.02573299966752529,-0.00088900001719594,1,0.9661452174186707,0.170134499669075,-0.19395118951797485,0,0.04369400441646576,0.632995069026947,0.7729215621948242,0,0.25427091121673584,-0.7552294731140137,0.6041316390037537,0,0,0.27177301049232483,0,1,-0.9780191779136658,-0.15654116868972778,-0.13774490356445312,0,0.016768595203757286,0.5994113087654114,-0.8002659678459167,0,0.2078402191400528,-0.7849845290184021,-0.5836102366447449,0,0,0.26535800099372864,0,1,0.9970955848693848,-0.02659493125975132,-0.07136581838130951,0,0.06426358968019485,0.796676754951477,0.6009793281555176,0,0.04087249934673309,-0.6038203239440918,0.7960723638534546,0,0,0.1292569935321808,0,1,-0.7950327396392822,-0.39884769916534424,-0.4569946527481079,0,0.5833755135536194,-0.7091232538223267,-0.39600124955177307,0,-0.16612131893634796,-0.5814333558082581,0.7964540123939514,0,0.062153998762369156,-0.02573299966752529,-0.0016980000073090196,1,0.9995043277740479,-0.007380349561572075,0.03061590902507305,0,-0.0229637511074543,0.49447736144065857,0.8688876628875732,0,-0.02155155874788761,-0.8691596388816833,0.49406254291534424,0,0,0.27178600430488586,0,1,-0.8824485540390015,0.46950584650039673,0.029139284044504166,0,0.06395424157381058,0.18111179769039154,-0.9813804030418396,0,-0.4660414457321167,-0.8641543984413147,-0.18984881043434143,0,0,0.2654170095920563,0,1,0.9998456835746765,-0.0025783495511859655,0.01734870858490467,0,-0.008792804554104805,0.7821756601333618,0.6229956746101379,0,-0.015176050364971161,-0.6230525970458984,0.7820329666137695,0,0,0.12735900282859802,0,1
K0.068,0.6724545359611511,-0.02380138635635376,0.7397549152374268,0,0.06656679511070251,0.9973773956298828,-0.0284204613417387,0,-0.7371383905410767,0.06835459172725677,0.6722753047943115,0,-0.001610670704394579,0.5163071751594543,0.05811067670583725,1,0.9942166209220886,0.0808384120464325,-0.07069775462150574,0,-0.07809488475322723,0.996112585067749,0.04074985906481743,0,0.07371708005666733,-0.03499305620789528,0.9966647624969482,0,0,0.046278998255729675,0.009736999869346619,1,0.9994455575942993,-0.03005002625286579,-0.014310970902442932,0,0.02946966327726841,0.9987976551055908,-0.03917061164975166,0,0.01547084841877222,0.038727179169654846,0.9991299510002136,0,0,0.05517499893903732,0,1,0.9997592568397522,-0.01443986501544714,-0.01654078997671604,0,0.013989188708364964,0.9995362758636475,-0.027045099064707756,0,0.016923649236559868,0.02680719830095768,0.9994977116584778,0,0,0.06305699795484543,0,1,0.9928229451179504,-0.006305377464741468,-0.11942308396100998,0,-0.023796241730451584,0.9682233333587646,-0.2489507496356964,0,0.11719799041748047,0.25000596046447754,0.9611247181892395,0,0,0.07093899697065353,0,1,0.955315887928009,0.1135869026184082,-0.27289238572120667,0,-0.06376343965530396,0.9806727170944214,0.1849716305732727,0,0.28862836956977844,-0.15930570662021637,0.9440945386886597,0,0,0.08098100125789642,-0.056846000254154205,1,-0.11901823431253433,-0.025564037263393402,0.992562472820282,0,-0.8953555822372437,-0.4293181002140045,-0.11841949820518494,0,0.42915287613868713,-0.9027915596961975,0.028207821771502495,0,-0.036713000386953354,0.05640200152993202,0.002870999975129962,1,0.982518196105957,-0.016841959208250046,0.18540222942829132,0,-0.0667882040143013,0.8977148532867432,0.4354850947856903,0,-0.17377270758152008,-0.4402545988559723,0.8808960914611816,0,0,0.0807500034570694,0,1,0.04750903695821762,0.4257384240627289,0.9035977125167847,0,-0.9779291749000549,-0.164439395070076,0.1288943737745285,0,0.20346234738826752,-0.8897783756256104,0.40852972865104675,0,0,0.1631859987974167,0,1,0.992976725101471,-0.05756503716111183,-0.10336194932460785,0,0.06627620756626129,0.9943498969078064,0.08292170614004135,0,0.098004549741745,-0.08918976783752441,0.991181492805481,0,0,0.12521199882030487,0,1,0.8813290596008301,0.4689098298549652,-0.05815611034631729,0,-0.30281320214271545,0.6550068259239197,0.6922930479049683,0,0.36271587014198303,-0.5925279259681702,0.7192690968513489,0,-0.030997000634670258,0.03368600085377693,0.015536000020802021,1,0.9348968863487244,-0.2892632484436035,-0.2056562900543213,0,0.2853787839412689,0.9571630954742432,-0.04897673800587654,0,0.21101373434066772,-0.01290174014866352,0.9773980975151062,0,-0.002001000102609396,0.038621000945568085,0,1,0.6211276650428772,0.08609209209680557,-0.7789662480354309,0,0.38912808895111084,0.8288921117782593,0.40189075469970703,0,0.6802788376808167,-0.5527432560920715,0.48134714365005493,0,-0.0005540000274777412,0.0409340001642704,0,1,0.9969629645347595,0.06975994259119034,0.03463108092546463,0,-0.044484056532382965,0.14505112171173096,0.9884240627288818,0,0.06392908841371536,-0.9869621396064758,0.14771372079849243,0,0,0.11284399777650833,0.0002690000110305846,1,0.9998160600662231,-0.01623525656759739,-0.010258223861455917,0,0.015673743560910225,0.3811739981174469,0.9243708848953247,0,-0.01109722163528204,-0.9243609309196472,0.3813580572605133,0,0.0013330000219866633,0.03080900013446808,0,1,0.969586968421936,-0.14983037114143372,-0.19352281093597412,0,0.23345865309238434,0.32884490489959717,0.9150730967521667,0,-0.07346677780151367,-0.9324229955673218,0.35382309556007385,0,0.0010809999657794833,0.027977000921964645,0,1,0.25203612446784973,0.06701779365539551,-0.9653943777084351,0,0.8785011768341064,-0.43422746658325195,0.19920679926872253,0,-0.40585002303123474,-0.8983067870140076,-0.16831618547439575,0,0.036713000386953354,0.056478001177310944,0.003229999914765358,1,0.9900333285331726,0.04665980860590935,0.1328781545162201,0,-0.09182006120681763,0.9292687773704529,0.35781219601631165,0,-0.10678403824567795,-0.36644673347473145,0.9242910742759705,0,0,0.0807500034570694,0,1,0.43223902583122253,-0.8823836445808411,-0.18592610955238342,0,0.8950173258781433,0.394626259803772,0.20787660777568817,0,-0.11005572229623795,-0.2562597692012787,0.9603226780891418,0,0,0.163223996758461,0,1,0.8785220980644226,-0.4324188232421875,0.20300829410552979,0,0.4217689335346222,0.9016709327697754,0.09539584815502167,0,-0.2242976874113083,0.001815235591493547,0.9745188355445862,0,0,0.1250379979610443,0,1,0.9550228118896484,-0.058618344366550446,0.2906794548034668,0,-0.20414434373378754,0.5810086727142334,0.7878791093826294,0,-0.21507161855697632,-0.8117837905883789,0.5429103970527649,0,0.03270399942994118,0.036956001073122025,0.01233300007879734,1,0.9561368823051453,-0.031219303607940674,0.29125213623046875,0,0.09371769428253174,0.9746440052986145,-0.20318898558616638,0,-0.27752378582954407,0.22157199680805206,0.9348190426826477,0,0.003783999942243099,0.04051699861884117,0,1,0.9653459787368774,-0.038796816021203995,-0.25807493925094604,0,-0.03510378301143646,0.9605978727340698,-0.2757161855697632,0,0.2586030662059784,0.2752208113670349,0.9259470701217651,0,0.002005999907851219,0.03672900050878525,0,1,0.9971010088920593,0.05707312747836113,-0.05031965672969818,0,0.016791125759482384,0.4799787700176239,0.8771190643310547,0,0.07421233505010605,-0.8754217624664307,0.47762927412986755,0,0,0.0853549987077713,0.00020900000527035445,1,0.9997720122337341,-0.010215208865702152,-0.018747521564364433,0,0.021257789805531502,0.39479300379753113,0.9185239672660828,0,-0.0019815240520983934,-0.9187129139900208,0.3949200510978699,0,-0.002432999899610877,0.03920099884271622,0,1,0.9749249219894409,0.14887088537216187,0.1654064655303955,0,-0.2179611325263977,0.4888770878314972,0.8446839451789856,0,0.044885437935590744,-0.8595561385154724,0.5090668201446533,0,-0.0018149999668821692,0.0359329991042614,0,1,-0.747687578201294,0.13594840466976166,0.6499861478805542,0,-0.6003199815750122,-0.5568004846572876,-0.5740979313850403,0,0.28386491537094116,-0.8194455504417419,0.49792540073394775,0,-0.062153998762369156,-0.02573299966752529,-0.00088900001719594,1,0.9541714191436768,0.18346458673477173,-0.23642639815807343,0,0.02592891827225685,0.736382246017456,0.6760695576667786,0,0.2981349229812622,-0.6512162685394287,0.6978775858879089,0,0,0.27177301049232483,0,1,-0.9673388600349426,-0.19994285702705383,-0.15581610798835754,0,-0.02058274857699871,0.6746153831481934,-0.7378827929496765,0,0.25265008211135864,-0.7105749249458313,-0.6566963791847229,0,0,0.26535800099372864,0,1,0.9971932768821716,-0.020899079740047455,-0.07188946008682251,0,0.060378577560186386,0.7922449111938477,0.6072089672088623,0,0.04426393285393715,-0.6098451614379883,0.7912829518318176,0,0,0.1292569935321808,0,1,-0.83292156457901,-0.44518816471099854,-0.32870903611183167,0,0.5465034246444702,-0.7551481127738953,-0.3620573580265045,0,-0.08704029023647308,-0.48120570182800293,0.8722755312919617,0,0.062153998762369156,-0.02573299966752529,-0.0016980000073090196,1,0.9994636178016663,-0.0115932896733284,0.03062341921031475,0,-0.022991713136434555,0.41743430495262146,0.9084164500236511,0,-0.02331480011343956,-0.908633291721344,0.41694387793540955,0,0,0.27178600430488586,0,1,-0.8866419196128845,0.46229615807533264,0.01218628790229559,0,0.029727427288889885,0.08327154815196991,-0.9960831999778748,0,-0.4615001380443573,-0.8828067779541016,-0.08757499605417252,0,0,0.2654170095920563,0,1,0.9999902248382568,-0.003232597839087248,0.002890313044190407,0,0.0004725384060293436,0.7438029646873474,0.668398916721344,0,-0.004310491494834423,-0.6683914661407471,0.743797779083252,0,0,0.12735900282859802,0,1
