0.767,30,23,41
B0,mixamorig_Hips,-1,-0.9965059161186218,0.018967095762491226,-0.08133893460035324,0,0.0030671937856823206,0.9815266132354736,0.1913011372089386,0,0.08346473425626755,0.190383180975914,-0.9781548976898193,0,0.007120148744434118,0.6218038201332092,-0.029303183779120445,1
B1,mixamorig_Spine,0,0.9985694289207458,-0.011784856207668781,0.052157461643218994,0,0.0116476034745574,0.999927818775177,0.0029346358496695757,0,-0.05218827351927757,-0.0023229278158396482,0.9986345171928406,0,0,0.046278998255729675,0.009736999869346619,1
B2,mixamorig_Spine1,1,0.9950864911079407,-0.004648792557418346,0.09889892488718033,0,0.017509374767541885,0.9914152026176453,-0.12957125902175903,0,-0.09744760394096375,0.1306663453578949,0.9866258502006531,0,0,0.05517499893903732,0,1
B3,mixamorig_Spine2,2,0.9950865507125854,-0.0046094683930277824,0.09890034049749374,0,-0.002909999340772629,0.9971224069595337,0.07575205713510513,0,-0.09896492213010788,-0.07566765695810318,0.9922096133232117,0,0,0.06305699795484543,0,1
B4,mixamorig_Neck,3,0.9856259226799011,-0.03471234813332558,-0.16533714532852173,0,0.05259636044502258,0.9930752515792847,0.10504812747240067,0,0.16054576635360718,-0.11223430186510086,0.9806265234947205,0,0,0.07093899697065353,0,1
B5,mixamorig_Head,4,0.9888607263565063,0.038682498037815094,-0.14373011887073517,0,-0.039349548518657684,0.9992235898971558,-0.0018003196455538273,0,0.14354893565177917,0.00743598397821188,0.9896154999732971,0,0,0.08098100125789642,-0.056846000254154205,1
B6,mixamorig_HeadTop_End,5,1,0,0,0,0,1,0,0,0,0,1,0,0,0.13240699470043182,-0.09294500201940536,1
B7,mixamorig_LeftShoulder,3,-0.056945011019706726,0.022828692570328712,0.9981161952018738,0,-0.8572551608085632,-0.5135496258735657,-0.037162743508815765,0,0.5117335915565491,-0.8577561974525452,0.048814065754413605,0,-0.036713000386953354,0.05640200152993202,0.002870999975129962,1
B8,mixamorig_LeftArm,7,0.9617495536804199,-0.055103886872529984,0.2683311402797699,0,-0.07468312233686447,0.8897045254707336,0.4503861665725708,0,-0.2635534107685089,-0.4531984329223633,0.8515574932098389,0,0,0.0807500034570694,0,1
B9,mixamorig_LeftForeArm,8,-0.15324288606643677,0.9372032284736633,0.3133167028427124,0,-0.9868089556694031,-0.12838292121887207,-0.0986241027712822,0,-0.05220628157258034,-0.3242969214916229,0.9445134997367859,0,0,0.1631859987974167,0,1
B10,mixamorig_LeftHand,9,0.9536325335502625,0.2723691761493683,-0.12806548178195953,0,-0.239199697971344,0.9441196918487549,0.22676284611225128,0,0.18267232179641724,-0.1856151670217514,0.9654936790466309,0,0,0.12521199882030487,0,1
B11,mixamorig_LeftHandThumb1,10,0.6908734440803528,0.660983145236969,-0.2929076850414276,0,-0.41653040051460266,0.6950502991676331,0.586009681224823,0,0.590928316116333,-0.2828536629676819,0.7555117011070251,0,-0.030997000634670258,0.03368600085377693,0.015536000020802021,1
B12,mixamorig_LeftHandThumb2,11,0.7073603272438049,-0.6985976696014404,-0.10771658271551132,0,0.6679355502128601,0.610740602016449,0.42527496814727783,0,-0.23130899667739868,-0.3727699816226959,0.8986309766769409,0,-0.002001000102609396,0.038621000945568085,0,1
B13,mixamorig_LeftHandThumb3,12,0.777866005897522,-0.6091285943984985,-0.15455365180969238,0,0.626001238822937,0.7294580936431885,0.2757054269313812,0,-0.055199649184942245,-0.3112126588821411,0.9487359523773193,0,-0.0005540000274777412,0.0409340001642704,0,1
B14,mixamorig_LeftHandThumb4,13,1,0,0,0,0,1,0,0,0,0,1,0,0.0025549998972564936,0.03424200043082237,0,1
B15,mixamorig_LeftHandIndex1,10,0.9800339937210083,0.1956205517053604,-0.035579413175582886,0,-0.04272300750017166,0.38194751739501953,0.9231961369514465,0,0.19418558478355408,-0.9032434225082397,0.38267895579338074,0,0,0.11284399777650833,0.0002690000110305846,1
B16,mixamorig_LeftHandIndex2,15,0.9958344101905823,-0.09079945087432861,-0.008313710801303387,0,-0.02312786877155304,-0.3397417962551117,0.9402346014976501,0,-0.08819728344678879,-0.9361255764961243,-0.340426504611969,0,0.0013330000219866633,0.03080900013446808,0,1
B17,mixamorig_LeftHandIndex3,16,0.9853119850158691,-0.1141505315899849,-0.1270066648721695,0,0.16385985910892487,0.4226331114768982,0.8913649320602417,0,-0.04807251691818237,-0.899083137512207,0.4351297914981842,0,0.0010809999657794833,0.027977000921964645,0,1
B18,mixamorig_LeftHandIndex4,17,1,0,0,0,0,1,0,0,0,0,1,0,-0.0024139999877661467,0.01971999928355217,0,1
B19,mixamorig_RightShoulder,3,0.2719215750694275,-0.2059336155653,-0.9400267004966736,0,0.8300443887710571,-0.44406595826148987,0.33738940954208374,0,-0.4869135618209839,-0.8720071315765381,0.05018295347690582,0,0.036713000386953354,0.056478001177310944,0.003229999914765358,1
B20,mixamorig_RightArm,19,0.9767955541610718,-0.074429452419281,0.2008245438337326,0,-0.004474924877285957,0.9303755760192871,0.3665808141231537,0,-0.21412669122219086,-0.3589732050895691,0.9084537625312805,0,0,0.0807500034570694,0,1
B21,mixamorig_RightForeArm,20,0.7156572341918945,-0.6750266551971436,-0.1793697327375412,0,0.69833904504776,0.6869350671768188,0.20110344886779785,0,-0.012534834444522858,-0.26918208599090576,0.9630078673362732,0,0,0.163223996758461,0,1
B22,mixamorig_RightHand,21,0.8651916980743408,-0.46594539284706116,0.18530689179897308,0,0.46886146068573,0.8827438354492188,0.03051888756453991,0,-0.17779873311519623,0.060478609055280685,0.9822070598602295,0,0,0.1250379979610443,0,1
B23,mixamorig_RightHandThumb1,22,0.7126436829566956,-0.6373987793922424,0.29302141070365906,0,0.4213851988315582,0.7228768467903137,0.5476164817810059,0,-0.5608683824539185,-0.2667805254459381,0.7837439775466919,0,0.03270399942994118,0.036956001073122025,0.01233300007879734,1
B24,mixamorig_RightHandThumb2,23,0.716966450214386,0.6853651404380798,0.12741175293922424,0,-0.6611188650131226,0.6105321049690247,0.436087429523468,0,0.2210901826620102,-0.3968944549560547,0.8908390402793884,0,0.003783999942243099,0.04051699861884117,0,1
B25,mixamorig_RightHandThumb3,24,0.8819294571876526,0.45966291427612305,0.10445159673690796,0,-0.46820205450057983,0.8285144567489624,0.30716472864151,0,0.05465259775519371,-0.3198022246360779,0.945906937122345,0,0.002005999907851219,0.03672900050878525,0,1
B26,mixamorig_RightHandThumb4,25,1,0,0,0,0,1,0,0,0,0,1,0,-0.005789999850094318,0.02582399919629097,0,1
B27,mixamorig_RightHandIndex1,22,0.9717450141906738,-0.23465649783611298,-0.025454912334680557,0,0.11500094830989838,0.3765176832675934,0.9192439913749695,0,-0.20612233877182007,-0.8961980938911438,0.3928649127483368,0,0,0.0853549987077713,0.00020900000527035445,1
B28,mixamorig_RightHandIndex2,27,0.9959989190101624,0.07244519144296646,-0.0523245595395565,0,0.07387718558311462,-0.3380380868911743,0.9382278919219971,0,0.05028243362903595,-0.9383400082588196,-0.34203776717185974,0,-0.002432999899610877,0.03920099884271622,0,1
B29,mixamorig_RightHandIndex3,28,0.9883569478988647,0.10048303008079529,0.1142522469162941,0,-0.14646895229816437,0.42501792311668396,0.8932560682296753,0,0.041197821497917175,-0.8995903730392456,0.4347871243953705,0,-0.0018149999668821692,0.0359329991042614,0,1
B30,mixamorig_RightHandIndex4,29,1,0,0,0,0,1,0,0,0,0,1,0,0.004248000215739012,0.030220000073313713,0,1
B31,mixamorig_LeftUpLeg,0,-0.9761247038841248,0.1104656457901001,0.18702618777751923,0,-0.09833157807588577,-0.9924734234809875,0.07298622280359268,0,0.1936810314655304,0.052853088825941086,0.9796403050422668,0,-0.062153998762369156,-0.02573299966752529,-0.00088900001719594,1
B32,mixamorig_LeftLeg,31,0.9939179420471191,0.10326976329088211,-0.03824491426348686,0,-0.04990823194384575,0.7319837808609009,0.6794917583465576,0,0.0981656014919281,-0.673450231552124,0.7326858043670654,0,0,0.27177301049232483,0,1
B33,mixamorig_LeftFoot,32,-0.9859500527381897,0.11159302294254303,-0.12429559975862503,0,0.16320352256298065,0.8021100163459778,-0.5744422078132629,0,0.03559502214193344,-0.5866571664810181,-0.8090533018112183,0,0,0.26535800099372864,0,1
B34,mixamorig_LeftToeBase,33,0.9756754636764526,-0.08449310064315796,0.20228458940982819,0,-0.047322407364845276,0.8198086619377136,0.5706786513328552,0,-0.2140529602766037,-0.5663694143295288,0.7958683371543884,0,0,0.1292569935321808,0,1
B35,mixamorig_LeftToe_End,34,1,0,0,0,0,1,0,0,0,0,1,0,0,0.047607000917196274,0,1
B36,mixamorig_RightUpLeg,0,-0.986860990524292,0.024437353014945984,-0.15971267223358154,0,0.08398222178220749,-0.7668870091438293,-0.6362642645835876,0,-0.13803017139434814,-0.6413173675537109,0.7547584176063538,0,0.062153998762369156,-0.02573299966752529,-0.0016980000073090196,1
B37,mixamorig_RightLeg,36,0.9919365048408508,-0.10975071787834167,0.06338008493185043,0,0.05631626769900322,0.829704225063324,0.555355429649353,0,-0.11353734135627747,-0.5473077893257141,0.8291943669319153,0,0,0.27178600430488586,0,1
B38,mixamorig_RightFoot,37,-0.9833513498306274,0.02971038594841957,0.17926771938800812,0,-0.161752387881279,0.30641165375709534,-0.9380553960800171,0,-0.0827997550368309,-0.9514355659484863,-0.29650476574897766,0,0,0.2654170095920563,0,1
B39,mixamorig_RightToeBase,38,0.9964035153388977,0.08464699238538742,-0.0037539247423410416,0,-0.07463417947292328,0.8977893590927124,0.43405523896217346,0,0.0401117205619812,-0.4322141706943512,0.900878369808197,0,0,0.12735900282859802,0,1
B40,mixamorig_RightToe_End,39,1,0,0,0,0,1,0,0,0,0,1,0,0,0.047756001353263855,0,1
@34,0,1,2,3,4,5,7,8,9,10,11,12,13,15,16,17,19,20,21,22,23,24,25,27,28,29,31,32,33,34,36,37,38,39
K0,0.998788058757782,-0.03006618842482567,0.03896605968475342,0,0.03529633954167366,0.9893290400505066,-0.1413593292236328,0,-0.03430011495947838,0.14256340265274048,0.9891912937164307,0,-0.0022189500741660595,0.5764709711074829,0.008928531780838966,1,0.9993379712104797,-0.023768821731209755,-0.027525831013917923,0,0.023478178307414055,0.9996659755706787,-0.010835215449333191,0,0.02777417004108429,0.010181783698499203,0.9995620250701904,0,0,0.046278998255729675,0.009736999869346619,1,0.9978179335594177,-0.011030969209969044,-0.0650961771607399,0,0.0006680302903987467,0.9875810146331787,-0.15711219608783722,0,0.06602082401514053,0.15672582387924194,0.985433042049408,0,0,0.05517499893903732,0,1,0.9978179931640625,-0.011056320741772652,-0.06509210914373398,0,0.014233678579330444,0.9987189769744873,0.048553723841905594,0,0.06447189301252365,-0.04937427490949631,0.9966970086097717,0,0,0.06305699795484543,0,1,0.9971309900283813,0.05099237337708473,0.055946946144104004,0,-0.05734662339091301,0.9912880659103394,0.11857593804597855,0,-0.049413055181503296,-0.12144406884908676,0.9913679361343384,0,0,0.07093899697065353,0,1,0.9974880218505859,0.02442607656121254,0.0664907917380333,0,-0.026935923844575882,0.9989479780197144,0.03711613267660141,0,-0.0655142068862915,-0.038813866674900055,0.9970960021018982,0,0,0.08098100125789642,-0.056846000254154205,1,0.005331949330866337,0.018275387585163116,0.9998190402984619,0,-0.8879311680793762,-0.45978862047195435,0.013139598071575165,0,0.459945410490036,-0.8878402709960938,0.013775711879134178,0,-0.036713000386953354,0.05640200152993202,0.002870999975129962,1,0.8838368654251099,-0.3609541654586792,-0.2975630462169647,0,0.4677077829837799,0.694101095199585,0.5472409725189209,0,0.009009920060634613,-0.6228449940681458,0.782293975353241,0,0,0.0807500034570694,0,1,0.2463066577911377,0.8333560824394226,0.49482420086860657,0,-0.9607179760932922,0.27730098366737366,0.01119745522737503,0,-0.12788379192352295,-0.4781445562839508,0.8689212799072266,0,0,0.1631859987974167,0,1,0.9539740681648254,0.27175989747047424,-0.12681171298027039,0,-0.23287104070186615,0.9377309083938599,0.2577422857284546,0,0.1889592856168747,-0.21634867787361145,0.9578559994697571,0,0,0.12521199882030487,0,1,0.6908741593360901,0.6609829068183899,-0.29290783405303955,0,-0.41653019189834595,0.6950510740280151,0.5860099792480469,0,0.5909282565116882,-0.2828540802001953,0.7555118799209595,0,-0.030997000634670258,0.03368600085377693,0.015536000020802021,1,0.7073600888252258,-0.6985980272293091,-0.10771594941616058,0,0.6679350733757019,0.6107398867607117,0.42527514696121216,0,-0.2313099205493927,-0.37276986241340637,0.8986310362815857,0,-0.002001000102609396,0.038621000945568085,0,1,0.7778661847114563,-0.6091288328170776,-0.15455420315265656,0,0.6260011792182922,0.7294577360153198,0.27570512890815735,0,-0.05519920587539673,-0.31121283769607544,0.9487360715866089,0,-0.0005540000274777412,0.0409340001642704,0,1,0.9800339937210083,0.1956198662519455,-0.035579171031713486,0,-0.04272312670946121,0.38194823265075684,0.9231959581375122,0,0.1941848248243332,-0.9032431840896606,0.38267967104911804,0,0,0.11284399777650833,0.0002690000110305846,1,0.99583500623703,-0.09079882502555847,-0.008313557133078575,0,-0.023127829656004906,-0.33974218368530273,0.9402339458465576,0,-0.08819655328989029,-0.9361250400543213,-0.3404269516468048,0,0.0013330000219866633,0.03080900013446808,0,1,0.9853120446205139,-0.11415088921785355,-0.12700678408145905,0,0.16386009752750397,0.4226330518722534,0.8913649320602417,0,-0.04807278886437416,-0.8990831971168518,0.4351298213005066,0,0.0010809999657794833,0.027977000921964645,0,1,0.2369021326303482,-0.19719330966472626,-0.9513108730316162,0,0.8446021676063538,-0.4421088695526123,0.3019717037677765,0,-0.48012983798980713,-0.8750171065330505,0.06181337684392929,0,0.036713000386953354,0.056478001177310944,0.003229999914765358,1,0.9076077342033386,-0.4114393889904022,-0.08346341550350189,0,0.40892961621284485,0.8214293718338013,0.3975307047367096,0,-0.09500042349100113,-0.3949323296546936,0.9137848019599915,0,0,0.0807500034570694,0,1,0.13586993515491486,-0.9221842885017395,-0.36209943890571594,0,0.9906629323959351,0.13060332834720612,0.03910795599222183,0,0.011226652190089226,-0.36403214931488037,0.931318998336792,0,0,0.163223996758461,0,1,0.8629781007766724,-0.46793609857559204,0.19053968787193298,0,0.47545093297958374,0.8797140121459961,0.00706514623016119,0,-0.17092634737491608,0.08449514210224152,0.9816539287567139,0,0,0.1250379979610443,0,1,0.7126443386077881,-0.6373987197875977,0.2930219769477844,0,0.42138421535491943,0.7228769659996033,0.5476168394088745,0,-0.560869038105011,-0.26678115129470825,0.7837438583374023,0,0.03270399942994118,0.036956001073122025,0.01233300007879734,1,0.7169657349586487,0.6853662133216858,0.12741214036941528,0,-0.661119818687439,0.610531210899353,0.4360869824886322,0,0.2210901379585266,-0.39689403772354126,0.8908389210700989,0,0.003783999942243099,0.04051699861884117,0,1,0.8819299936294556,0.45966285467147827,0.10445205867290497,0,-0.468202143907547,0.8285149931907654,0.3071646988391876,0,0.05465206876397133,-0.31980228424072266,0.945906937122345,0,0.002005999907851219,0.03672900050878525,0,1,0.9717450141906738,-0.23465706408023834,-0.02545488066971302,0,0.11500094085931778,0.37651684880256653,0.9192440509796143,0,-0.20612289011478424,-0.8961979746818542,0.39286407828330994,0,0,0.0853549987077713,0.00020900000527035445,1,0.9959990382194519,0.07244586944580078,-0.0523238405585289,0,0.07387687265872955,-0.33803990483283997,0.9382281303405762,0,0.05028316006064415,-0.9383389353752136,-0.34203916788101196,0,-0.002432999899610877,0.03920099884271622,0,1,0.9883569478988647,0.10048234462738037,0.1142522543668747,0,-0.1464686542749405,0.4250178635120392,0.8932561278343201,0,0.04119724780321121,-0.8995909094810486,0.43478721380233765,0,-0.0018149999668821692,0.0359329991042614,0,1,-0.9834609627723694,0.05280226469039917,0.17325396835803986,0,-0.1242867261171341,-0.8925500512123108,-0.43348202109336853,0,0.13174904882907867,-0.4478459656238556,0.8843510150909424,0,-0.062153998762369156,-0.02573299966752529,-0.00088900001719594,1,0.9977189898490906,0.05506660416722298,0.039042942225933075,0,-0.049361396580934525,0.20063574612140656,0.9784220457077026,0,0.04604494571685791,-0.9781169891357422,0.2028961479663849,0,0,0.27177301049232483,0,1,-0.9786679148674011,0.1439560502767563,-0.14657850563526154,0,0.2035779505968094,0.5834829807281494,-0.7861950397491455,0,-0.027651503682136536,-0.7992649674415588,-0.6003431677818298,0,0,0.26535800099372864,0,1,0.9466581344604492,-0.1566552370786667,0.28159865736961365,0,-0.1169462502002716,0.6472801566123962,0.7532278299331665,0,-0.30027028918266296,-0.745980978012085,0.5944327116012573,0,0,0.1292569935321808,0,1,-0.9918129444122314,-0.12234894931316376,-0.036572206765413284,0,0.1224670335650444,-0.9924718737602234,-0.0009981387993320823,0,-0.036174796521663666,-0.005468860734254122,0.999330997467041,0,0.062153998762369156,-0.02573299966752529,-0.0016980000073090196,1,0.98853999376297,-0.14102302491664886,0.053857143968343735,0,0.06882496923208237,0.7385721802711487,0.6706528067588806,0,-0.1343548446893692,-0.6592602133750916,0.7398138642311096,0,0,0.27178600430488586,0,1,-0.979978084564209,0.03561461716890335,0.19589489698410034,0,-0.1986483931541443,-0.10821887850761414,-0.9740778803825378,0,-0.013491887599229813,-0.9934890866279602,0.11312688142061234,0,0,0.2654170095920563,0,1,0.9972040057182312,0.06092415004968643,0.043282005935907364,0,-0.07425186038017273,0.873340904712677,0.48141729831695557,0,-0.008469996973872185,-0.48328471183776855,0.8754221796989441,0,0,0.12735900282859802,0,1
K0.033,0.9989636540412903,-0.04496932029724121,0.006924512796103954,0,0.04549909755587578,0.9868030548095703,-0.15540428459644318,0,0.000155295550939627,0.15555834770202637,0.9878265261650085,0,-0.007082055322825909,0.5891171097755432,0.015262116678059101,1,0.9988949298858643,-0.022805113345384598,-0.04108911752700806,0,0.02269480749964714,0.999737024307251,-0.003148938762024045,0,0.04115017503499985,0.0022129518911242485,0.9991509914398193,0,0,0.046278998255729675,0.009736999869346619,1,0.9960610270500183,-0.0072530764155089855,-0.08837740123271942,0,-0.005364151671528816,0.9898959994316101,-0.1416970193386078,0,0.08851209282875061,0.14161279797554016,0.9859570264816284,0,0,0.05517499893903732,0,1,0.9960609674453735,-0.007287811487913132,-0.08837515860795975,0,0.012957166880369186,0.9978820085525513,0.06374813616275787,0,0.08772332966327667,-0.06464206427335739,0.9940449595451355,0,0,0.06305699795484543,0,1,0.9929370284080505,0.08116800338029861,0.0865364596247673,0,-0.08973755687475204,0.9909089207649231,0.10023107379674911,0,-0.0776141956448555,-0.10728871077299118,0.9911940693855286,0,0,0.07093899697065353,0,1,0.9938679933547974,-0.007180321961641312,0.11033716797828674,0,0.005541155114769936,0.9998700618743896,0.015155477449297905,0,-0.11043168604373932,-0.014451153576374054,0.9937788844108582,0,0,0.08098100125789642,-0.056846000254154205,1,0.00019109608547296375,0.01833980157971382,0.9998320937156677,0,-0.8875089287757874,-0.46071022748947144,0.008620411157608032,0,0.460790753364563,-0.8873611688613892,0.016188640147447586,0,-0.036713000386953354,0.05640200152993202,0.002870999975129962,1,0.8826210498809814,-0.34875765442848206,-0.3151952624320984,0,0.4692109227180481,0.6944710612297058,0.5454819798469543,0,0.0286529790610075,-0.6293471455574036,0.7765958905220032,0,0,0.0807500034570694,0,1,0.33695611357688904,0.8267999887466431,0.4504021406173706,0,-0.9344855546951294,0.3520592749118805,0.052837200462818146,0,-0.11488242447376251,-0.4386979937553406,0.8912609815597534,0,0,0.1631859987974167,0,1,0.9536030888557434,0.273070752620697,-0.126779705286026,0,-0.2352283000946045,0.9386098980903625,0.25234711170196533,0,0.1879052370786667,-0.21081674098968506,0.9592949748039246,0,0,0.12521199882030487,0,1,0.6908741593360901,0.6609829068183899,-0.29290783405303955,0,-0.41653019189834595,0.6950510740280151,0.5860099792480469,0,0.5909282565116882,-0.2828540802001953,0.7555118799209595,0,-0.030997000634670258,0.03368600085377693,0.015536000020802021,1,0.7073609232902527,-0.6985970139503479,-0.10771683603525162,0,0.6679349541664124,0.6107409596443176,0.4252752661705017,0,-0.23130881786346436,-0.3727707266807556,0.8986310958862305,0,-0.002001000102609396,0.038621000945568085,0,1,0.7778659462928772,-0.6091281175613403,-0.15455390512943268,0,0.6260008811950684,0.7294581532478333,0.27570468187332153,0,-0.05519891530275345,-0.31121233105659485,0.9487358927726746,0,-0.0005540000274777412,0.0409340001642704,0,1,0.9800339341163635,0.19561916589736938,-0.03557885065674782,0,-0.042722854763269424,0.38194671273231506,0.9231961369514465,0,0.19418415427207947,-0.903243899345398,0.3826783001422882,0,0,0.11284399777650833,0.0002690000110305846,1,0.9958339333534241,-0.09079986065626144,-0.008313796482980251,0,-0.02312786877155304,-0.33974093198776245,0.9402340650558472,0,-0.08819779008626938,-0.9361260533332825,-0.34042608737945557,0,0.0013330000219866633,0.03080900013446808,0,1,0.9853119850158691,-0.1141500398516655,-0.12700699269771576,0,0.16385993361473083,0.42263302206993103,0.8913649320602417,0,-0.04807199910283089,-0.8990839123725891,0.4351300001144409,0,0.0010809999657794833,0.027977000921964645,0,1,0.24311232566833496,-0.20035836100578308,-0.9490798115730286,0,0.8394641876220703,-0.4467684328556061,0.30935004353523254,0,-0.4860001504421234,-0.871925950050354,0.05957884341478348,0,0.036713000386953354,0.056478001177310944,0.003229999914765358,1,0.9156220555305481,-0.39259886741638184,-0.08661901205778122,0,0.396091103553772,0.8439600467681885,0.36172178387641907,0,-0.06890857964754105,-0.36550942063331604,0.9282532334327698,0,0,0.0807500034570694,0,1,0.05301019549369812,-0.9245810508728027,-0.3772800862789154,0,0.9985360503196716,0.05315924435853958,0.010025858879089355,0,0.010786181315779686,-0.3772590160369873,0.9260449409484863,0,0,0.163223996758461,0,1,0.860662043094635,-0.4738958775997162,0.18623393774032593,0,0.4785751402378082,0.877772867679596,0.021915916353464127,0,-0.17385703325271606,0.0702647715806961,0.9822609424591064,0,0,0.1250379979610443,0,1,0.7126441597938538,-0.6373988389968872,0.29302215576171875,0,0.42138418555259705,0.7228768467903137,0.5476170182228088,0,-0.5608689188957214,-0.2667810022830963,0.7837430834770203,0,0.03270399942994118,0.036956001073122025,0.01233300007879734,1,0.7169660925865173,0.6853650808334351,0.12741149961948395,0,-0.6611190438270569,0.6105320453643799,0.4360876977443695,0,0.22109052538871765,-0.3968943953514099,0.8908389806747437,0,0.003783999942243099,0.04051699861884117,0,1,0.8819299936294556,0.45966312289237976,0.10445096343755722,0,-0.4682019054889679,0.8285148739814758,0.30716437101364136,0,0.054652951657772064,-0.31980156898498535,0.9459071159362793,0,0.002005999907851219,0.03672900050878525,0,1,0.9717450141906738,-0.23465706408023834,-0.02545488066971302,0,0.11500094085931778,0.37651684880256653,0.9192440509796143,0,-0.20612289011478424,-0.8961979746818542,0.39286407828330994,0,0,0.0853549987077713,0.00020900000527035445,1,0.9959989190101624,0.07244514673948288,-0.05232454091310501,0,0.07387714087963104,-0.3380373418331146,0.9382289052009583,0,0.050282467156648636,-0.9383401870727539,-0.34203672409057617,0,-0.002432999899610877,0.03920099884271622,0,1,0.9883569478988647,0.10048236697912216,0.11425231397151947,0,-0.1464686393737793,0.4250172972679138,0.893255889415741,0,0.04119730368256569,-0.8995910882949829,0.4347868263721466,0,-0.0018149999668821692,0.0359329991042614,0,1,-0.9889880418777466,0.014758586883544922,0.1472553312778473,0,-0.09372474998235703,-0.8325056433677673,-0.5460315346717834,0,0.11453220993280411,-0.553820013999939,0.8247212767601013,0,-0.062153998762369156,-0.02573299966752529,-0.00088900001719594,1,0.994733989238739,0.09748339653015137,0.031640224158763885,0,-0.05544363334774971,0.25219103693962097,0.9660876989364624,0,0.08619814366102219,-0.9627547264099121,0.25626787543296814,0,0,0.27177301049232483,0,1,-0.9710140824317932,0.18422001600265503,-0.15229538083076477,0,0.2240256816148758,0.4793098270893097,-0.8485722541809082,0,-0.08332731574773788,-0.8580937385559082,-0.5066866278648376,0,0,0.26535800099372864,0,1,0.9766619801521301,-0.07252328842878342,0.20216871798038483,0,-0.11452071368694305,0.6204729676246643,0.7758212089538574,0,-0.18170516192913055,-0.780866801738739,0.5976864099502563,0,0,0.1292569935321808,0,1,-0.9861669540405273,-0.14799495041370392,-0.07464147359132767,0,0.1435144990682602,-0.9876908659934998,0.0622173435986042,0,-0.08293057978153229,0.05064456909894943,0.9952678680419922,0,0.062153998762369156,-0.02573299966752529,-0.0016980000073090196,1,0.9882610440254211,-0.14001572132110596,0.061112914234399796,0,0.07408725470304489,0.7890844345092773,0.609800398349762,0,-0.1336049735546112,-0.5981146097183228,0.7901952862739563,0,0,0.27178600430488586,0,1,-0.978069007396698,-0.014296730048954487,0.20779195427894592,0,-0.20564095675945282,0.2246875762939453,-0.9524851441383362,0,-0.033070825040340424,-0.9743261933326721,-0.22269977629184723,0,0,0.2654170095920563,0,1,0.9976660013198853,0.06653016060590744,0.015373565256595612,0,-0.05136789754033089,0.5829154253005981,0.810907781124115,0,0.04498833790421486,-0.8098047971725464,0.5849723815917969,0,0,0.12735900282859802,0,1
K0.067,0.9979910850524902,-0.05941040441393852,-0.02201777696609497,0,0.05482472851872444,0.9839320182800293,-0.16991713643074036,0,0.03175882622599602,0.1683686077594757,0.9852120876312256,0,-0.011620992794632912,0.6026028990745544,0.015285058878362179,1,0.9982579946517944,-0.01899717189371586,-0.05585313215851784,0,0.019153902307152748,0.999813973903656,0.00227202195674181,0,0.05579956993460655,-0.0033378691878169775,0.9984359741210938,0,0,0.046278998255729675,0.009736999869346619,1,0.9935930967330933,-0.004598225466907024,-0.11292647570371628,0,-0.010274150408804417,0.991360068321228,-0.1307649165391922,0,0.11255205422639847,0.1310872882604599,0.9849609136581421,0,0,0.05517499893903732,0,1,0.9935929179191589,-0.004642288666218519,-0.11292576044797897,0,0.013096737675368786,0.9971539974212646,0.07424125075340271,0,0.11225973814725876,-0.07524454593658447,0.9908260703086853,0,0,0.06305699795484543,0,1,0.9868521094322205,0.10831195116043091,0.11996828019618988,0,-0.11901349574327469,0.9891660809516907,0.08594117313623428,0,-0.10936006158590317,-0.09908904135227203,0.9890509247779846,0,0,0.07093899697065353,0,1,0.9876920580863953,-0.029828475788235664,0.15353970229625702,0,0.03039105236530304,0.9995369911193848,-0.0013178078224882483,0,-0.15342943370342255,0.005967826582491398,0.9881420731544495,0,0,0.08098100125789642,-0.056846000254154205,1,0.00323885609395802,0.018564077094197273,0.9998219609260559,0,-0.8872440457344055,-0.46115872263908386,0.011436646804213524,0,0.46128931641578674,-0.8871238231658936,0.014977304264903069,0,-0.036713000386953354,0.05640200152993202,0.002870999975129962,1,0.8901308178901672,-0.3232063055038452,-0.321256160736084,0,0.4531441330909729,0.7024111151695251,0.5488886833190918,0,0.04824962466955185,-0.634158194065094,0.771696925163269,0,0,0.0807500034570694,0,1,0.4439986050128937,0.7972816824913025,0.408909410238266,0,-0.890224277973175,0.4443654716014862,0.10020293295383453,0,-0.10181523859500885,-0.4085109531879425,0.9070569276809692,0,0,0.1631859987974167,0,1,0.952544093132019,0.27723684906959534,-0.1257011443376541,0,-0.24076803028583527,0.9388498663902283,0.24615222215652466,0,0.18625687062740326,-0.20420588552951813,0.9610450267791748,0,0,0.12521199882030487,0,1,0.6908736824989319,0.6609834432601929,-0.29290780425071716,0,-0.41653066873550415,0.6950504779815674,0.5860095620155334,0,0.5909281969070435,-0.2828534245491028,0.7555118203163147,0,-0.030997000634670258,0.03368600085377693,0.015536000020802021,1,0.7073600888252258,-0.6985980272293091,-0.10771594941616058,0,0.6679350733757019,0.6107398867607117,0.42527514696121216,0,-0.2313099205493927,-0.37276986241340637,0.8986310362815857,0,-0.002001000102609396,0.038621000945568085,0,1,0.7778660655021667,-0.6091288924217224,-0.15455299615859985,0,0.6260010600090027,0.7294578552246094,0.2757050395011902,0,-0.05520002171397209,-0.3112119734287262,0.9487360119819641,0,-0.0005540000274777412,0.0409340001642704,0,1,0.9800339937210083,0.19562076032161713,-0.035579338669776917,0,-0.04272324591875076,0.38194790482521057,0.9231961369514465,0,0.19418565928936005,-0.9032430052757263,0.3826792240142822,0,0,0.11284399777650833,0.0002690000110305846,1,0.99583500623703,-0.09079946577548981,-0.008313040249049664,0,-0.023128464818000793,-0.33974140882492065,0.9402341842651367,0,-0.08819704502820969,-0.9361258149147034,-0.3404264450073242,0,0.0013330000219866633,0.03080900013446808,0,1,0.9853119254112244,-0.11415117233991623,-0.12700630724430084,0,0.16385981440544128,0.42263293266296387,0.8913650512695312,0,-0.04807332158088684,-0.8990839719772339,0.43513011932373047,0,0.0010809999657794833,0.027977000921964645,0,1,0.2478940486907959,-0.20356519520282745,-0.9471588730812073,0,0.8344752192497253,-0.4517858028411865,0.3155006766319275,0,-0.4921377897262573,-0.8685910701751709,0.057875096797943115,0,0.036713000386953354,0.056478001177310944,0.003229999914765358,1,0.9162330031394958,-0.3881710469722748,-0.09920120239257812,0,0.39880093932151794,0.8598768711090088,0.31869828701019287,0,-0.03840862959623337,-0.33156347274780273,0.9426507353782654,0,0,0.0807500034570694,0,1,-0.02964850887656212,-0.9162350296974182,-0.3995439410209656,0,0.9994849562644958,-0.022251827642321587,-0.02313973754644394,0,0.012310816906392574,-0.40002381801605225,0.9164220690727234,0,0,0.163223996758461,0,1,0.8592280149459839,-0.4774010479450226,0.18389104306697845,0,0.4806119203567505,0.8764320611953735,0.029660720378160477,0,-0.17532795667648315,0.06289487332105637,0.9824990034103394,0,0,0.1250379979610443,0,1,0.7126442193984985,-0.6373984813690186,0.29302138090133667,0,0.4213844835758209,0.7228769063949585,0.5476167798042297,0,-0.5608686208724976,-0.2667813003063202,0.7837440967559814,0,0.03270399942994118,0.036956001073122025,0.01233300007879734,1,0.7169662117958069,0.6853656768798828,0.12741196155548096,0,-0.661119282245636,0.610531747341156,0.4360869526863098,0,0.22108995914459229,-0.39689403772354126,0.8908389806747437,0,0.003783999942243099,0.04051699861884117,0,1,0.8819299936294556,0.4596628248691559,0.10445218533277512,0,-0.4682021737098694,0.828514814376831,0.30716511607170105,0,0.054652199149131775,-0.319802850484848,0.9459071159362793,0,0.002005999907851219,0.03672900050878525,0,1,0.9717450737953186,-0.23465676605701447,-0.02545536868274212,0,0.11500124633312225,0.3765166997909546,0.919244110584259,0,-0.20612236857414246,-0.8961979746818542,0.3928638994693756,0,0,0.0853549987077713,0.00020900000527035445,1,0.9959990382194519,0.07244577258825302,-0.052323829382658005,0,0.0738767683506012,-0.33803918957710266,0.9382279515266418,0,0.05028316378593445,-0.9383400082588196,-0.3420388698577881,0,-0.002432999899610877,0.03920099884271622,0,1,0.9883570671081543,0.1004820317029953,0.11425275355577469,0,-0.14646895229816437,0.4250178933143616,0.8932560682296753,0,0.04119674861431122,-0.8995909690856934,0.43478718400001526,0,-0.0018149999668821692,0.0359329991042614,0,1,-0.9930918216705322,-0.017048640176653862,0.11609172075986862,0,-0.05935428664088249,-0.7804806232452393,-0.6223560571670532,0,0.10121770948171616,-0.6249474883079529,0.7740774154663086,0,-0.062153998762369156,-0.02573299966752529,-0.00088900001719594,1,0.995055079460144,0.09453780949115753,0.03044954128563404,0,-0.06208216771483421,0.3527209758758545,0.9336662888526917,0,0.07752662152051926,-0.9309402704238892,0.35684606432914734,0,0,0.27177301049232483,0,1,-0.974515974521637,0.19601993262767792,-0.10906779021024704,0,0.18129636347293854,0.4019085764884949,-0.8975527286529541,0,-0.13210289180278778,-0.8944526314735413,-0.42720383405685425,0,0,0.26535800099372864,0,1,0.9801838994026184,-0.08113893121480942,0.18070955574512482,0,-0.06350953876972198,0.7353826761245728,0.6746693253517151,0,-0.18763263523578644,-0.6727768778800964,0.7156572341918945,0,0,0.1292569935321808,0,1,-0.9768129587173462,-0.17475204169750214,-0.12368578463792801,0,0.1610095053911209,-0.9803940057754517,0.113591767847538,0,-0.14111116528511047,0.09104330837726593,0.985798180103302,0,0.062153998762369156,-0.02573299966752529,-0.0016980000073090196,1,0.9890508651733398,-0.1346285194158554,0.06044020876288414,0,0.07833348959684372,0.8260464668273926,0.558131754398346,0,-0.1250668615102768,-0.5472861528396606,0.8275479078292847,0,0,0.27178600430488586,0,1,-0.9806739091873169,-0.08999456465244293,0.17372427880764008,0,-0.19402186572551727,0.561663031578064,-0.8042950630187988,0,-0.025192296132445335,-0.8224570751190186,-0.5682687759399414,0,0,0.2654170095920563,0,1,0.9953630566596985,0.09601151943206787,-0.005865467246621847,0,-0.024275505915284157,0.30973517894744873,0.9505128860473633,0,0.0930769294500351,-0.9459630250930786,0.3106296956539154,0,0,0.12735900282859802,0,1
