2.700,30,80,41
B0,mixamorig_Hips,-1,-0.5613617897033691,-0.12174800783395767,-0.8185664415359497,0,-0.22812412679195404,0.9735626578330994,0.011643351055681705,0,0.7955078482627869,0.19327080249786377,-0.5742942690849304,0,0.008396015502512455,0.5172337293624878,-0.04506079852581024,1
B1,mixamorig_Spine,0,0.9962450265884399,0.0015617141034454107,0.08656229823827744,0,-0.0021210371050983667,0.9999770522117615,0.006369914393872023,0,-0.08655041456222534,-0.006529601290822029,0.9962260723114014,0,0,0.046278998255729675,0.009736999869346619,1
B2,mixamorig_Spine1,1,0.9926581978797913,0.07513628900051117,0.09478656947612762,0,-0.062318917363882065,0.9893417358398438,-0.13160182535648346,0,-0.1036643385887146,0.12472859025001526,0.9867602586746216,0,0,0.05517499893903732,0,1
B3,mixamorig_Spine2,2,0.9948063492774963,0.049687474966049194,0.08883127570152283,0,-0.05598890036344528,0.9959808588027954,0.0699116513133049,0,-0.08500054478645325,-0.07452214509248734,0.9935903549194336,0,0,0.06305699795484543,0,1
B4,mixamorig_Neck,3,0.9119236469268799,-0.025908755138516426,-0.40954041481018066,0,-0.0744781345129013,0.9709799289703369,-0.2272675633430481,0,0.4035441279411316,0.23775269091129303,0.8835306763648987,0,0,0.07093899697065353,0,1
B5,mixamorig_Head,4,0.8409984707832336,0.32406651973724365,-0.4332468807697296,0,-0.23452430963516235,0.9399824142456055,0.247854545712471,0,0.48756563663482666,-0.10683833062648773,0.8665249943733215,0,0,0.08098100125789642,-0.056846000254154205,1
B6,mixamorig_HeadTop_End,5,1,0,0,0,0,1,0,0,0,0,1,0,0,0.13240699470043182,-0.09294500201940536,1
B7,mixamorig_LeftShoulder,3,-0.17035239934921265,0.006698707118630409,0.985360324382782,0,-0.8938548564910889,-0.42192593216896057,-0.15166433155536652,0,0.414732962846756,-0.9066050052642822,0.07786383479833603,0,-0.036713000386953354,0.05640200152993202,0.002870999975129962,1
B8,mixamorig_LeftArm,7,0.9431757926940918,-0.17580962181091309,0.2819758355617523,0,0.17334489524364471,0.9842783212661743,0.03387126699090004,0,-0.28349781036376953,0.016932526603341103,0.9588239192962646,0,0,0.0807500034570694,0,1
B9,mixamorig_LeftForeArm,8,0.953154981136322,0.16244439780712128,-0.25516241788864136,0,-0.0889972522854805,0.9568271636962891,0.27669838070869446,0,0.2890941798686981,-0.24102751910686493,0.9264609813690186,0,0,0.1631859987974167,0,1
B10,mixamorig_LeftHand,9,0.964693009853363,0.22781740128993988,-0.13216008245944977,0,-0.18812766671180725,0.9472180604934692,0.2595890164375305,0,0.18432337045669556,-0.22556079924106598,0.9566336870193481,0,0,0.12521199882030487,0,1
B11,mixamorig_LeftHandThumb1,10,0.5874466300010681,0.7011089324951172,-0.4041694700717926,0,-0.43008360266685486,0.6935359835624695,0.5779582858085632,0,0.6855179071426392,-0.1656930297613144,0.7089509963989258,0,-0.030997000634670258,0.03368600085377693,0.015536000020802021,1
B12,mixamorig_LeftHandThumb2,11,0.8368623852729797,-0.5459477305412292,0.04002516344189644,0,0.48271289467811584,0.7704590559005737,0.4163910746574402,0,-0.2581654191017151,-0.3291412591934204,0.9083039164543152,0,-0.002001000102609396,0.038621000945568085,0,1
B13,mixamorig_LeftHandThumb3,12,0.6795974373817444,-0.729024350643158,-0.0816744714975357,0,0.7298614978790283,0.6607403755187988,0.17528335750102997,0,-0.07382018864154816,-0.17873311042785645,0.9811238050460815,0,-0.0005540000274777412,0.0409340001642704,0,1
B14,mixamorig_LeftHandThumb4,13,1,0,0,0,0,1,0,0,0,0,1,0,0.0025549998972564936,0.03424200043082237,0,1
B15,mixamorig_LeftHandIndex1,10,0.9931219220161438,0.08892641216516495,-0.07615780085325241,0,0.05137179419398308,0.2535446286201477,0.9659585356712341,0,0.10520864278078079,-0.9632270336151123,0.24723245203495026,0,0,0.11284399777650833,0.0002690000110305846,1
B16,mixamorig_LeftHandIndex2,15,0.9975179433822632,-0.06704628467559814,-0.02152797020971775,0,0.02072714827954769,-0.012616971507668495,0.9997050762176514,0,-0.06729812920093536,-0.99767005443573,-0.011195977218449116,0,0.0013330000219866633,0.03080900013446808,0,1
B17,mixamorig_LeftHandIndex3,16,0.9864160418510437,-0.10289135575294495,-0.12804684042930603,0,0.15977872908115387,0.4200838506221771,0.8933083415031433,0,-0.03812331706285477,-0.9016335606575012,0.4308176338672638,0,0.0010809999657794833,0.027977000921964645,0,1
B18,mixamorig_LeftHandIndex4,17,1,0,0,0,0,1,0,0,0,0,1,0,-0.0024139999877661467,0.01971999928355217,0,1
B19,mixamorig_RightShoulder,3,0.3258456289768219,-0.11410191655158997,-0.9385117888450623,0,0.8466751575469971,-0.406486839056015,0.3433801233768463,0,-0.4206734001636505,-0.906504213809967,-0.03584469109773636,0,0.036713000386953354,0.056478001177310944,0.003229999914765358,1
B20,mixamorig_RightArm,19,0.8968057036399841,-0.014265730045735836,-0.44219404458999634,0,0.02677437849342823,0.9993983507156372,0.022058801725506783,0,0.44161349534988403,-0.03162194415926933,0.8966484665870667,0,0,0.0807500034570694,0,1
B21,mixamorig_RightForeArm,20,0.9551985263824463,-0.2927664816379547,-0.04339870810508728,0,0.29574018716812134,0.9384292960166931,0.17857548594474792,0,-0.011554291471838951,-0.18340972065925598,0.9829687476158142,0,0,0.163223996758461,0,1
B22,mixamorig_RightHand,21,0.904984176158905,0.2953329086303711,-0.30623793601989746,0,-0.17184677720069885,0.9122254252433777,0.37190547585487366,0,0.3891938030719757,-0.28394246101379395,0.8763012886047363,0,0,0.1250379979610443,0,1
B23,mixamorig_RightHandThumb1,22,0.1778910905122757,-0.6158046722412109,0.7675540447235107,0,0.3733372688293457,0.7639148831367493,0.526358962059021,0,-0.9104798436164856,0.19292192161083221,0.36579635739326477,0,0.03270399942994118,0.036956001073122025,0.01233300007879734,1
B24,mixamorig_RightHandThumb2,23,0.9731661081314087,0.15044693648815155,-0.17410974204540253,0,-0.1288120597600937,0.9831680059432983,0.12956812977790833,0,0.19067224860191345,-0.103663869202137,0.9761649966239929,0,0.003783999942243099,0.04051699861884117,0,1
B25,mixamorig_RightHandThumb3,24,0.9510220885276794,0.3090417683124542,-0.0070848832838237286,0,-0.29999324679374695,0.928220808506012,0.2200213074684143,0,0.0745721161365509,-0.20711970329284668,0.9754690527915955,0,0.002005999907851219,0.03672900050878525,0,1
B26,mixamorig_RightHandThumb4,25,1,0,0,0,0,1,0,0,0,0,1,0,-0.005789999850094318,0.02582399919629097,0,1
B27,mixamorig_RightHandIndex1,22,0.9860860705375671,-0.1576639711856842,0.05269375815987587,0,0.09247604757547379,0.7836710214614868,0.6142539381980896,0,-0.1381402313709259,-0.6008341312408447,0.7873469591140747,0,0,0.0853549987077713,0.00020900000527035445,1
B28,mixamorig_RightHandIndex2,27,0.9999979734420776,0.002005246002227068,-0.000274905760306865,0,-0.0004597539664246142,0.35731789469718933,0.9339831471443176,0,0.0019710944034159184,-0.9339810013771057,0.35731804370880127,0,-0.002432999899610877,0.03920099884271622,0,1
B29,mixamorig_RightHandIndex3,28,0.9857550263404846,0.08438486605882645,0.1454862356185913,0,-0.16803713142871857,0.4575769603252411,0.8731470108032227,0,0.007109242025762796,-0.8851569294929504,0.4652390480041504,0,-0.0018149999668821692,0.0359329991042614,0,1
B30,mixamorig_RightHandIndex4,29,1,0,0,0,0,1,0,0,0,0,1,0,0.004248000215739012,0.030220000073313713,0,1
B31,mixamorig_LeftUpLeg,0,-0.6462109684944153,-0.02052520401775837,0.7628833055496216,0,-0.6204448938369751,-0.5679295659065247,-0.5408365726470947,0,0.44436439871788025,-0.8228208422660828,0.3542672395706177,0,-0.062153998762369156,-0.02573299966752529,-0.00088900001719594,1
B32,mixamorig_LeftLeg,31,0.9673861265182495,0.2143164575099945,-0.1350286453962326,0,-0.03977276384830475,0.654965341091156,0.7546120285987854,0,0.250164657831192,-0.7246302366256714,0.6421279311180115,0,0,0.27177301049232483,0,1
B33,mixamorig_LeftFoot,32,-0.9806134700775146,-0.12353714555501938,-0.1521039605140686,0,0.045817144215106964,0.6101624965667725,-0.7909501791000366,0,0.19051982462406158,-0.7825852036476135,-0.5926733613014221,0,0,0.26535800099372864,0,1
B34,mixamorig_LeftToeBase,33,0.9936550259590149,-0.0803617313504219,-0.07869020104408264,0,0.11069228500127792,0.8227229714393616,0.5575599670410156,0,0.01993377134203911,-0.5627331137657166,0.8263989686965942,0,0,0.1292569935321808,0,1
B35,mixamorig_LeftToe_End,34,1,0,0,0,0,1,0,0,0,0,1,0,0,0.047607000917196274,0,1
B36,mixamorig_RightUpLeg,0,-0.8878950476646423,-0.3322156071662903,-0.31823837757110596,0,0.45449593663215637,-0.526310920715332,-0.7186311483383179,0,0.07124810665845871,-0.7827066779136658,0.6182992458343506,0,0.062153998762369156,-0.02573299966752529,-0.0016980000073090196,1
B37,mixamorig_RightLeg,36,0.9898869395256042,-0.09028167277574539,0.10942032933235168,0,-0.08094745129346848,0.27394554018974304,0.9583326578140259,0,-0.11649502068758011,-0.957497775554657,0.2638669013977051,0,0,0.27178600430488586,0,1
B38,mixamorig_RightFoot,37,-0.9667088985443115,0.25282979011535645,-0.03938145563006401,0,0.04579894244670868,0.01954524777829647,-0.9987597465515137,0,-0.25174641609191895,-0.9673131108283997,-0.030473992228507996,0,0,0.2654170095920563,0,1
B39,mixamorig_RightToeBase,38,0.9980189800262451,0.05689249560236931,0.026865968480706215,0,-0.06240350753068924,0.8406559824943542,0.5379620790481567,0,0.008020968176424503,-0.5385729670524597,0.842540979385376,0,0,0.12735900282859802,0,1
B40,mixamorig_RightToe_End,39,1,0,0,0,0,1,0,0,0,0,1,0,0,0.047756001353263855,0,1
@34,0,1,2,3,4,5,7,8,9,10,11,12,13,15,16,17,19,20,21,22,23,24,25,27,28,29,31,32,33,34,36,37,38,39
K0,0.6341651082038879,-0.04341820627450943,0.7719770073890686,0,0.12924809753894806,0.990327000617981,-0.05047614872455597,0,-0.76231849193573,0.13178686797618866,0.6336429119110107,0,-0.0019039313774555922,0.5224440097808838,0.0008348789997398853,1,0.997931957244873,0.028851794078946114,-0.057444047182798386,0,-0.027888206765055656,0.9994579553604126,0.017506113275885582,0,0.05791795253753662,-0.015867888927459717,0.9981949925422668,0,0,0.046278998255729675,0.009736999869346619,1,0.9925029873847961,0.04119880124926567,-0.11507124453783035,0,-0.0527941919863224,0.9936249852180481,-0.09960988909006119,0,0.11023376137018204,0.10493811219930649,0.988349974155426,0,0,0.05517499893903732,0,1,0.9925031065940857,0.041153885424137115,-0.11508665978908539,0,-0.02899111993610859,0.9940040111541748,0.10542795062065125,0,0.11873534321784973,-0.10130104422569275,0.987744927406311,0,0,0.06305699795484543,0,1,0.9866659641265869,-0.03541923314332962,-0.1588582992553711,0,-0.004572234116494656,0.9696170091629028,-0.24458500742912292,0,0.16269470751285553,0.24205002188682556,0.9565260410308838,0,0,0.07093899697065353,0,1,0.9176599979400635,0.0896785780787468,-0.38711515069007874,0,-0.05649842694401741,0.9937490224838257,0.0962805524468422,0,0.3933298587799072,-0.06648144870996475,0.9169910550117493,0,0,0.08098100125789642,-0.056846000254154205,1,-0.19147637486457825,-0.03396368399262428,0.9809088706970215,0,-0.8797059059143066,-0.4372658431529999,-0.18686147034168243,0,0.4352644085884094,-0.8986907601356506,0.053848087787628174,0,-0.036713000386953354,0.05640200152993202,0.002870999975129962,1,0.984512984752655,-0.06780780851840973,0.16166812181472778,0,-0.007801805157214403,0.9043108820915222,0.42680221796035767,0,-0.17513884603977203,-0.4214538037776947,0.8897771239280701,0,0,0.0807500034570694,0,1,0.8500220775604248,0.3678148090839386,0.37706103920936584,0,-0.4607601463794708,0.8660958409309387,0.19385027885437012,0,-0.25527000427246094,-0.33851170539855957,0.9056750535964966,0,0,0.1631859987974167,0,1,0.9803599715232849,0.053395967930555344,-0.1898500770330429,0,-0.07452302426099777,0.9915759563446045,-0.1059427335858345,0,0.1825939267873764,0.1180102676153183,0.9760810732841492,0,0,0.12521199882030487,0,1,0.6832330822944641,0.5847166776657104,-0.4373781979084015,0,-0.3995193839073181,0.8007168769836426,0.44635891914367676,0,0.6112098693847656,-0.13022617995738983,0.7806821465492249,0,-0.030997000634670258,0.03368600085377693,0.015536000020802021,1,0.9798359274864197,-0.09975995123386383,0.1731162965297699,0,0.07863503694534302,0.9890509247779846,0.1248769760131836,0,-0.18367871642112732,-0.10874603688716888,0.9769531488418579,0,-0.002001000102609396,0.038621000945568085,0,1,0.9968929886817932,-0.07871326059103012,-0.003042778931558132,0,0.07876074314117432,0.9953529834747314,0.055396225303411484,0,-0.0013317789416760206,-0.055463772267103195,0.998460054397583,0,-0.0005540000274777412,0.0409340001642704,0,1,0.9897739291191101,0.14187897741794586,0.014768920838832855,0,-0.14205199480056763,0.9897930026054382,0.011411868035793304,0,-0.012999077327549458,-0.013393131084740162,0.9998260736465454,0,0,0.11284399777650833,0.0002690000110305846,1,0.9999839663505554,-0.005299925338476896,-0.0020433967001736164,0,0.005447073839604855,0.9967470169067383,0.0804060846567154,0,0.001610603416338563,-0.08041593432426453,0.9967600107192993,0,0.0013330000219866633,0.03080900013446808,0,1,0.9869089126586914,-0.1590842753648758,-0.02649528905749321,0,0.1611887365579605,0.9783679842948914,0.12966986000537872,0,0.0052937101572752,-0.13224312663078308,0.9912030100822449,0,0.0010809999657794833,0.027977000921964645,0,1,-0.32132795453071594,0.09459921717643738,-0.9422309398651123,0,0.8460001349449158,-0.418381929397583,-0.33051565289497375,0,-0.4254787862300873,-0.9033310413360596,0.054406870156526566,0,0.036713000386953354,0.056478001177310944,0.003229999914765358,1,0.7539048194885254,0.6465131044387817,-0.116827093064785,0,-0.5211488008499146,0.6967769265174866,0.4928553104400635,0,0.4000398814678192,-0.3106817305088043,0.8622331023216248,0,0,0.0807500034570694,0,1,0.7060030102729797,-0.6314568519592285,-0.32066020369529724,0,0.7055151462554932,0.6665490865707397,0.2407495528459549,0,0.061712805181741714,-0.3962004780769348,0.9160878658294678,0,0,0.163223996758461,0,1,0.7985211610794067,-0.5796927809715271,0.16223402321338654,0,0.5335912108421326,0.8063827157020569,0.25500425696372986,0,-0.27864694595336914,-0.11705969274044037,0.953233003616333,0,0,0.1250379979610443,0,1,0.17789119482040405,-0.6158040761947632,0.7675538063049316,0,0.3733377754688263,0.7639148831367493,0.526358425617218,0,-0.9104799628257751,0.1929224729537964,0.36579686403274536,0,0.03270399942994118,0.036956001073122025,0.01233300007879734,1,0.9731659293174744,0.15044689178466797,-0.17410922050476074,0,-0.12881211936473846,0.9831680059432983,0.12956811487674713,0,0.19067177176475525,-0.10366390645503998,0.9761651158332825,0,0.003783999942243099,0.04051699861884117,0,1,0.9510220289230347,0.3090418875217438,-0.007085965480655432,0,-0.2999931275844574,0.9282209277153015,0.22002097964286804,0,0.07457304000854492,-0.20711903274059296,0.9754689931869507,0,0.002005999907851219,0.03672900050878525,0,1,0.9860860109329224,-0.15766413509845734,0.05269426107406616,0,0.09247587621212006,0.7836710810661316,0.6142539381980896,0,-0.1381407529115677,-0.6008340716362,0.7873469591140747,0,0,0.0853549987077713,0.00020900000527035445,1,0.9999979734420776,0.002005246002227068,-0.000274905760306865,0,-0.0004597539664246142,0.35731789469718933,0.9339831471443176,0,0.0019710944034159184,-0.9339810013771057,0.35731804370880127,0,-0.002432999899610877,0.03920099884271622,0,1,0.9857550859451294,0.08438517898321152,0.14548562467098236,0,-0.1680368185043335,0.457578182220459,0.8731469511985779,0,0.007109611760824919,-0.8851560354232788,0.46523985266685486,0,-0.0018149999668821692,0.0359329991042614,0,1,-0.6252670288085938,-0.02262911945581436,0.780083179473877,0,-0.6487560868263245,-0.540518045425415,-0.5356828570365906,0,0.4337708055973053,-0.841028094291687,0.3232870399951935,0,-0.062153998762369156,-0.02573299966752529,-0.00088900001719594,1,0.9293661117553711,0.28975167870521545,-0.2287399023771286,0,0.042127691209316254,0.5323329567909241,0.8454859852790833,0,0.36674708127975464,-0.795403003692627,0.482526034116745,0,0,0.27177301049232483,0,1,-0.9846659302711487,-0.08244414627552032,-0.15373723208904266,0,0.09435015916824341,0.4895738959312439,-0.8668419718742371,0,0.14673177897930145,-0.8680549263954163,-0.47428810596466064,0,0,0.26535800099372864,0,1,0.9936540722846985,-0.08035293221473694,-0.07870479673147202,0,0.1106930822134018,0.8227311372756958,0.5575489401817322,0,0.019952204078435898,-0.5627230405807495,0.8264049291610718,0,0,0.1292569935321808,0,1,-0.8896370530128479,-0.36832988262176514,-0.2699607312679291,0,0.45651015639305115,-0.7017607688903809,-0.5469272136688232,0,0.012001764960587025,-0.6098067760467529,0.7924591302871704,0,0.062153998762369156,-0.02573299966752529,-0.0016980000073090196,1,0.9952039122581482,-0.041781120002269745,0.08845052123069763,0,-0.06429512053728104,0.4020758271217346,0.9133460521697998,0,-0.07372447103261948,-0.9146528840065002,0.39746129512786865,0,0,0.27178600430488586,0,1,-0.9314249753952026,0.3609946072101593,-0.04614974558353424,0,0.04922939091920853,-0.0006655296892859042,-0.9987869262695312,0,-0.3605877757072449,-0.9325680136680603,-0.017151569947600365,0,0,0.2654170095920563,0,1,0.9980189800262451,0.056892700493335724,0.02686709724366665,0,-0.062404293566942215,0.8406561613082886,0.5379616618156433,0,0.008020097389817238,-0.5385723114013672,0.8425407409667969,0,0,0.12735900282859802,0,1
K0.034,0.6453988552093506,-0.05468948185443878,0.7618849873542786,0,0.13827839493751526,0.9893189072608948,-0.046121638268232346,0,-0.7512248158454895,0.13511911034584045,0.6460676193237305,0,0.0004706004692707211,0.5197309255599976,0.00504299346357584,1,0.9978229403495789,0.030270909890532494,-0.05859864503145218,0,-0.029206637293100357,0.9993942975997925,0.01893428899347782,0,0.0591362863779068,-0.01718159206211567,0.9981023073196411,0,0,0.046278998255729675,0.009736999869346619,1,0.9922352433204651,0.04206215962767601,-0.11704495549201965,0,-0.053551673889160156,0.9938607215881348,-0.09681688249111176,0,0.1122540757060051,0.10233309119939804,0.9883962869644165,0,0,0.05517499893903732,0,1,0.992230236530304,0.04200081154704094,-0.1171112209558487,0,-0.029288453981280327,0.9936939477920532,0.10823098570108414,0,0.12091856449842453,-0.10396010428667068,0.9872038960456848,0,0,0.06305699795484543,0,1,0.985977053642273,-0.031521379947662354,-0.1638738214969635,0,-0.00891453679651022,0.970647931098938,-0.24034157395362854,0,0.16663970053195953,0.2384321689605713,0.9567557573318481,0,0,0.07093899697065353,0,1,0.9166852831840515,0.09216051548719406,-0.38883838057518005,0,-0.05849254131317139,0.9935075044631958,0.097580187022686,0,0.395306795835495,-0.06670615822076797,0.916124165058136,0,0,0.08098100125789642,-0.056846000254154205,1,-0.18522430956363678,-0.03432286158204079,0.9820971488952637,0,-0.8781787157058716,-0.44272580742836,-0.1810978800058365,0,0.44101542234420776,-0.8960002064704895,0.051862023770809174,0,-0.036713000386953354,0.05640200152993202,0.002870999975129962,1,0.9845032691955566,-0.07392615079879761,0.15902036428451538,0,-0.0015175645239651203,0.9031762480735779,0.4292682707309723,0,-0.1753576546907425,-0.42285752296447754,0.8890682458877563,0,0,0.0807500034570694,0,1,0.84832364320755,0.36949068307876587,0.3792398273944855,0,-0.4634985625743866,0.8644761443138123,0.19454948604106903,0,-0.25595974922180176,-0.34081828594207764,0.9046145677566528,0,0,0.1631859987974167,0,1,0.9792178273200989,0.050774458795785904,-0.19635096192359924,0,-0.06842843443155289,0.9940971732139587,-0.084194116294384,0,0.1909169852733612,0.09588034451007843,0.9769118428230286,0,0,0.12521199882030487,0,1,0.6874956488609314,0.5820138454437256,-0.434293657541275,0,-0.4003172218799591,0.8027137517929077,0.4420376121997833,0,0.605884850025177,-0.13004355132579803,0.7848515510559082,0,-0.030997000634670258,0.03368600085377693,0.015536000020802021,1,0.9802347421646118,-0.09477720409631729,0.1736561357975006,0,0.07391412556171417,0.9896617531776428,0.12291063368320465,0,-0.1835099458694458,-0.10764562338590622,0.9771061539649963,0,-0.002001000102609396,0.038621000945568085,0,1,0.9968747496604919,-0.07893453538417816,-0.0030507564079016447,0,0.07898211479187012,0.9953315854072571,0.055475495755672455,0,-0.0013424187200143933,-0.05554310604929924,0.9984558820724487,0,-0.0005540000274777412,0.0409340001642704,0,1,0.9894474148750305,0.14415115118026733,0.01463267020881176,0,-0.1442752182483673,0.9895064830780029,0.0078074443154037,0,-0.013353681191802025,-0.009836195968091488,0.9998629093170166,0,0,0.11284399777650833,0.0002690000110305846,1,0.9999840259552002,-0.005187226925045252,-0.0021620369516313076,0,0.005338583141565323,0.997005045413971,0.07715238630771637,0,0.001755355391651392,-0.0771627202630043,0.9970170855522156,0,0.0013330000219866633,0.03080900013446808,0,1,0.9869316816329956,-0.15905004739761353,-0.025864874944090843,0,0.16104543209075928,0.9790485501289368,0.12461354583501816,0,0.005503174848854542,-0.12715044617652893,0.9918680787086487,0,0.0010809999657794833,0.027977000921964645,0,1,-0.3125259578227997,0.08982229977846146,-0.9456526041030884,0,0.8560683727264404,-0.4048059582710266,-0.32136979699134827,0,-0.4116721451282501,-0.9099799394607544,0.049618396908044815,0,0.036713000386953354,0.056478001177310944,0.003229999914765358,1,0.7548458576202393,0.6441173553466797,-0.1237790584564209,0,-0.5109803676605225,0.695813000202179,0.5047203302383423,0,0.4112263023853302,-0.3177374303340912,0.8543630242347717,0,0,0.0807500034570694,0,1,0.7037556767463684,-0.6331875920295715,-0.32218220829963684,0,0.7078005075454712,0.6639665961265564,0.24117787182331085,0,0.06120738014578819,-0.3977709412574768,0.915440559387207,0,0,0.163223996758461,0,1,0.7811470031738281,-0.6031721830368042,0.16121990978717804,0,0.5492497682571411,0.7866673469543457,0.2819196581840515,0,-0.2968727648258209,-0.13167080283164978,0.9457957744598389,0,0,0.1250379979610443,0,1,0.1778913140296936,-0.6158040761947632,0.7675539255142212,0,0.3733370304107666,0.7639151811599731,0.5263587236404419,0,-0.9104803800582886,0.1929216980934143,0.3657964766025543,0,0.03270399942994118,0.036956001073122025,0.01233300007879734,1,0.9731659293174744,0.150446355342865,-0.1741097867488861,0,-0.12881161272525787,0.9831681251525879,0.12956759333610535,0,0.1906721591949463,-0.10366339236497879,0.9761648774147034,0,0.003783999942243099,0.04051699861884117,0,1,0.9510219097137451,0.30904221534729004,-0.007084839511662722,0,-0.29999375343322754,0.9282209873199463,0.2200213372707367,0,0.07457216084003448,-0.2071196734905243,0.9754690527915955,0,0.002005999907851219,0.03672900050878525,0,1,0.9860860109329224,-0.15766294300556183,0.05269409343600273,0,0.0924750491976738,0.7836710810661316,0.6142538785934448,0,-0.13813990354537964,-0.6008342504501343,0.7873469591140747,0,0,0.0853549987077713,0.00020900000527035445,1,0.9999979734420776,0.002004906302317977,-0.0002744119556155056,0,-0.000460093782749027,0.35731789469718933,0.9339831471443176,0,0.0019706005696207285,-0.9339810013771057,0.35731804370880127,0,-0.002432999899610877,0.03920099884271622,0,1,0.9857550859451294,0.08438518643379211,0.14548562467098236,0,-0.1680368334054947,0.457578182220459,0.8731469511985779,0,0.007109619677066803,-0.8851560354232788,0.46523985266685486,0,-0.0018149999668821692,0.0359329991042614,0,1,-0.626674234867096,-0.030548429116606712,0.778682291507721,0,-0.6469363570213318,-0.5366867780685425,-0.5417013764381409,0,0.434456467628479,-0.8432279229164124,0.31656479835510254,0,-0.062153998762369156,-0.02573299966752529,-0.00088900001719594,1,0.9287956357002258,0.2948404848575592,-0.22451616823673248,0,0.03396659344434738,0.5355532169342041,0.8438181281089783,0,0.36903223395347595,-0.7913609147071838,0.4874049723148346,0,0,0.27177301049232483,0,1,-0.9866889119148254,-0.0782766118645668,-0.1425400823354721,0,0.0845806896686554,0.501613438129425,-0.860946774482727,0,0.1388920396566391,-0.8615429401397705,-0.48831579089164734,0,0,0.26535800099372864,0,1,0.9936540722846985,-0.08035575598478317,-0.07870081812143326,0,0.11069326847791672,0.8227298855781555,0.5575511455535889,0,0.019947074353694916,-0.5627249479293823,0.8264041543006897,0,0,0.1292569935321808,0,1,-0.8893823623657227,-0.3704219460487366,-0.26792994141578674,0,0.4567057192325592,-0.6936720609664917,-0.5569912791252136,0,0.02046629972755909,-0.6177436113357544,0.7861137390136719,0,0.062153998762369156,-0.02573299966752529,-0.0016980000073090196,1,0.9957919716835022,-0.032930515706539154,0.0855187475681305,0,-0.06719369441270828,0.37217751145362854,0.9257259964942932,0,-0.062312833964824677,-0.927577555179596,0.36839887499809265,0,0,0.27178600430488586,0,1,-0.9298999905586243,0.36519238352775574,-0.04383212700486183,0,0.03940555080771446,-0.019568994641304016,-0.9990312457084656,0,-0.36569637060165405,-0.9307264089584351,0.0038065945263952017,0,0,0.2654170095920563,0,1,0.9980189204216003,0.05689333751797676,0.02686675637960434,0,-0.06240464746952057,0.8406559228897095,0.5379621386528015,0,0.008020758628845215,-0.5385729670524597,0.8425409197807312,0,0,0.12735900282859802,0,1
K0.067,0.645957350730896,-0.06559152156114578,0.7605502009391785,0,0.14961132407188416,0.9878578782081604,-0.04187420755624771,0,-0.748569130897522,0.1408359408378601,0.647927463054657,0,0.0024986392818391323,0.5174713134765625,0.009374221786856651,1,0.9977337718009949,0.031793396919965744,-0.05929059162735939,0,-0.030657142400741577,0.9993305206298828,0.019976958632469177,0,0.05988606810569763,-0.018114015460014343,0.9980410933494568,0,0,0.046278998255729675,0.009736999869346619,1,0.9921006560325623,0.04310969263315201,-0.11780321598052979,0,-0.05445818230509758,0.9939978718757629,-0.09487903118133545,0,0.11300600320100784,0.10054495185613632,0.9884940981864929,0,0,0.05517499893903732,0,1,0.9920905828475952,0.042965229600667953,-0.11794011294841766,0,-0.029908547177910805,0.9934454560279846,0.11032398790121078,0,0.12190721184015274,-0.10592402517795563,0.9868733286857605,0,0,0.06305699795484543,0,1,0.9846197962760925,-0.024448484182357788,-0.17299310863018036,0,-0.016222454607486725,0.9730898141860962,-0.22985611855983734,0,0.17395740747451782,0.2291271984577179,0.9577265977859497,0,0,0.07093899697065353,0,1,0.9155292510986328,0.09159661829471588,-0.39168447256088257,0,-0.05759890004992485,0.9935465455055237,0.09771136194467545,0,0.3981066346168518,-0.06689698994159698,0.9148963689804077,0,0,0.08098100125789642,-0.056846000254154205,1,-0.17790541052818298,-0.03467997536063194,0.9834358096122742,0,-0.8765875697135925,-0.4485331177711487,-0.1743934452533722,0,0.44715142250061035,-0.8930929899215698,0.04939638450741768,0,-0.036713000386953354,0.05640200152993202,0.002870999975129962,1,0.9841728806495667,-0.08086787164211273,0.15768355131149292,0,0.005618867930024862,0.9036001563072205,0.4283406436443329,0,-0.1771218329668045,-0.4206751585006714,0.8897529244422913,0,0,0.0807500034570694,0,1,0.846911609172821,0.3721425533294678,0.3798024654388428,0,-0.4669036865234375,0.8622514605522156,0.19627490639686584,0,-0.25444307923316956,-0.34355872869491577,0.9040057063102722,0,0,0.1631859987974167,0,1,0.9796361327171326,0.045803070068359375,-0.1954861879348755,0,-0.05860957130789757,0.9964619278907776,-0.060234665870666504,0,0.19203564524650574,0.07046542316675186,0.9788547158241272,0,0,0.12521199882030487,0,1,0.6986607313156128,0.5749478936195374,-0.42580318450927734,0,-0.4024501144886017,0.8078891038894653,0.43052297830581665,0,0.5915295481681824,-0.12942485511302948,0.7958276867866516,0,-0.030997000634670258,0.03368600085377693,0.015536000020802021,1,0.9811102747917175,-0.08187580853700638,0.17526786029338837,0,0.06165258213877678,0.9911124110221863,0.11787759512662888,0,-0.18336154520511627,-0.10484524816274643,0.9774388670921326,0,-0.002001000102609396,0.038621000945568085,0,1,0.9967718124389648,-0.08022115379571915,-0.0031120318453758955,0,0.08026973903179169,0.9952127933502197,0.055751699954271317,0,-0.001375332591123879,-0.05582156404852867,0.9984400272369385,0,-0.0005540000274777412,0.0409340001642704,0,1,0.9885667562484741,0.15011031925678253,0.014235411770641804,0,-0.15011589229106903,0.988667905330658,-0.00068047980312258,0,-0.014176241122186184,-0.0014642617898061872,0.9998981356620789,0,0,0.11284399777650833,0.0002690000110305846,1,0.9999849796295166,-0.004932759329676628,-0.002433743793517351,0,0.005090552382171154,0.9975501298904419,0.06976958364248276,0,0.0020836247131228447,-0.06978090852499008,0.9975600838661194,0,0.0013330000219866633,0.03080900013446808,0,1,0.9869873523712158,-0.15895359218120575,-0.02428460493683815,0,0.16068503260612488,0.980639636516571,0.11191911995410919,0,0.006024502217769623,-0.11436500400304794,0.9934210181236267,0,0.0010809999657794833,0.027977000921964645,0,1,-0.3048481047153473,0.08433987945318222,-0.9486590027809143,0,0.8668254017829895,-0.38808804750442505,-0.31305381655693054,0,-0.3945661187171936,-0.9177556037902832,0.0451999306678772,0,0.036713000386953354,0.056478001177310944,0.003229999914765358,1,0.7585492730140686,0.6385796666145325,-0.12968525290489197,0,-0.49657943844795227,0.6953710317611694,0.519487202167511,0,0.42191368341445923,-0.3296578526496887,0.8445793986320496,0,0,0.0807500034570694,0,1,0.7026494741439819,-0.6338924765586853,-0.32320839166641235,0,0.7088810801506042,0.662843644618988,0.24109318852424622,0,0.06140948086977005,-0.39852041006088257,0.9151012897491455,0,0,0.163223996758461,0,1,0.7688559889793396,-0.6204529404640198,0.1545916497707367,0,0.5601330995559692,0.7701442241668701,0.305169016122818,0,-0.30840080976486206,-0.1480390876531601,0.9396660923957825,0,0,0.1250379979610443,0,1,0.17789088189601898,-0.6158040165901184,0.767553985118866,0,0.37333694100379944,0.7639151811599731,0.5263588428497314,0,-0.9104800820350647,0.19292183220386505,0.36579596996307373,0,0.03270399942994118,0.036956001073122025,0.01233300007879734,1,0.9731659293174744,0.15044637024402618,-0.1741097867488861,0,-0.12881162762641907,0.9831681251525879,0.12956760823726654,0,0.1906721591949463,-0.10366340726613998,0.9761648774147034,0,0.003783999942243099,0.04051699861884117,0,1,0.9510220885276794,0.3090417981147766,-0.0070849633775651455,0,-0.29999327659606934,0.9282209277153015,0.2200208455324173,0,0.07457203418016434,-0.20711921155452728,0.9754689335823059,0,0.002005999907851219,0.03672900050878525,0,1,0.9860860109329224,-0.15766295790672302,0.052694085985422134,0,0.09247506409883499,0.7836710810661316,0.6142538785934448,0,-0.13813990354537964,-0.6008342504501343,0.7873469591140747,0,0,0.0853549987077713,0.00020900000527035445,1,0.9999979734420776,0.0020052369218319654,-0.0002748933620750904,0,-0.0004597631050273776,0.35731831192970276,0.9339829683303833,0,0.001971081830561161,-0.9339811205863953,0.35731858015060425,0,-0.002432999899610877,0.03920099884271622,0,1,0.9857550859451294,0.08438567817211151,0.14548592269420624,0,-0.1680372953414917,0.4575780928134918,0.8731468915939331,0,0.007109928876161575,-0.885155975818634,0.46523985266685486,0,-0.0018149999668821692,0.0359329991042614,0,1,-0.6278191208839417,-0.03273561969399452,0.7776705026626587,0,-0.6462525725364685,-0.5349372625350952,-0.5442423224449158,0,0.4338209927082062,-0.8442571759223938,0.3146883249282837,0,-0.062153998762369156,-0.02573299966752529,-0.00088900001719594,1,0.9319485425949097,0.2914832532405853,-0.21566039323806763,0,0.02545878104865551,0.5407058596611023,0.8408265709877014,0,0.3616958558559418,-0.7890979051589966,0.4964894652366638,0,0,0.27177301049232483,0,1,-0.9875832796096802,-0.08177905529737473,-0.13412973284721375,0,0.07386020570993423,0.5118439793586731,-0.8558968305587769,0,0.13864798843860626,-0.8551765084266663,-0.4994485676288605,0,0,0.26535800099372864,0,1,0.9936550259590149,-0.08035799860954285,-0.07869724184274673,0,0.11069302260875702,0.8227288126945496,0.5575523376464844,0,0.01994268037378788,-0.5627256631851196,0.8264032602310181,0,0,0.1292569935321808,0,1,-0.8904487490653992,-0.3715202510356903,-0.26281821727752686,0,0.45378318428993225,-0.6812418103218079,-0.5744486451148987,0,0.03437654301524162,-0.6307793259620667,0.7752001881599426,0,0.062153998762369156,-0.02573299966752529,-0.0016980000073090196,1,0.9960096478462219,-0.02803535759449005,0.08472232520580292,0,-0.06990590691566467,0.34501025080680847,0.9359923005104065,0,-0.055470943450927734,-0.9381797909736633,0.34167367219924927,0,0,0.27178600430488586,0,1,-0.9300921559333801,0.3649011254310608,-0.04212884604930878,0,0.032144565135240555,-0.03339572623372078,-0.9989252090454102,0,-0.365915983915329,-0.9304471611976624,0.019331611692905426,0,0,0.2654170095920563,0,1,0.9980189800262451,0.056892845779657364,0.02686661295592785,0,-0.06240415200591087,0.8406559228897095,0.5379620790481567,0,0.00802061427384615,-0.5385729670524597,0.8425409197807312,0,0,0.12735900282859802,0,1
