0.667,30,19,41
B0,mixamorig_Hips,-1,0.9777509570121765,0.052167803049087524,0.2031770795583725,0,-0.11715412884950638,0.9392499923706055,0.32261982560157776,0,-0.17400382459163666,-0.33924511075019836,0.9244649410247803,0,0.0004299999854993075,0.915494978427887,-0.023296000435948372,1
B1,mixamorig_Spine,0,0.9905880689620972,-0.06111161410808563,-0.122476726770401,0,0.10639248788356781,0.9067288637161255,0.40807318687438965,0,0.08611512184143066,-0.4172627627849579,0.9046961069107056,0,0,0.13538900017738342,-0.008721999824047089,1
B2,mixamorig_Spine1,1,0.9994270205497742,-0.008114754222333431,-0.03285292163491249,0,0.009304248727858067,0.999301016330719,0.03621703013777733,0,0.03253607079386711,-0.03650195524096489,0.9988040328025818,0,0,0.15828099846839905,0,1
B3,mixamorig_Spine2,2,0.9993880391120911,-0.009639286436140537,-0.033632729202508926,0,0.010845708660781384,0.999297022819519,0.03587459772825241,0,0.03326328098773956,-0.03621741384267807,0.9987900257110596,0,0,0.18089300394058228,0,1
B4,mixamorig_Neck,3,0.9995739459991455,-0.0165166687220335,-0.024068884551525116,0,0.013516321778297424,0.9926960468292236,-0.11988372355699539,0,0.025873156264424324,0.11950727552175522,0.9924959540367126,0,0,0.2035049945116043,0,1
B5,mixamorig_Head,4,0.993772029876709,-0.061389029026031494,0.09300155192613602,0,0.0960511863231659,0.8950150012969971,-0.4355720281600952,0,-0.056498415768146515,0.44179201126098633,0.8953369855880737,0,0,0.1708970069885254,0.012180999852716923,1
B6,mixamorig_HeadTop_End,5,1,0,0,0,0,1,0,0,0,0,1,0,0,0.5830889940261841,0.04156000167131424,1
B7,mixamorig_LeftShoulder,3,-0.19574525952339172,0.08110041171312332,-0.9772959351539612,0,0.8430120944976807,-0.4952299892902374,-0.20994558930397034,0,-0.5010128617286682,-0.8649680614471436,0.028570260852575302,0,0.06443499773740768,0.16917000710964203,-0.0021009999327361584,1
B8,mixamorig_LeftArm,7,0.9554731249809265,0.29216280579566956,-0.04138300195336342,0,-0.2071051150560379,0.7638808488845825,0.6112221479415894,0,0.210188090801239,-0.5754358172416687,0.7903760671615601,0,0,0.1478630006313324,0,1
B9,mixamorig_LeftForeArm,8,0.5581718683242798,0.7826352119445801,0.2755466103553772,0,-0.7693998217582703,0.6125282049179077,-0.1811990886926651,0,-0.31059303879737854,-0.11086535453796387,0.9440559148788452,0,0,0.3846980035305023,0,1
B10,mixamorig_LeftHand,9,0.48666146397590637,0.3189358413219452,-0.8132897615432739,0,-0.4444350600242615,0.8918820023536682,0.08381234109401703,0,0.7520890831947327,0.32066622376441956,0.5757907032966614,0,0,0.29548799991607666,0,1
B11,mixamorig_LeftHandThumb1,10,0.8455529808998108,0.5338700413703918,-0.004812358412891626,0,-0.5156097412109375,0.8142270445823669,-0.26679614186286926,0,-0.13851617276668549,0.2280716598033905,0.9637410640716553,0,-0.04470000043511391,0.022832000628113747,0,1
B12,mixamorig_LeftHandThumb2,11,0.9756679534912109,-0.16539905965328217,-0.14392416179180145,0,0.20438387989997864,0.9237260818481445,0.3239719867706299,0,0.07936185598373413,-0.3455049395561218,0.9350550174713135,0,0.0032629999332129955,0.040022000670433044,0,1
B13,mixamorig_LeftHandThumb3,12,0.5692559480667114,0.3154761493206024,-0.759225070476532,0,-0.241339772939682,0.9468891024589539,0.21250198781490326,0,0.785940945148468,0.06226314604282379,0.6151589751243591,0,-0.0047160000540316105,0.06285200268030167,0,1
B14,mixamorig_LeftHandThumb4,13,1,0,0,0,0,1,0,0,0,0,1,0,0.0014530000044032931,0.05391699820756912,0,1
B15,mixamorig_LeftHandIndex1,10,0.755199134349823,0.6502818465232849,0.08250598609447479,0,-0.6523041129112244,0.7331408858299255,0.19236503541469574,0,0.06460298597812653,-0.19909293949604034,0.977849006652832,0,0,0.08759299665689468,0,1
B16,mixamorig_LeftHandIndex2,15,0.8456772565841675,0.5315927267074585,0.04732261970639229,0,-0.524609386920929,0.811714768409729,0.25671783089637756,0,0.0980568379163742,-0.24192623794078827,0.9653269648551941,0,0.00533499987795949,0.08115100115537643,0,1
B17,mixamorig_LeftHandIndex3,16,0.9930859804153442,0.11738800257444382,-0.0007532394374720752,0,-0.11695202440023422,0.9899109601974487,0.07999210804700851,0,0.010135749354958534,-0.07935091853141785,0.9967950582504272,0,-0.003978000022470951,0.06615400314331055,0,1
B18,mixamorig_LeftHandIndex4,17,1,0,0,0,0,1,0,0,0,0,1,0,-0.0013569999719038606,0.05521000176668167,0,1
B19,mixamorig_RightShoulder,3,0.19548587501049042,0.010798224247992039,0.980647087097168,0,-0.957988977432251,-0.2118760645389557,0.19330215454101562,0,0.20986297726631165,-0.9772370457649231,-0.03107420913875103,0,-0.06443499773740768,0.16918499767780304,-0.0023219999857246876,1
B20,mixamorig_RightArm,19,0.8991529941558838,-0.17380212247371674,-0.4016408324241638,0,0.3772490322589874,0.7730059623718262,0.5100440979003906,0,0.22182421386241913,-0.6101268529891968,0.7606179714202881,0,0,0.1478630006313324,0,1
B21,mixamorig_RightForeArm,20,0.11354392766952515,-0.9525930881500244,-0.28226709365844727,0,0.9767810106277466,0.15898101031780243,-0.14361102879047394,0,0.18167796730995178,-0.2594069540500641,0.9485260248184204,0,0,0.3846839964389801,0,1
B22,mixamorig_RightHand,21,0.5183040499687195,-0.28291186690330505,0.807045042514801,0,0.2569902837276459,0.9516039490699768,0.16854196786880493,0,-0.8156701326370239,0.12004677206277847,0.5659260153770447,0,0,0.29550600051879883,0,1
B23,mixamorig_RightHandThumb1,22,0.6942189931869507,-0.6997881531715393,-0.16839361190795898,0,0.6696241497993469,0.5421419143676758,0.5076280236244202,0,-0.2639387249946594,-0.46516528725624084,0.8449599146842957,0,0.045409999787807465,0.022926000878214836,0,1
B24,mixamorig_RightHandThumb2,23,0.9115809798240662,0.3345806300640106,0.23890426754951477,0,-0.2871013581752777,0.9340139031410217,-0.2125820815563202,0,-0.2942658066749573,0.12519606947898865,0.947488009929657,0,-0.0014270000392571092,0.0406700000166893,0,1
B25,mixamorig_RightHandThumb3,24,0.9642959833145142,0.07788777351379395,-0.2531150281429291,0,-0.06720323860645294,0.9964550137519836,0.05060093104839325,0,0.2561589777469635,-0.03178412839770317,0.966111958026886,0,0.009859999641776085,0.06350599974393845,0,1
B26,mixamorig_RightHandThumb4,25,1,0,0,0,0,1,0,0,0,0,1,0,-0.008431999944150448,0.0511230006814003,0,1
B27,mixamorig_RightHandIndex1,22,0.6168847680091858,-0.7520433664321899,-0.23212985694408417,0,0.7452359199523926,0.46326833963394165,0.47958871722221375,0,-0.25313302874565125,-0.46884238719940186,0.8462327718734741,0,0,0.0777449980378151,0,1
B28,mixamorig_RightHandIndex2,27,0.5257633924484253,-0.8284647464752197,-0.19291910529136658,0,0.8100062012672424,0.4183577001094818,0.4109339118003845,0,-0.2597351372241974,-0.3723198175430298,0.8910190463066101,0,-0.001630999962799251,0.08561699837446213,0,1
B29,mixamorig_RightHandIndex3,28,0.6341789960861206,-0.7513832449913025,-0.18232259154319763,0,0.736058235168457,0.5145061016082764,0.4398876130580902,0,-0.2367180734872818,-0.4131675660610199,0.8793507814407349,0,0.0006419999990612268,0.06886699795722961,0,1
B30,mixamorig_RightHandIndex4,29,1,0,0,0,0,1,0,0,0,0,1,0,0.0009889999637380242,0.05904199928045273,0,1
B31,mixamorig_LeftUpLeg,0,-0.9808040857315063,0.11154983937740326,0.15993574261665344,0,0.07838403433561325,-0.5254754424095154,0.8471907377243042,0,0.1785462349653244,0.8434642553329468,0.5066445469856262,0,0.1531279981136322,-0.07525999844074249,0.00989999994635582,1
B32,mixamorig_LeftLeg,31,0.9947880506515503,0.06834997981786728,-0.07565776258707047,0,-0.03840818628668785,-0.4361651837825775,-0.8990469574928284,0,-0.09444912523031235,0.8972671031951904,-0.431266725063324,0,0,0.43355700373649597,0,1
B33,mixamorig_LeftFoot,32,0.8558310270309448,0.511603057384491,-0.07625377178192139,0,-0.38819488883018494,0.7327030897140503,0.5589739084243774,0,0.34184420108795166,-0.44878602027893066,0.825671911239624,0,0,0.3312470018863678,0,1
B34,mixamorig_LeftToeBase,33,0.9163439869880676,-0.020561838522553444,0.39986392855644226,0,-0.23868000507354736,0.7737868428230286,0.5867582559585571,0,-0.32147419452667236,-0.6331117749214172,0.7041471004486084,0,0,0.20004400610923767,0,1
B35,mixamorig_LeftToe_End,34,1,0,0,0,0,1,0,0,0,0,1,0,0,0.08402600139379501,0,1
B36,mixamorig_RightUpLeg,0,-0.992143988609314,0.12406101077795029,-0.016113610938191414,0,-0.12268412113189697,-0.9396489858627319,0.3193891942501068,0,0.02448260225355625,0.3188568353652954,0.9474870562553406,0,-0.1531279981136322,-0.07525999844074249,0.009096999652683735,1
B37,mixamorig_RightLeg,36,0.9842010736465454,-0.011687146499752998,0.17666903138160706,0,0.13981588184833527,0.6634900569915771,-0.7350049614906311,0,-0.10862808674573898,0.7480941414833069,0.6546419262886047,0,0,0.4337970018386841,0,1
B38,mixamorig_RightFoot,37,0.9932400584220886,-0.06255872547626495,-0.09777560830116272,0,0.10482041537761688,0.12154807150363922,0.9870349764823914,0,-0.04986323043704033,-0.9906120300292969,0.12728390097618103,0,0,0.3317689895629883,0,1
B39,mixamorig_RightToeBase,38,0.9444371461868286,-0.028866322711110115,-0.3274229168891907,0,0.27004197239875793,0.6360568404197693,0.7228482365608215,0,0.1873933970928192,-0.7711018323898315,0.6085101962089539,0,0,0.19863300025463104,0,1
B40,mixamorig_RightToe_End,39,1,0,0,0,0,1,0,0,0,0,1,0,0,0.08659999817609787,0,1
@34,0,1,2,3,4,5,7,8,9,10,11,12,13,15,16,17,19,20,21,22,23,24,25,27,28,29,31,32,33,34,36,37,38,39
K0,-0.2932571768760681,0.015650348737835884,-0.061279941350221634,0,0.03525407612323761,0.28177499771118164,-0.09674672037363052,0,0.052510153502225876,-0.10177354514598846,-0.27728113532066345,0,-0.00013678731920663267,0.274648517370224,0.00698865158483386,1,0.9905880689620972,-0.06111154332756996,-0.12247680127620697,0,0.10639245808124542,0.9067288041114807,0.40807321667671204,0,0.08611521124839783,-0.4172627925872803,0.9046960473060608,0,0,0.13538900017738342,-0.008721999824047089,1,0.9994270205497742,-0.008114752359688282,-0.03285292536020279,0,0.009304247796535492,0.999301016330719,0.036217037588357925,0,0.03253607451915741,-0.036501962691545486,0.9988040328025818,0,0,0.15828099846839905,0,1,0.9993880391120911,-0.009639289230108261,-0.03363272547721863,0,0.010845710523426533,0.999297022819519,0.035874590277671814,0,0.033263277262449265,-0.03621740639209747,0.9987900257110596,0,0,0.18089300394058228,0,1,0.9995739459991455,-0.01651667058467865,-0.024068864062428474,0,0.013516328297555447,0.9926960468292236,-0.11988372355699539,0,0.025873135775327682,0.11950727552175522,0.9924959540367126,0,0,0.2035049945116043,0,1,0.993772029876709,-0.06138891726732254,0.09300153702497482,0,0.09605108201503754,0.8950150012969971,-0.4355720281600952,0,-0.0564984530210495,0.44179198145866394,0.8953369855880737,0,0,0.1708970069885254,0.012180999852716923,1,-0.19574487209320068,0.08110065013170242,-0.9772958755493164,0,0.8430123329162598,-0.4952295124530792,-0.2099454551935196,0,-0.5010125041007996,-0.8649681806564331,0.028569882735610008,0,0.06443499773740768,0.16917000710964203,-0.0021009999327361584,1,0.9554730653762817,0.29216283559799194,-0.041382916271686554,0,-0.20710517466068268,0.7638807892799377,0.6112222075462341,0,0.21018806099891663,-0.5754358768463135,0.7903760671615601,0,0,0.1478630006313324,0,1,0.558171808719635,0.7826352715492249,0.27554672956466675,0,-0.7693998217582703,0.6125282049179077,-0.181199312210083,0,-0.31059330701828003,-0.11086530238389969,0.9440558552742004,0,0,0.3846980035305023,0,1,0.4866613447666168,0.31893590092658997,-0.8132898211479187,0,-0.444435179233551,0.8918819427490234,0.08381234109401703,0,0.7520891427993774,0.3206663131713867,0.5757906436920166,0,0,0.29548799991607666,0,1,0.8455529808998108,0.5338701009750366,-0.004812310915440321,0,-0.5156098008155823,0.8142269849777222,-0.2667962908744812,0,-0.13851629197597504,0.22807173430919647,0.9637410044670105,0,-0.04470000043511391,0.022832000628113747,0,1,0.9756679534912109,-0.16539908945560455,-0.14392414689064026,0,0.20438390970230103,0.9237260818481445,0.32397201657295227,0,0.07936183363199234,-0.3455049693584442,0.9350550174713135,0,0.0032629999332129955,0.040022000670433044,0,1,0.5692558884620667,0.3154762387275696,-0.759225070476532,0,-0.241339772939682,0.9468891024589539,0.212502121925354,0,0.7859410047531128,0.06226309388875961,0.6151589155197144,0,-0.0047160000540316105,0.06285200268030167,0,1,0.755199134349823,0.6502819061279297,0.08250600099563599,0,-0.6523041725158691,0.7331408262252808,0.19236505031585693,0,0.06460300087928772,-0.19909295439720154,0.977849006652832,0,0,0.08759299665689468,0,1,0.8456772565841675,0.5315926671028137,0.04732271283864975,0,-0.524609386920929,0.8117148280143738,0.2567177712917328,0,0.09805671125650406,-0.24192623794078827,0.9653269648551941,0,0.00533499987795949,0.08115100115537643,0,1,0.9930859804153442,0.11738798767328262,-0.0007532464805990458,0,-0.11695200949907303,0.9899109601974487,0.07999209314584732,0,0.010135754011571407,-0.07935090363025665,0.9967950582504272,0,-0.003978000022470951,0.06615400314331055,0,1,0.19548572599887848,0.01079802867025137,0.980647087097168,0,-0.957988977432251,-0.2118760645389557,0.1933019608259201,0,0.20986296236515045,-0.9772369861602783,-0.03107435069978237,0,-0.06443499773740768,0.16918499767780304,-0.0023219999857246876,1,0.8991530537605286,-0.17380204796791077,-0.40164077281951904,0,0.37724894285202026,0.7730059623718262,0.5100440979003906,0,0.22182421386241913,-0.610126793384552,0.7606179714202881,0,0,0.1478630006313324,0,1,0.11354393512010574,-0.9525930881500244,-0.28226709365844727,0,0.9767810106277466,0.15898101031780243,-0.14361095428466797,0,0.1816778928041458,-0.2594069838523865,0.9485260248184204,0,0,0.3846839964389801,0,1,0.5183041095733643,-0.2829117178916931,0.8070449829101562,0,0.2569902539253235,0.9516040086746216,0.168541818857193,0,-0.8156700134277344,0.12004683166742325,0.5659260749816895,0,0,0.29550600051879883,0,1,0.6942191123962402,-0.6997880339622498,-0.1683935523033142,0,0.6696240901947021,0.5421420931816101,0.5076278448104858,0,-0.2639385759830475,-0.4651651680469513,0.8449599742889404,0,0.045409999787807465,0.022926000878214836,0,1,0.9115810394287109,0.33458060026168823,0.2389042228460312,0,-0.2871013879776001,0.9340139031410217,-0.21258199214935303,0,-0.2942657172679901,0.12519600987434387,0.9474880695343018,0,-0.0014270000392571092,0.0406700000166893,0,1,0.9642959833145142,0.07788775861263275,-0.2531150281429291,0,-0.06720322370529175,0.9964550137519836,0.05060089752078056,0,0.2561589777469635,-0.03178410232067108,0.966111958026886,0,0.009859999641776085,0.06350599974393845,0,1,0.6168849468231201,-0.7520431876182556,-0.23212985694408417,0,0.7452358603477478,0.46326854825019836,0.4795885980129242,0,-0.25313282012939453,-0.46884238719940186,0.8462328314781189,0,0,0.0777449980378151,0,1,0.5257632732391357,-0.8284648060798645,-0.1929192692041397,0,0.8100062608718872,0.4183574914932251,0.41093406081199646,0,-0.25973522663116455,-0.3723199963569641,0.8910189270973206,0,-0.001630999962799251,0.08561699837446213,0,1,0.6341791152954102,-0.7513830065727234,-0.18232275545597076,0,0.7360581755638123,0.5145062804222107,0.4398874342441559,0,-0.23671776056289673,-0.4131676256656647,0.8793508410453796,0,0.0006419999990612268,0.06886699795722961,0,1,-0.9808041453361511,0.11154995113611221,0.15993569791316986,0,0.07838395237922668,-0.5254754424095154,0.847190797328949,0,0.17854629456996918,0.8434642553329468,0.5066444873809814,0,0.1531279981136322,-0.07525999844074249,0.00989999994635582,1,0.9947880506515503,0.06834960728883743,-0.07565782964229584,0,-0.03840839862823486,-0.4361651837825775,-0.8990468382835388,0,-0.09444882720708847,0.8972669839859009,-0.431266725063324,0,0,0.43355700373649597,0,1,0.8558310270309448,0.511603057384491,-0.07625377178192139,0,-0.3881949186325073,0.7327030301094055,0.5589739680290222,0,0.34184426069259644,-0.44878605008125305,0.8256718516349792,0,0,0.3312470018863678,0,1,0.9163440465927124,-0.020561890676617622,0.3998638391494751,0,-0.238679900765419,0.7737869024276733,0.5867583155632019,0,-0.3214741349220276,-0.6331117153167725,0.7041471004486084,0,0,0.20004400610923767,0,1,-0.992143988609314,0.12406095862388611,-0.01611359417438507,0,-0.1226840615272522,-0.9396489858627319,0.3193891644477844,0,0.024482594802975655,0.318856805562973,0.9474870562553406,0,-0.1531279981136322,-0.07525999844074249,0.009096999652683735,1,0.9842010736465454,-0.011687163263559341,0.17666897177696228,0,0.13981583714485168,0.6634900569915771,-0.7350049614906311,0,-0.10862802714109421,0.7480941414833069,0.6546419262886047,0,0,0.4337970018386841,0,1,0.9932400584220886,-0.0625583827495575,-0.09777586162090302,0,0.104820616543293,0.12154807895421982,0.9870348572731018,0,-0.04986286163330078,-0.9906119704246521,0.12728388607501984,0,0,0.3317689895629883,0,1,0.9444372057914734,-0.028866246342658997,-0.32742270827293396,0,0.2700417637825012,0.6360569000244141,0.7228482365608215,0,0.18739333748817444,-0.771101713180542,0.6085102558135986,0,0,0.19863300025463104,0,1
K0.035,-0.291750431060791,0.022090960294008255,-0.06628474593162537,0,0.04255640506744385,0.2819100022315979,-0.0933576375246048,0,0.055413227528333664,-0.10019322484731674,-0.27729153633117676,0,-0.0009853079682216048,0.2777577340602875,0.008937597274780273,1,0.9621520042419434,-0.07724986225366592,-0.2613354027271271,0,0.17405639588832855,0.9120906591415405,0.371208131313324,0,0.20968565344810486,-0.402645468711853,0.8910150527954102,0,0,0.13538900017738342,-0.008721999824047089,1,0.9975681304931641,-0.0037628477439284325,-0.06959425657987595,0,0.006653561256825924,0.9991228580474854,0.041351594030857086,0,0.06937762349843979,-0.04171408712863922,0.9967182874679565,0,0,0.15828099846839905,0,1,0.9975104928016663,-0.007140105124562979,-0.07015228271484375,0,0.009923913516104221,0.9991735816001892,0.03941430523991585,0,0.06981290131807327,-0.040012381970882416,0.9967573285102844,0,0,0.18089300394058228,0,1,0.9993998408317566,0.01388218067586422,0.03174406290054321,0,-0.011594404466450214,0.997398316860199,-0.07115082442760468,0,-0.03264918550848961,0.07074004411697388,0.9969602823257446,0,0,0.2035049945116043,0,1,0.9797585010528564,-0.014676123857498169,0.1996440440416336,0,0.10060472786426544,0.8983122110366821,-0.4276841878890991,0,-0.17306597530841827,0.43911248445510864,0.8816057443618774,0,0,0.1708970069885254,0.012180999852716923,1,-0.1378895789384842,0.05627446994185448,-0.9888479709625244,0,0.882453441619873,-0.44635990262031555,-0.1484553962945938,0,-0.4497360587120056,-0.8930821418762207,0.011888803914189339,0,0.06443499773740768,0.16917000710964203,-0.0021009999327361584,1,0.9648497700691223,0.10719931125640869,-0.23994329571723938,0,0.08121549338102341,0.7467010021209717,0.6601834297180176,0,0.2499370127916336,-0.656464695930481,0.7117478251457214,0,0,0.1478630006313324,0,1,0.5270331501960754,0.8069342374801636,0.2666339576244354,0,-0.8065725564956665,0.5737804770469666,-0.142189621925354,0,-0.26772692799568176,-0.14012093842029572,0.9532520174980164,0,0,0.3846980035305023,0,1,0.5121705532073975,0.24530760943889618,-0.8231071829795837,0,-0.3824980854988098,0.9232098460197449,0.03713510185480118,0,0.7690103054046631,0.29581746459007263,0.5666706562042236,0,0,0.29548799991607666,0,1,0.8455529808998108,0.5338701009750366,-0.004812347702682018,0,-0.5156098008155823,0.8142269849777222,-0.2667962908744812,0,-0.13851627707481384,0.22807176411151886,0.9637410044670105,0,-0.04470000043511391,0.022832000628113747,0,1,0.9756680727005005,-0.16539901494979858,-0.14392463862895966,0,0.204383984208107,0.9237260818481445,0.3239719569683075,0,0.07936228811740875,-0.3455049693584442,0.9350549578666687,0,0.0032629999332129955,0.040022000670433044,0,1,0.5692558884620667,0.3154762387275696,-0.759225070476532,0,-0.241339772939682,0.9468891024589539,0.212502121925354,0,0.7859410047531128,0.06226309388875961,0.6151589155197144,0,-0.0047160000540316105,0.06285200268030167,0,1,0.7551999688148499,0.6502820253372192,0.0825059786438942,0,-0.6523038148880005,0.7331411242485046,0.19236506521701813,0,0.06460298597812653,-0.19909293949604034,0.977849006652832,0,0,0.08759299665689468,0,1,0.8456770777702332,0.5315929651260376,0.04732273891568184,0,-0.5246099233627319,0.8117150068283081,0.25671783089637756,0,0.09805674850940704,-0.2419261783361435,0.9653270244598389,0,0.00533499987795949,0.08115100115537643,0,1,0.9930859804153442,0.11738698184490204,-0.0007533123716711998,0,-0.11695101112127304,0.9899109601974487,0.07999208569526672,0,0.010135740041732788,-0.07935090363025665,0.9967950582504272,0,-0.003978000022470951,0.06615400314331055,0,1,-0.034764066338539124,-0.04609399288892746,0.9983318448066711,0,-0.9562607407569885,-0.2887754738330841,-0.04663214087486267,0,0.29044339060783386,-0.9562870860099792,-0.03403884172439575,0,-0.06443499773740768,0.16918499767780304,-0.0023219999857246876,1,0.8260099291801453,-0.3414314389228821,-0.4484773576259613,0,0.5152618288993835,0.7799463272094727,0.35523131489753723,0,0.22850117087364197,-0.5245080590248108,0.8201702237129211,0,0,0.1478630006313324,0,1,0.22083289921283722,-0.9077269434928894,-0.35673990845680237,0,0.9499011039733887,0.2831254303455353,-0.1323966681957245,0,0.22118207812309265,-0.30962997674942017,0.9247739315032959,0,0,0.3846839964389801,0,1,0.5160574316978455,-0.289305716753006,0.806218147277832,0,0.2233475297689438,0.9541217684745789,0.199415922164917,0,-0.8269230723381042,0.07715679705142975,0.5569977760314941,0,0,0.29550600051879883,0,1,0.6942191123962402,-0.6997880339622498,-0.16839352250099182,0,0.6696240901947021,0.5421420931816101,0.5076279044151306,0,-0.2639385759830475,-0.4651651680469513,0.8449599742889404,0,0.045409999787807465,0.022926000878214836,0,1,0.9115808606147766,0.33458104729652405,0.2389041930437088,0,-0.2871019244194031,0.9340140223503113,-0.21258212625980377,0,-0.2942657768726349,0.1251959204673767,0.9474880695343018,0,-0.0014270000392571092,0.0406700000166893,0,1,0.9642959833145142,0.07788775861263275,-0.2531150281429291,0,-0.06720322370529175,0.9964550137519836,0.05060089752078056,0,0.2561589777469635,-0.03178410232067108,0.966111958026886,0,0.009859999641776085,0.06350599974393845,0,1,0.6168851256370544,-0.7520430088043213,-0.2321299910545349,0,0.7452360391616821,0.46326884627342224,0.47958904504776,0,-0.25313296914100647,-0.46884292364120483,0.846233069896698,0,0,0.0777449980378151,0,1,0.5257627367973328,-0.8284652233123779,-0.19291967153549194,0,0.8100067377090454,0.4183570444583893,0.41093334555625916,0,-0.25973471999168396,-0.3723197877407074,0.8910191655158997,0,-0.001630999962799251,0.08561699837446213,0,1,0.6341791152954102,-0.7513830065727234,-0.18232297897338867,0,0.7360581159591675,0.514505922794342,0.43988803029060364,0,-0.23671802878379822,-0.41316792368888855,0.8793500065803528,0,0.0006419999990612268,0.06886699795722961,0,1,-0.9790077805519104,0.13585159182548523,0.15194664895534515,0,0.09400069713592529,-0.3605320155620575,0.9279984831809998,0,0.18085171282291412,0.9228009581565857,0.3401934802532196,0,0.1531279981136322,-0.07525999844074249,0.00989999994635582,1,0.9875376224517822,0.11820738017559052,-0.1039031594991684,0,-0.049410656094551086,-0.39394986629486084,-0.9178033471107483,0,-0.14942383766174316,0.9114996790885925,-0.3831998407840729,0,0,0.43355700373649597,0,1,0.8954589366912842,0.41470956802368164,-0.16177015006542206,0,-0.30751851201057434,0.839066207408905,0.4487761855125427,0,0.3218476176261902,-0.3521133065223694,0.8788801431655884,0,0,0.3312470018863678,0,1,0.9361390471458435,-0.07125551253557205,0.34433409571647644,0,-0.17824962735176086,0.747941792011261,0.6393831968307495,0,-0.303101509809494,-0.659929096698761,0.687476396560669,0,0,0.20004400610923767,0,1,-0.9765572547912598,0.18918129801750183,-0.10269435495138168,0,-0.192767933011055,-0.9808968901634216,0.02611210197210312,0,-0.09579264372587204,0.045296136289834976,0.9943701028823853,0,-0.1531279981136322,-0.07525999844074249,0.009096999652683735,1,0.9640055298805237,-0.04850034415721893,0.2614232003688812,0,0.16144606471061707,0.887989342212677,-0.430593341588974,0,-0.2112569957971573,0.45729994773864746,0.8638564348220825,0,0,0.4337970018386841,0,1,0.9958425164222717,-0.06597548723220825,-0.06280798465013504,0,0.08167719095945358,0.34145933389663696,0.9363406300544739,0,-0.04032917693257332,-0.9375780820846558,0.3454285264015198,0,0,0.3317689895629883,0,1,0.9338625073432922,0.01299563143402338,-0.35739585757255554,0,0.29903119802474976,0.5197775363922119,0.8002578020095825,0,0.19616612792015076,-0.854202926158905,0.48151445388793945,0,0,0.19863300025463104,0,1
K0.070,-0.2925814390182495,0.022377418354153633,-0.062413290143013,0,0.04244856536388397,0.2801554203033447,-0.09854485094547272,0,0.05093410611152649,-0.10493911057710648,-0.2763936519622803,0,-0.0010933715384453535,0.28012245893478394,0.010864573530852795,1,0.9334222078323364,-0.08335784077644348,-0.34896159172058105,0,0.19917160272598267,0.9293898344039917,0.31074845790863037,0,0.29841816425323486,-0.3595629036426544,0.884115993976593,0,0,0.13538900017738342,-0.008721999824047089,1,0.9957040548324585,0.005386386066675186,-0.09243491291999817,0,-0.001258188160136342,0.9990015029907227,0.04466088488698006,0,0.09258312731981277,-0.0443527027964592,0.9947161674499512,0,0,0.15828099846839905,0,1,0.9957180023193359,0.0010185386054217815,-0.09243493527173996,0,0.002700477372854948,0.9991916418075562,0.04009987786412239,0,0.09240107983350754,-0.04017779976129532,0.994910717010498,0,0,0.18089300394058228,0,1,0.9964412450790405,0.03383327275514603,0.07720636576414108,0,-0.03263738378882408,0.9993276000022888,-0.01669926568865776,0,-0.07771944999694824,0.014120025560259819,0.9968756437301636,0,0,0.2035049945116043,0,1,0.9587284326553345,0.013885593973100185,0.28398388624191284,0,0.11188100278377533,0.8998034000396729,-0.42170631885528564,0,-0.26138538122177124,0.4360743463039398,0.8611137270927429,0,0,0.1708970069885254,0.012180999852716923,1,-0.05715678259730339,0.036107953637838364,-0.9977121949195862,0,0.906957745552063,-0.4158574044704437,-0.06700782477855682,0,-0.417325496673584,-0.9087127447128296,-0.008979350328445435,0,0.06443499773740768,0.16917000710964203,-0.0021009999327361584,1,0.9131196141242981,-0.09395734965801239,-0.39671793580055237,0,0.3392142951488495,0.7148836255073547,0.6114535927772522,0,0.22615642845630646,-0.692902147769928,0.684645414352417,0,0,0.1478630006313324,0,1,0.4674268960952759,0.8332586288452148,0.2952843904495239,0,-0.8582768440246582,0.5077831149101257,-0.07427745312452316,0,-0.21183276176452637,-0.21871651709079742,0.9525182247161865,0,0,0.3846980035305023,0,1,0.5245382785797119,0.1896021068096161,-0.8300060033798218,0,-0.3474680483341217,0.937676191329956,-0.005391397979110479,0,0.7772548198699951,0.29122862219810486,0.5577278733253479,0,0,0.29548799991607666,0,1,0.8455529808998108,0.5338700413703918,-0.004812880884855986,0,-0.5156099200248718,0.8142270445823669,-0.26679661870002747,0,-0.13851597905158997,0.22807228565216064,0.9637409448623657,0,-0.04470000043511391,0.022832000628113747,0,1,0.9756680727005005,-0.16539908945560455,-0.14392417669296265,0,0.20438389480113983,0.9237260818481445,0.32397201657295227,0,0.07936183363199234,-0.3455049693584442,0.9350550174713135,0,0.0032629999332129955,0.040022000670433044,0,1,0.5692559480667114,0.3154762089252472,-0.759225070476532,0,-0.24133972823619843,0.9468891024589539,0.21250209212303162,0,0.7859410047531128,0.062263067811727524,0.6151589155197144,0,-0.0047160000540316105,0.06285200268030167,0,1,0.7551999688148499,0.6502811908721924,0.08250591158866882,0,-0.6523029208183289,0.7331411242485046,0.19236500561237335,0,0.06460291147232056,-0.1990930140018463,0.977849006652832,0,0,0.08759299665689468,0,1,0.8456770777702332,0.5315930247306824,0.04732276871800423,0,-0.5246099233627319,0.8117148876190186,0.25671783089637756,0,0.09805676341056824,-0.24192622303962708,0.9653269648551941,0,0.00533499987795949,0.08115100115537643,0,1,0.9930859804153442,0.11738700419664383,-0.0007537857163697481,0,-0.11695098876953125,0.9899109601974487,0.07999211549758911,0,0.010136214084923267,-0.07935087382793427,0.9967950582504272,0,-0.003978000022470951,0.06615400314331055,0,1,-0.21253278851509094,-0.12109223753213882,0.9696215987205505,0,-0.9041851758956909,-0.3518811762332916,-0.242134690284729,0,0.37051233649253845,-0.9281794428825378,-0.034703578799963,0,-0.06443499773740768,0.16918499767780304,-0.0023219999857246876,1,0.7479590773582458,-0.5139541625976562,-0.4200083911418915,0,0.6218893527984619,0.7637932896614075,0.172837033867836,0,0.23196947574615479,-0.3904741108417511,0.8909094929695129,0,0,0.1478630006313324,0,1,0.32698097825050354,-0.8301286101341248,-0.4516301453113556,0,0.9059502482414246,0.4113573431968689,-0.1001947894692421,0,0.26895594596862793,-0.376392662525177,0.8865612745285034,0,0,0.3846839964389801,0,1,0.5149011015892029,-0.28331735730171204,0.8090786933898926,0,0.22550494968891144,0.9553321599960327,0.19101905822753906,0,-0.827057421207428,0.084095299243927,0.5557907223701477,0,0,0.29550600051879883,0,1,0.6942189335823059,-0.6997880339622498,-0.1683931052684784,0,0.6696239113807678,0.5421420931816101,0.5076280236244202,0,-0.2639389932155609,-0.4651649594306946,0.8449599742889404,0,0.045409999787807465,0.022926000878214836,0,1,0.9115809202194214,0.33458104729652405,0.23890407383441925,0,-0.2871018648147583,0.934014081954956,-0.2125825583934784,0,-0.2942657470703125,0.12519633769989014,0.9474879503250122,0,-0.0014270000392571092,0.0406700000166893,0,1,0.9642959833145142,0.07788781076669693,-0.2531149685382843,0,-0.06720327585935593,0.9964550137519836,0.05060090497136116,0,0.2561589181423187,-0.031784094870090485,0.9661120176315308,0,0.009859999641776085,0.06350599974393845,0,1,0.6168851256370544,-0.7520430088043213,-0.2321299910545349,0,0.7452360391616821,0.46326884627342224,0.47958904504776,0,-0.25313296914100647,-0.46884292364120483,0.846233069896698,0,0,0.0777449980378151,0,1,0.5257638692855835,-0.8284649848937988,-0.19291920959949493,0,0.8100061416625977,0.41835784912109375,0.4109340310096741,0,-0.25973519682884216,-0.3723199665546417,0.8910190463066101,0,-0.001630999962799251,0.08561699837446213,0,1,0.6341789364814758,-0.7513828277587891,-0.18232229351997375,0,0.7360580563545227,0.5145063400268555,0.43988755345344543,0,-0.23671811819076538,-0.41316741704940796,0.8793508410453796,0,0.0006419999990612268,0.06886699795722961,0,1,-0.9790229797363281,0.140272855758667,0.14777401089668274,0,0.12096679210662842,-0.1834486573934555,0.9755581021308899,0,0.16395336389541626,0.9729701280593872,0.16263215243816376,0,0.1531279981136322,-0.07525999844074249,0.00989999994635582,1,0.9839552044868469,0.14187945425510406,-0.1081768274307251,0,-0.061286810785532,-0.3006456196308136,-0.9517650008201599,0,-0.16755880415439606,0.943123996257782,-0.2871265113353729,0,0,0.43355700373649597,0,1,0.91683429479599,0.33999523520469666,-0.20932698249816895,0,-0.2613810896873474,0.9074224233627319,0.32903608679771423,0,0.3018186092376709,-0.24695737659931183,0.9208239912986755,0,0,0.3312470018863678,0,1,0.9492918848991394,-0.11576368659734726,0.29230886697769165,0,-0.12165824323892593,0.7220578193664551,0.6810510754585266,0,-0.28990504145622253,-0.68207848072052,0.6713603734970093,0,0,0.20004400610923767,0,1,-0.9512249231338501,0.24699589610099792,-0.18483330309391022,0,-0.21376201510429382,-0.9597111344337463,-0.18237486481666565,0,-0.22243250906467438,-0.133969247341156,0.9656999111175537,0,-0.1531279981136322,-0.07525999844074249,0.009096999652683735,1,0.9629680514335632,-0.08409953862428665,0.2561628222465515,0,0.11283095180988312,0.9886106848716736,-0.09958863258361816,0,-0.2448701560497284,0.12480387091636658,0.961490273475647,0,0,0.4337970018386841,0,1,0.9996771216392517,-0.002528246259316802,0.02527938410639763,0,-0.014181433245539665,0.7700539827346802,0.6378216743469238,0,-0.021079054102301598,-0.6379740238189697,0.7697691321372986,0,0,0.3317689895629883,0,1,0.9427146911621094,0.10050473362207413,-0.3181011974811554,0,0.28557589650154114,0.2497638761997223,0.9252371191978455,0,0.17244093120098114,-0.9630767703056335,0.20675437152385712,0,0,0.19863300025463104,0,1
K0.105,-0.2944190502166748,0.01944166049361229,-0.054216496646404266,0,0.03777814283967018,0.2783459722995758,-0.10533878207206726,0,0.04347663000226021,-0.11020655184984207,-0.27561625838279724,0,-0.0009365375153720379,0.28188762068748474,0.01414201408624649,1,0.9198576211929321,-0.08237523585557938,-0.3835056722164154,0,0.1939934343099594,0.9452972412109375,0.26225754618644714,0,0.34092339873313904,-0.3156372606754303,0.8855193853378296,0,0,0.13538900017738342,-0.008721999824047089,1,0.9947513341903687,0.013206250965595245,-0.10146953165531158,0,-0.00845938641577959,0.9988561272621155,0.04706988483667374,0,0.1019749790430069,-0.04596441611647606,0.9937242269515991,0,0,0.15828099846839905,0,1,0.994857907295227,0.008660157211124897,-0.10090608894824982,0,-0.004464586731046438,0.9991188645362854,0.041730839759111404,0,0.10117858648300171,-0.0410657599568367,0.9940200448036194,0,0,0.18089300394058228,0,1,0.9935964941978455,0.042984794825315475,0.10449200123548508,0,-0.0453917421400547,0.998753547668457,0.020765800029039383,0,-0.10346909612417221,-0.025375891476869583,0.9943087100982666,0,0,0.2035049945116043,0,1,0.9428703784942627,0.037698641419410706,0.33102038502693176,0,0.11250067502260208,0.8991897702217102,-0.4228494465351105,0,-0.3135908842086792,0.43593209981918335,0.8435779809951782,0,0,0.1708970069885254,0.012180999852716923,1,-0.015054112300276756,0.023458510637283325,-0.9996111392974854,0,0.9115673899650574,-0.4104858636856079,-0.023361248895525932,0,-0.4108743667602539,-0.9115651249885559,-0.015204613097012043,0,0.06443499773740768,0.16917000710964203,-0.0021009999327361584,1,0.8490420579910278,-0.1827310174703598,-0.49571818113327026,0,0.4656718969345093,0.7020294070243835,0.5387990474700928,0,0.24955341219902039,-0.6883050203323364,0.6811450719833374,0,0,0.1478630006313324,0,1,0.4190742075443268,0.8455125093460083,0.33088627457618713,0,-0.8910934925079346,0.4529094398021698,-0.028729820623993874,0,-0.17415295541286469,-0.28281065821647644,0.9432333111763,0,0,0.3846980035305023,0,1,0.5314761400222778,0.14576485753059387,-0.8344370126724243,0,-0.33447855710983276,0.9411481022834778,-0.04863285645842552,0,0.7782396674156189,0.3049484193325043,0.5489528775215149,0,0,0.29548799991607666,0,1,0.8455529808998108,0.5338701009750366,-0.004812232684344053,0,-0.5156097412109375,0.8142269849777222,-0.2667962908744812,0,-0.138516366481781,0.22807170450687408,0.9637410044670105,0,-0.04470000043511391,0.022832000628113747,0,1,0.9756688475608826,-0.16539914906024933,-0.143924281001091,0,0.20438385009765625,0.9237260818481445,0.32397201657295227,0,0.07936186343431473,-0.3455049693584442,0.9350550174713135,0,0.0032629999332129955,0.040022000670433044,0,1,0.5692561268806458,0.3154758810997009,-0.759225070476532,0,-0.2413393259048462,0.9468889832496643,0.2125018686056137,0,0.785940945148468,0.06226286292076111,0.6151589751243591,0,-0.0047160000540316105,0.06285200268030167,0,1,0.7551999092102051,0.650282084941864,0.08250598609447479,0,-0.6523038744926453,0.7331410646438599,0.19236506521701813,0,0.06460299342870712,-0.19909293949604034,0.977849006652832,0,0,0.08759299665689468,0,1,0.8456769585609436,0.5315931439399719,0.04732293263077736,0,-0.5246097445487976,0.8117142915725708,0.25671812891960144,0,0.09805692732334137,-0.24192669987678528,0.9653270244598389,0,0.00533499987795949,0.08115100115537643,0,1,0.9930859804153442,0.11738699674606323,-0.0007537067285738885,0,-0.11695099622011185,0.9899109601974487,0.07999210804700851,0,0.010136134922504425,-0.07935088127851486,0.9967950582504272,0,-0.003978000022470951,0.06615400314331055,0,1,-0.3023007810115814,-0.1851794719696045,0.9350525140762329,0,-0.8493430018424988,-0.39296361804008484,-0.35241422057151794,0,0.43270161747932434,-0.900715708732605,-0.038487788289785385,0,-0.06443499773740768,0.16918499767780304,-0.0023219999857246876,1,0.6960636377334595,-0.621568500995636,-0.35937097668647766,0,0.6743450164794922,0.7378058433532715,0.030025171115994453,0,0.24648341536521912,-0.2632395923137665,0.9327118396759033,0,0,0.1478630006313324,0,1,0.391541063785553,-0.7576719522476196,-0.5221390724182129,0,0.8645995259284973,0.49712610244750977,-0.07303091883659363,0,0.31490224599838257,-0.42284634709358215,0.8497276902198792,0,0,0.3846839964389801,0,1,0.5166311860084534,-0.2762565016746521,0.810416579246521,0,0.24867753684520721,0.9541307091712952,0.1667170226573944,0,-0.8192992806434631,0.11540108919143677,0.5616319179534912,0,0,0.29550600051879883,0,1,0.6942191123962402,-0.6997880339622498,-0.16839361190795898,0,0.6696239709854126,0.5421420335769653,0.5076277256011963,0,-0.26393845677375793,-0.4651651382446289,0.8449600338935852,0,0.045409999787807465,0.022926000878214836,0,1,0.9115811586380005,0.33458057045936584,0.23890377581119537,0,-0.2871014475822449,0.9340139031410217,-0.21258194744586945,0,-0.29426518082618713,0.12519605457782745,0.9474878907203674,0,-0.0014270000392571092,0.0406700000166893,0,1,0.9642958045005798,0.07788824290037155,-0.25311458110809326,0,-0.06720374524593353,0.9964550137519836,0.05060095340013504,0,0.25615859031677246,-0.0317840501666069,0.9661120772361755,0,0.009859999641776085,0.06350599974393845,0,1,0.6168850660324097,-0.7520430684089661,-0.23212991654872894,0,0.7452360391616821,0.46326881647109985,0.4795888662338257,0,-0.2531328797340393,-0.4688427448272705,0.8462331295013428,0,0,0.0777449980378151,0,1,0.5257628560066223,-0.8284657001495361,-0.19291949272155762,0,0.8100070357322693,0.4183570146560669,0.4109339416027069,0,-0.25973549485206604,-0.3723199963569641,0.8910197615623474,0,-0.001630999962799251,0.08561699837446213,0,1,0.6341791152954102,-0.751382052898407,-0.1823226511478424,0,0.7360581755638123,0.514506995677948,0.4398868680000305,0,-0.23671697080135345,-0.4131673276424408,0.8793509602546692,0,0.0006419999990612268,0.06886699795722961,0,1,-0.9839999675750732,0.12410280853509903,0.12783554196357727,0,0.11696608364582062,-0.09126479923725128,0.9889335036277771,0,0.13439631462097168,0.9880629181861877,0.07528887689113617,0,0.1531279981136322,-0.07525999844074249,0.00989999994635582,1,0.9864474534988403,0.14758671820163727,-0.07169295847415924,0,-0.06993944197893143,-0.017043542116880417,-0.997406005859375,0,-0.14842568337917328,0.9889020323753357,-0.006490420550107956,0,0,0.43355700373649597,0,1,0.9417107701301575,0.28629669547080994,-0.17667783796787262,0,-0.21056999266147614,0.9111742973327637,0.3541484475135803,0,0.2623758614063263,-0.29630234837532043,0.9183481931686401,0,0,0.3312470018863678,0,1,0.954925537109375,-0.12610577046871185,0.2687273919582367,0,-0.10106713324785233,0.7130728363990784,0.6937668919563293,0,-0.27911025285720825,-0.6896553039550781,0.668186366558075,0,0,0.20004400610923767,0,1,-0.9401166439056396,0.2722265422344208,-0.20511770248413086,0,-0.2112506777048111,-0.9376120567321777,-0.27614688873291016,0,-0.26749536395072937,-0.2162790596485138,0.9389727711677551,0,-0.1531279981136322,-0.07525999844074249,0.009096999652683735,1,0.981788694858551,-0.09507431834936142,0.1644720882177353,0,0.1138165071606636,0.9875543713569641,-0.1085454449057579,0,-0.15210534632205963,0.12528839707374573,0.9803913831710815,0,0,0.4337970018386841,0,1,0.9974672794342041,0.06052691116929054,0.0373663492500782,0,-0.07113191485404968,0.8484929203987122,0.5244050621986389,0,0.00003553695205482654,-0.5257347226142883,0.8506491184234619,0,0,0.3317689895629883,0,1,0.9443795680999756,0.009484780952334404,-0.3287197947502136,0,0.18964360654354095,0.8009258508682251,0.5679370760917664,0,0.26866716146469116,-0.5986882448196411,0.7545799016952515,0,0,0.19863300025463104,0,1
