0.667,30,19,41
B0,mixamorig_Hips,-1,-0.9991485476493835,0.003479663049802184,-0.04110901057720184,0,-0.008468672633171082,0.9579189419746399,0.2869126796722412,0,0.04037748649716377,0.28701668977737427,-0.9570744037628174,0,0.004395560827106237,0.31126147508621216,-0.011980526149272919,1
B1,mixamorig_Spine,0,0.9928568601608276,-0.03625613451004028,0.11367043107748032,0,0.06510689854621887,0.9629990458488464,-0.26152104139328003,0,-0.09998278319835663,0.2670537233352661,0.9584808945655823,0,0,0.04390399903059006,0.007627999875694513,1
B2,mixamorig_Spine1,1,0.9997444152832031,0.01415149588137865,0.017619114369153976,0,-0.013346045278012753,0.9988971948623657,-0.0450223907828331,0,-0.018236808478832245,0.044775716960430145,0.9988303184509277,0,0,0.05198799818754196,0,1
B3,mixamorig_Spine2,2,0.9997707009315491,0.013355430215597153,0.016761261969804764,0,-0.012650793418288231,0.9990599155426025,-0.04146363586187363,0,-0.017299260944128036,0.04124205559492111,0.9989991784095764,0,0,0.059415001422166824,0,1
B4,mixamorig_Neck,3,0.9959860444068909,0.029170885682106018,-0.08462446182966232,0,-0.028749652206897736,0.9995676875114441,0.006192329339683056,0,0.08476848900318146,-0.0037345492746680975,0.9963939189910889,0,0,0.06684199720621109,0,1
B5,mixamorig_Head,4,0.9984039664268494,0.05479653179645538,-0.013637728989124298,0,-0.04474405571818352,0.9150239825248718,0.4009099304676056,0,0.03444734215736389,-0.3996601104736328,0.9160159230232239,0,0,0.051865000277757645,-0.006849000230431557,1
B6,mixamorig_HeadTop_End,5,1,0,0,0,0,1,0,0,0,0,1,0,0,0.2007790058851242,-0.026512999087572098,1
B7,mixamorig_LeftShoulder,3,0.09933926910161972,0.020091891288757324,0.994850754737854,0,-0.9382817149162292,-0.33098551630973816,0.10037524253129959,0,0.3312980532646179,-0.9434219002723694,-0.01402805745601654,0,-0.02097800001502037,0.05739400163292885,0.004528000019490719,1
B8,mixamorig_LeftArm,7,-0.8918934464454651,-0.45036420226097107,-0.04121704027056694,0,-0.39900916814804077,0.7407265305519104,0.5404779314994812,0,-0.21288128197193146,0.4984944760799408,-0.8403483033180237,0,0,0.047561001032590866,0,1
B9,mixamorig_LeftForeArm,8,0.5298681259155273,-0.7539712190628052,0.38828614354133606,0,0.7857093214988708,0.6087590456008911,0.10987889021635056,0,-0.31921839714050293,0.24685882031917572,0.9149646759033203,0,0,0.1254729926586151,0,1
B10,mixamorig_LeftHand,9,-0.475739061832428,0.18202243745326996,0.8605469465255737,0,0.5552735924720764,0.8209102153778076,0.13333530724048615,0,-0.6821612119674683,0.5412713885307312,-0.49161088466644287,0,0,0.10390900075435638,0,1
B11,mixamorig_LeftHandThumb1,10,0.8320630788803101,0.5534307956695557,-0.03722701221704483,0,-0.5400270819664001,0.7929289937019348,-0.28219690918922424,0,-0.12665800750255585,0.25490906834602356,0.9586339592933655,0,-0.011734999716281891,0.01218700036406517,0,1
B12,mixamorig_LeftHandThumb2,11,0.9589450359344482,-0.22833195328712463,-0.16819462180137634,0,0.27163103222846985,0.9099520444869995,0.3133758306503296,0,0.08149531483650208,-0.34619706869125366,0.934615969657898,0,0.0017049999441951513,0.013426999561488628,0,1
B13,mixamorig_LeftHandThumb3,12,0.5371890664100647,0.36965692043304443,-0.7581440210342407,0,-0.35152310132980347,0.9151840209960938,0.19715215265750885,0,0.7667201161384583,0.16059714555740356,0.6215699315071106,0,-0.0028230000752955675,0.021270999684929848,0,1
B14,mixamorig_LeftHandThumb4,13,1,0,0,0,0,1,0,0,0,0,1,0,0.0011180000146850944,0.0193060003221035,0,1
B15,mixamorig_LeftHandIndex1,10,0.7604907751083374,0.6348362565040588,0.13651828467845917,0,-0.649344801902771,0.7427331805229187,0.16339798271656036,0,0.002334285294637084,-0.2129100263118744,0.9770690202713013,0,0,0.015510999597609043,0,1
B16,mixamorig_LeftHandIndex2,15,0.8192707300186157,0.5699964165687561,0.06245023012161255,0,-0.5644655823707581,0.7825392484664917,0.2626981735229492,0,0.10086727887392044,-0.25047194957733154,0.9628549218177795,0,0.0016049999976530671,0.031279001384973526,0,1
B17,mixamorig_LeftHandIndex3,16,0.9980430006980896,0.062028106302022934,-0.007867006585001945,0,-0.06118989363312721,0.9948319792747498,0.08102194964885712,0,0.012851993553340435,-0.08038204163312912,0.9966809749603271,0,-0.0005729999975301325,0.027307000011205673,0,1
B18,mixamorig_LeftHandIndex4,17,1,0,0,0,0,1,0,0,0,0,1,0,-0.001032999949529767,0.02392200008034706,0,1
B19,mixamorig_RightShoulder,3,-0.25516897439956665,-0.007130360696464777,-0.9668705463409424,0,0.930586040019989,-0.2732768952846527,-0.2435777187347412,0,-0.2624865174293518,-0.9619093537330627,0.07636719197034836,0,0.02097800001502037,0.05642100051045418,-0.0010760000441223383,1
B20,mixamorig_RightArm,19,-0.8871662020683289,0.4450344145298004,-0.12198784947395325,0,0.3315184712409973,0.7985771894454956,0.5023646950721741,0,0.32098618149757385,0.4052395820617676,-0.8560075759887695,0,0,0.047561001032590866,0,1
B21,mixamorig_RightForeArm,20,0.28698182106018066,0.950523316860199,-0.11893963813781738,0,-0.8077172040939331,0.30685892701148987,0.503418505191803,0,0.5150086879730225,-0.04840238019824028,0.8558167219161987,0,0,0.12654699385166168,0,1
B22,mixamorig_RightHand,21,-0.7830460071563721,-0.3172590732574463,-0.5349634885787964,0,-0.3280927836894989,0.941414475440979,-0.07806244492530823,0,0.5283882021903992,0.11439113318920135,-0.8412609100341797,0,0,0.10343500226736069,0,1
B23,mixamorig_RightHandThumb1,22,0.6608613133430481,-0.7364616990089417,-0.14452211558818817,0,0.6920523643493652,0.5234745144844055,0.49702897667884827,0,-0.2903890609741211,-0.4284839928150177,0.8556139469146729,0,0.014523999765515327,0.011982999742031097,0,1
B24,mixamorig_RightHandThumb2,23,0.8940019011497498,0.38542231917381287,0.22849616408348083,0,-0.3400208652019501,0.915692925453186,-0.21422331035137177,0,-0.291798859834671,0.11382262408733368,0.9496831297874451,0,-0.0007680000271648169,0.015043999999761581,0,1
B25,mixamorig_RightHandThumb3,24,0.9687500596046448,0.034222036600112915,-0.24566790461540222,0,-0.01666996255517006,0.9971799850463867,0.07317399978637695,0,0.24747911095619202,-0.06679199635982513,0.9665879607200623,0,0.0040270001627504826,0.02192699909210205,0,1
B26,mixamorig_RightHandThumb4,25,1,0,0,0,0,1,0,0,0,0,1,0,-0.003258999902755022,0.017292000353336334,0,1
B27,mixamorig_RightHandIndex1,22,0.6104154586791992,-0.7451682686805725,-0.26854607462882996,0,0.7594556212425232,0.45430514216423035,0.4656543731689453,0,-0.22498904168605804,-0.48819148540496826,0.8432372212409973,0,0,0.02219099923968315,0,1
B28,mixamorig_RightHandIndex2,27,0.5424751043319702,-0.8148118853569031,-0.20445896685123444,0,0.7979860305786133,0.42373403906822205,0.42856577038764954,0,-0.2625640034675598,-0.3956412971019745,0.8800729513168335,0,-0.0009210000280290842,0.029239999130368233,0,1
B29,mixamorig_RightHandIndex3,28,0.6622057557106018,-0.7280793190002441,-0.1771569699048996,0,0.7094727754592896,0.5331414341926575,0.4608778953552246,0,-0.24110595881938934,-0.43088412284851074,0.8696019053459167,0,0.00013600000238511711,0.026674000546336174,0,1
B30,mixamorig_RightHandIndex4,29,1,0,0,0,0,1,0,0,0,0,1,0,0.0007859999896027148,0.02132599987089634,0,1
B31,mixamorig_LeftUpLeg,0,-0.9954373836517334,0.06468790769577026,0.07013895362615585,0,-0.09229478985071182,-0.8392511606216431,-0.535854697227478,0,0.02420087717473507,-0.5398833751678467,0.841392457485199,0,-0.05041100084781647,-0.02436700090765953,0.003154000034555793,1
B32,mixamorig_LeftLeg,31,0.977841317653656,0.17737837135791779,0.1111934706568718,0,0.031335778534412384,-0.6491680145263672,0.75999915599823,0,0.20699046552181244,-0.7396735548973083,-0.64034104347229,0,0,0.14514699578285217,0,1
B33,mixamorig_LeftFoot,32,-0.9371420741081238,0.34877121448516846,-0.011067393235862255,0,0.33710238337516785,0.8966835737228394,-0.2869153916835785,0,-0.09014393389225006,-0.27261146903038025,-0.9578919410705566,0,0,0.11971700191497803,0,1
B34,mixamorig_LeftToeBase,33,0.7861791253089905,0.16576232016086578,0.595352828502655,0,-0.2999855577945709,0.9446083307266235,0.13313435018062592,0,-0.5403063297271729,-0.28326454758644104,0.792357325553894,0,0,0.0696519985795021,0,1
B35,mixamorig_LeftToe_End,34,1,0,0,0,0,1,0,0,0,0,1,0,0,0.028690999373793602,0,1
B36,mixamorig_RightUpLeg,0,-0.996026873588562,-0.0809747502207756,0.03707382082939148,0,0.033232755959033966,-0.7241567373275757,-0.6888336539268494,0,0.08262534439563751,-0.6848644018173218,0.7239702343940735,0,0.05041100084781647,-0.02436700090765953,-0.008173000067472458,1
B37,mixamorig_RightLeg,36,0.9959686994552612,0.07588966190814972,-0.047821659594774246,0,0.016671130433678627,0.36723390221595764,0.9299798607826233,0,0.08813755959272385,-0.9270277619361877,0.3644881546497345,0,0,0.145236998796463,0,1
B38,mixamorig_RightFoot,37,-0.9832122325897217,0.04347674176096916,0.17720772325992584,0,-0.16587591171264648,0.19161653518676758,-0.9673510789871216,0,-0.0760132223367691,-0.9805060625076294,-0.18118806183338165,0,0,0.11989700049161911,0,1
B39,mixamorig_RightToeBase,38,0.9672722220420837,-0.04610214754939079,-0.2495167851448059,0,0.1996457576751709,0.7451975345611572,0.6362562775611877,0,0.15660664439201355,-0.6652485728263855,0.7300136089324951,0,0,0.06777899712324142,0,1
B40,mixamorig_RightToe_End,39,1,0,0,0,0,1,0,0,0,0,1,0,0,0.0280969999730587,0,1
@34,0,1,2,3,4,5,7,8,9,10,11,12,13,15,16,17,19,20,21,22,23,24,25,27,28,29,31,32,33,34,36,37,38,39
K0,0.9789308905601501,-0.031904999166727066,0.20168384909629822,0,0.09759306907653809,0.9407050609588623,-0.3248831033706665,0,-0.17935973405838013,0.3377212882041931,0.923999547958374,0,-0.0010800212621688843,0.314503014087677,0.004505799151957035,1,0.9910850524902344,0.041033223271369934,-0.12675367295742035,0,-0.07885278016328812,0.947521984577179,-0.3098129332065582,0,0.10738931596279144,0.31704601645469666,0.9423109292984009,0,0,0.04390399903059006,0.007627999875694513,1,0.9994270205497742,0.0045361751690506935,-0.03353508189320564,0,-0.005752825178205967,0.9993249773979187,-0.03627292439341545,0,0.03334791958332062,0.03644507750868797,0.9987789988517761,0,0,0.05198799818754196,0,1,0.9993880391120911,0.00596892973408103,-0.034473832696676254,0,-0.0072080702520906925,0.9993280172348022,-0.0359327606856823,0,0.03423617035150528,0.03615923970937729,0.9987589716911316,0,0,0.059415001422166824,0,1,0.9995739459991455,0.013833800330758095,-0.02570478804409504,0,-0.013516196981072426,0.9998310208320618,0.012488875538110733,0,0.02587321400642395,-0.012136123143136501,0.9995920658111572,0,0,0.06684199720621109,0,1,0.993772029876709,0.06138891726732254,0.09300153702497482,0,-0.09605108201503754,0.8950150012969971,0.4355720281600952,0,-0.0564984530210495,-0.44179198145866394,0.8953369855880737,0,0,0.051865000277757645,-0.006849000230431557,1,0.3661821782588959,0.0725376233458519,0.9277120232582092,0,-0.8519037365913391,-0.37498319149017334,0.36557936668395996,0,0.3743942379951477,-0.9241888523101807,-0.07551699876785278,0,-0.02097800001502037,0.05739400163292885,0.004528000019490719,1,-0.9164861440658569,-0.37422770261764526,0.14144524931907654,0,-0.18626931309700012,0.7120472192764282,0.6769726276397705,0,-0.35405775904655457,0.5940893888473511,-0.7222888469696045,0,0,0.047561001032590866,0,1,0.5623159408569336,-0.7642580270767212,0.31577104330062866,0,0.7625589370727539,0.6269550323486328,0.15947091579437256,0,-0.31985095143318176,0.15112091600894928,0.935338020324707,0,0,0.1254729926586151,0,1,-0.44275540113449097,0.30630621314048767,0.8426998257637024,0,0.43996092677116394,0.8931381106376648,-0.09348372370004654,0,-0.7812824249267578,0.32936471700668335,-0.5302047729492188,0,0,0.10390900075435638,0,1,0.8320630192756653,0.5534308552742004,-0.03722703084349632,0,-0.5400271415710449,0.79292893409729,-0.28219693899154663,0,-0.12665802240371704,0.25490909814834595,0.9586339592933655,0,-0.011734999716281891,0.01218700036406517,0,1,0.9589449763298035,-0.2283320426940918,-0.16819414496421814,0,0.27163100242614746,0.9099519848823547,0.31337597966194153,0,0.08149484544992447,-0.34619709849357605,0.9346160292625427,0,0.0017049999441951513,0.013426999561488628,0,1,0.5371888875961304,0.3696568012237549,-0.7581432461738586,0,-0.351523220539093,0.915183961391449,0.19715215265750885,0,0.7667198777198792,0.16059714555740356,0.6215701699256897,0,-0.0028230000752955675,0.021270999684929848,0,1,0.7604907751083374,0.6348362565040588,0.13651828467845917,0,-0.649344801902771,0.7427331805229187,0.16339798271656036,0,0.002334285294637084,-0.2129100263118744,0.9770690202713013,0,0,0.015510999597609043,0,1,0.8192711472511292,0.5699957609176636,0.062450259923934937,0,-0.5644652247428894,0.7825400233268738,0.2626986801624298,0,0.10086725652217865,-0.2504723370075226,0.96285480260849,0,0.0016049999976530671,0.031279001384973526,0,1,0.9980430006980896,0.062028106302022934,-0.007867006585001945,0,-0.06118989363312721,0.9948319792747498,0.08102194964885712,0,0.012851993553340435,-0.08038204163312912,0.9966809749603271,0,-0.0005729999975301325,0.027307000011205673,0,1,-0.3069450259208679,-0.015812981873750687,-0.9515960216522217,0,0.9369360208511353,-0.1806161105632782,-0.2992149889469147,0,-0.16714203357696533,-0.9834270477294922,0.07025492936372757,0,0.02097800001502037,0.05642100051045418,-0.0010760000441223383,1,-0.9659729599952698,0.25587719678878784,0.037734102457761765,0,0.2354458123445511,0.8095331788063049,0.5377938151359558,0,0.10706210136413574,0.5283782482147217,-0.842231810092926,0,0,0.047561001032590866,0,1,0.20126453042030334,0.9793588519096375,-0.01868867315351963,0,-0.8239700794219971,0.1795864999294281,0.5374210476875305,0,0.52968430519104,-0.09276488423347473,0.8431068062782288,0,0,0.12654699385166168,0,1,-0.7896217703819275,-0.28072336316108704,-0.5456110239028931,0,-0.30108964443206787,0.9520601630210876,-0.054101813584566116,0,0.5346419215202332,0.12155781686306,-0.8362900018692017,0,0,0.10343500226736069,0,1,0.6608610153198242,-0.7364610433578491,-0.14452245831489563,0,0.692052960395813,0.5234750509262085,0.4970288872718811,0,-0.29038846492767334,-0.42848408222198486,0.8556141257286072,0,0.014523999765515327,0.011982999742031097,0,1,0.8940019607543945,0.3854221701622009,0.22849628329277039,0,-0.3400208652019501,0.9156930446624756,-0.21422284841537476,0,-0.2917987108230591,0.11382216215133667,0.9496830701828003,0,-0.0007680000271648169,0.015043999999761581,0,1,0.9687500596046448,0.034222036600112915,-0.24566790461540222,0,-0.01666996255517006,0.9971799850463867,0.07317399978637695,0,0.24747911095619202,-0.06679199635982513,0.9665879607200623,0,0.0040270001627504826,0.02192699909210205,0,1,0.6104156970977783,-0.745168149471283,-0.26854708790779114,0,0.7594558596611023,0.4543052315711975,0.4656539857387543,0,-0.22498807311058044,-0.48819196224212646,0.8432369828224182,0,0,0.02219099923968315,0,1,0.5424750447273254,-0.8148108720779419,-0.2044583112001419,0,0.7979851365089417,0.4237341284751892,0.4285658001899719,0,-0.2625643014907837,-0.3956412672996521,0.8800728917121887,0,-0.0009210000280290842,0.029239999130368233,0,1,0.6622059941291809,-0.728079080581665,-0.17715682089328766,0,0.7094730138778687,0.5331420302391052,0.46087801456451416,0,-0.2411058098077774,-0.4308840036392212,0.8696020245552063,0,0.00013600000238511711,0.026674000546336174,0,1,-0.9793980121612549,-0.11152035742998123,0.16835111379623413,0,-0.10749434679746628,-0.4178329408168793,-0.9021419882774353,0,0.17094987630844116,-0.9016530513763428,0.39723697304725647,0,-0.05041100084781647,-0.02436700090765953,0.003154000034555793,1,0.9973009824752808,-0.05236233398318291,-0.05146653205156326,0,0.025002658367156982,-0.41687196493148804,0.9086208939552307,0,-0.06903252005577087,-0.9074559211730957,-0.4144378900527954,0,0,0.14514699578285217,0,1,-0.8275531530380249,0.5612228512763977,-0.013586056418716908,0,0.5169422030448914,0.7523749470710754,-0.4082939326763153,0,-0.21892207860946655,-0.34490811824798584,-0.9127500653266907,0,0,0.11971700191497803,0,1,0.9319390654563904,-0.018887152895331383,0.3621237576007843,0,-0.21603915095329285,0.7731388807296753,0.5963091254234314,0,-0.29123416543006897,-0.6339558959007263,0.7164369821548462,0,0,0.0696519985795021,0,1,-0.9927220344543457,-0.11864271014928818,-0.02066514641046524,0,0.11865729093551636,-0.934283971786499,-0.3362049460411072,0,0.020581146702170372,-0.33621010184288025,0.9415619969367981,0,0.05041100084781647,-0.02436700090765953,-0.008173000067472458,1,0.9856420755386353,-0.028139326721429825,0.16648462414741516,0,-0.1174653172492981,0.5940141677856445,0.7958328127861023,0,-0.12128837406635284,-0.8039621710777283,0.5821797847747803,0,0,0.145236998796463,0,1,-0.9782209396362305,0.028792843222618103,0.20556116104125977,0,-0.2013838142156601,0.10828292369842529,-0.9735090136528015,0,-0.05028881877660751,-0.9937030076980591,-0.10012611001729965,0,0,0.11989700049161911,0,1,0.9509748816490173,-0.01279396191239357,-0.3090023398399353,0,0.2511640191078186,0.6149320006370544,0.7475130558013916,0,0.18045170605182648,-0.7884760499000549,0.5879980325698853,0,0,0.06777899712324142,0,1
K0.035,0.9737836718559265,-0.051484063267707825,0.22157232463359833,0,0.12116628885269165,0.9417648315429688,-0.3136849105358124,0,-0.19251909852027893,0.33230817317962646,0.9233127236366272,0,-0.0024213672149926424,0.3168775737285614,0.004434723872691393,1,0.9615001678466797,0.05661832541227341,-0.26890936493873596,0,-0.1328180879354477,0.9524078965187073,-0.2743707597255707,0,0.24057696759700775,0.2995235323905945,0.9232601523399353,0,0,0.04390399903059006,0.007627999875694513,1,0.9975680708885193,-0.0037395493127405643,-0.069596067070961,0,0.0008422730024904013,0.9991334080696106,-0.04161274805665016,0,0.06969137489795685,0.04145292937755585,0.9967067241668701,0,0,0.05198799818754196,0,1,0.9975104928016663,-0.00044181241537444293,-0.07051356881856918,0,-0.0023623572196811438,0.9992097616195679,-0.039679452776908875,0,0.07047536969184875,0.039747245609760284,0.9967211484909058,0,0,0.059415001422166824,0,1,0.9993998408317566,-0.010389859788119793,0.033051956444978714,0,0.011594497598707676,0.9992677569389343,-0.03646646812558174,0,-0.03264886513352394,0.036827798932790756,0.9987884163856506,0,0,0.06684199720621109,0,1,0.9797585010528564,0.014676123857498169,0.1996440440416336,0,-0.10060472786426544,0.8983122110366821,0.4276841878890991,0,-0.17306597530841827,-0.43911248445510864,0.8816057443618774,0,0,0.051865000277757645,-0.006849000230431557,1,0.30423828959465027,0.0406867153942585,0.9517267942428589,0,-0.8935632109642029,-0.33404895663261414,0.29992589354515076,0,0.3301263153553009,-0.9416767954826355,-0.06527429819107056,0,-0.02097800001502037,0.05739400163292885,0.004528000019490719,1,-0.9101313948631287,-0.20486599206924438,0.36012691259384155,0,0.10452765971422195,0.727546751499176,0.6780484318733215,0,-0.4009180963039398,0.6547561883926392,-0.6407487988471985,0,0,0.047561001032590866,0,1,0.5322184562683105,-0.7879175543785095,0.3097226619720459,0,0.7998920679092407,0.587836503982544,0.12091279029846191,0,-0.2773360311985016,0.1833929866552353,0.9431080222129822,0,0,0.1254729926586151,0,1,-0.46456995606422424,0.23308847844600677,0.8543091416358948,0,0.37899354100227356,0.9242517948150635,-0.04607633128762245,0,-0.8003365993499756,0.30237194895744324,-0.5177186131477356,0,0,0.10390900075435638,0,1,0.8320630192756653,0.5534308552742004,-0.03722703084349632,0,-0.5400271415710449,0.79292893409729,-0.28219693899154663,0,-0.12665802240371704,0.25490909814834595,0.9586339592933655,0,-0.011734999716281891,0.01218700036406517,0,1,0.9589449763298035,-0.2283320426940918,-0.16819414496421814,0,0.27163100242614746,0.9099519848823547,0.31337597966194153,0,0.08149484544992447,-0.34619709849357605,0.9346160292625427,0,0.0017049999441951513,0.013426999561488628,0,1,0.5371888279914856,0.3696573078632355,-0.7581440806388855,0,-0.35152360796928406,0.9151840806007385,0.19715242087841034,0,0.7667201161384583,0.16059739887714386,0.6215698719024658,0,-0.0028230000752955675,0.021270999684929848,0,1,0.7604908347129822,0.6348361968994141,0.13651810586452484,0,-0.6493447422981262,0.742733359336853,0.16339752078056335,0,0.0023341095075011253,-0.2129095196723938,0.9770689010620117,0,0,0.015510999597609043,0,1,0.8192698955535889,0.569996178150177,0.062450259923934937,0,-0.5644658803939819,0.7825390696525574,0.26269811391830444,0,0.10086725652217865,-0.25047191977500916,0.9628549218177795,0,0.0016049999976530671,0.031279001384973526,0,1,0.9980430006980896,0.062027670443058014,-0.007868025451898575,0,-0.06118937209248543,0.994831919670105,0.0810219794511795,0,0.012852974236011505,-0.08038201928138733,0.9966809749603271,0,-0.0005729999975301325,0.027307000011205673,0,1,-0.07468836009502411,-0.06821911036968231,-0.9948704838752747,0,0.9692688584327698,-0.23946481943130493,-0.05634608492255211,0,-0.23439274728298187,-0.968505859375,0.08400797843933105,0,0.02097800001502037,0.05642100051045418,-0.0010760000441223383,1,-0.9210473299026489,0.3828747272491455,0.07126399874687195,0,0.37912890315055847,0.8396492600440979,0.3889082074165344,0,0.08906644582748413,0.38522154092788696,-0.9185166954994202,0,0,0.047561001032590866,0,1,0.2768952250480652,0.9516652822494507,-0.132901132106781,0,-0.8045027256011963,0.30523180961608887,0.5095182061195374,0,0.5254564881324768,-0.03416384756565094,0.850134551525116,0,0,0.12654699385166168,0,1,-0.7861092686653137,-0.2877045273780823,-0.5470452308654785,0,-0.2826322019100189,0.9544313549995422,-0.09581369161605835,0,0.5496828556060791,0.07929252088069916,-0.8316013813018799,0,0,0.10343500226736069,0,1,0.660861074924469,-0.7364619970321655,-0.1445227712392807,0,0.692052960395813,0.5234742164611816,0.49702876806259155,0,-0.29038873314857483,-0.42848411202430725,0.8556140065193176,0,0.014523999765515327,0.011982999742031097,0,1,0.8940021395683289,0.38542187213897705,0.22849610447883606,0,-0.34002023935317993,0.9156929850578308,-0.2142236977815628,0,-0.2917988896369934,0.11382319033145905,0.9496830701828003,0,-0.0007680000271648169,0.015043999999761581,0,1,0.9687500596046448,0.034221943467855453,-0.24566790461540222,0,-0.01667010597884655,0.9971799254417419,0.07317305356264114,0,0.24747908115386963,-0.06679105013608932,0.9665879607200623,0,0.0040270001627504826,0.02192699909210205,0,1,0.6104158163070679,-0.7451679110527039,-0.26854637265205383,0,0.7594558596611023,0.4543057978153229,0.46565431356430054,0,-0.22498837113380432,-0.4881916046142578,0.8432371020317078,0,0,0.02219099923968315,0,1,0.5424747467041016,-0.814811110496521,-0.2044582962989807,0,0.7979859113693237,0.42373424768447876,0.42856594920158386,0,-0.2625643014907837,-0.3956410884857178,0.8800729513168335,0,-0.0009210000280290842,0.029239999130368233,0,1,0.662205696105957,-0.7280793190002441,-0.1771569848060608,0,0.7094727754592896,0.5331412553787231,0.4608781337738037,0,-0.24110598862171173,-0.43088391423225403,0.8696011304855347,0,0.00013600000238511711,0.026674000546336174,0,1,-0.9779198169708252,-0.12979286909103394,0.16378666460514069,0,-0.12511253356933594,-0.26414862275123596,-0.9563332796096802,0,0.16738927364349365,-0.9557090997695923,0.24207745492458344,0,-0.05041100084781647,-0.02436700090765953,0.003154000034555793,1,0.9907728433609009,-0.11069551110267639,-0.07820585370063782,0,0.030589528381824493,-0.379497230052948,0.9246867895126343,0,-0.13203758001327515,-0.9185468554496765,-0.3726094365119934,0,0,0.14514699578285217,0,1,-0.8729320168495178,0.48382067680358887,0.06249857321381569,0,0.4411604106426239,0.8375861048698425,-0.32222262024879456,0,-0.2082459181547165,-0.25370654463768005,-0.9445982575416565,0,0,0.11971700191497803,0,1,0.9483854174613953,-0.07197512686252594,0.3088441491127014,0,-0.1542571634054184,0.746212899684906,0.6475887894630432,0,-0.2770737111568451,-0.6618050932884216,0.6965945959091187,0,0,0.0696519985795021,0,1,-0.9772855639457703,-0.18379852175712585,-0.10550477355718613,0,0.18958020210266113,-0.9807115197181702,-0.047587066888809204,0,-0.09472327679395676,-0.0665077418088913,0.9932794570922852,0,0.05041100084781647,-0.02436700090765953,-0.008173000067472458,1,0.9635820984840393,0.0028560238424688578,0.26739567518234253,0,-0.15182612836360931,0.8289883136749268,0.5382635593414307,0,-0.22013068199157715,-0.5592589378356934,0.7992322444915771,0,0,0.145236998796463,0,1,-0.9810396432876587,0.0032735387794673443,0.19378036260604858,0,-0.18369337916374207,0.30308040976524353,-0.9350928068161011,0,-0.06179213523864746,-0.9529598355293274,-0.2967328131198883,0,0,0.11989700049161911,0,1,0.9364723563194275,0.04404567554593086,-0.3479654788970947,0,0.28004470467567444,0.5034183263778687,0.8174015879631042,0,0.2111751288175583,-0.8629196882247925,0.45910248160362244,0,0,0.06777899712324142,0,1
K0.070,0.9757806062698364,-0.051932740956544876,0.21249490976333618,0,0.12176624685525894,0.9359496831893921,-0.3304113745689392,0,-0.1817253828048706,0.3482838571071625,0.9196053147315979,0,-0.002717366209253669,0.319847047328949,0.004621313884854317,1,0.9306521415710449,0.06404853612184525,-0.36025670170783997,0,-0.14942260086536407,0.9652495980262756,-0.21439611911773682,0,0.33400577306747437,0.2533586323261261,0.9078816175460815,0,0,0.04390399903059006,0.007627999875694513,1,0.995703935623169,-0.0152903962880373,-0.09132079035043716,0,0.011202032677829266,0.9989190697669983,-0.04511525109410286,0,0.09191188961267471,0.04389844462275505,0.9947986602783203,0,0,0.05198799818754196,0,1,0.9957180023193359,-0.010947976261377335,-0.0917898640036583,0,0.007246870081871748,0.999150812625885,-0.04055830463767052,0,0.09215600788593292,0.03971947357058525,0.9949524402618408,0,0,0.059415001422166824,0,1,0.9964413642883301,-0.025338802486658096,0.0803958922624588,0,0.03263745456933975,0.9953333735466003,-0.09081003069877625,0,-0.07771962881088257,0.09311069548130035,0.9926173686981201,0,0,0.06684199720621109,0,1,0.9587284326553345,-0.013885593973100185,0.28398388624191284,0,-0.11188100278377533,0.8998034000396729,0.42170631885528564,0,-0.26138538122177124,-0.4360743463039398,0.8611137270927429,0,0,0.051865000277757645,-0.006849000230431557,1,0.22183093428611755,0.017446015030145645,0.9749287962913513,0,-0.9245825409889221,-0.3138381838798523,0.21599136292934418,0,0.30973827838897705,-0.9493160843849182,-0.05348872020840645,0,-0.02097800001502037,0.05739400163292885,0.004528000019490719,1,-0.8504144549369812,-0.01066495943814516,0.5260045528411865,0,0.3521480858325958,0.7312648892402649,0.5841598510742188,0,-0.39087891578674316,0.6820098161697388,-0.6181228756904602,0,0,0.047561001032590866,0,1,0.4759030044078827,-0.810200572013855,0.3421868681907654,0,0.850989043712616,0.5224525332450867,0.05348873510956764,0,-0.22211310267448425,0.26574188470840454,0.9381088018417358,0,0,0.1254729926586151,0,1,-0.47489026188850403,0.17738671600818634,0.8619823455810547,0,0.34508877992630005,0.9385649561882019,-0.0030274821911007166,0,-0.8095635771751404,0.29602277278900146,-0.5069295763969421,0,0,0.10390900075435638,0,1,0.8320629596710205,0.5534302592277527,-0.03722696378827095,0,-0.540026843547821,0.7929291129112244,-0.28219690918922424,0,-0.12665794789791107,0.25490909814834595,0.9586339592933655,0,-0.011734999716281891,0.01218700036406517,0,1,0.9589449763298035,-0.2283320277929306,-0.16819420456886292,0,0.27163100242614746,0.9099520444869995,0.313375860452652,0,0.08149491995573044,-0.3461970090866089,0.9346160292625427,0,0.0017049999441951513,0.013426999561488628,0,1,0.5371890664100647,0.3696569502353668,-0.7581439018249512,0,-0.35152319073677063,0.9151840209960938,0.19715218245983124,0,0.7667200565338135,0.16059716045856476,0.6215699315071106,0,-0.0028230000752955675,0.021270999684929848,0,1,0.7604907751083374,0.6348362565040588,0.13651825487613678,0,-0.649344801902771,0.7427332401275635,0.1633978933095932,0,0.0023342494387179613,-0.21290993690490723,0.9770690202713013,0,0,0.015510999597609043,0,1,0.8192699551582336,0.5699960589408875,0.06245046108961105,0,-0.5644658207893372,0.7825391888618469,0.2626986503601074,0,0.10086734592914581,-0.25047242641448975,0.96285480260849,0,0.0016049999976530671,0.031279001384973526,0,1,0.9980429410934448,0.06202814355492592,-0.007867900654673576,0,-0.06118985638022423,0.9948319792747498,0.0810219794511795,0,0.01285288855433464,-0.08038201928138733,0.9966809749603271,0,-0.0005729999975301325,0.027307000011205673,0,1,0.11207155138254166,-0.13500891625881195,-0.9844861626625061,0,0.945109486579895,-0.2915332615375519,0.14756880700588226,0,-0.3069334030151367,-0.9469848871231079,0.09492559731006622,0,0.02097800001502037,0.05642100051045418,-0.0010760000441223383,1,-0.8644410371780396,0.5017570853233337,0.03132210671901703,0,0.4965859353542328,0.8424973487854004,0.20880480110645294,0,0.07838055491447449,0.19605368375778198,-0.9774555563926697,0,0,0.047561001032590866,0,1,0.3454502820968628,0.8990683555603027,-0.26896122097969055,0,-0.7773289084434509,0.4347112476825714,0.45473712682724,0,0.5257603526115417,0.051982298493385315,0.8490431904792786,0,0,0.12654699385166168,0,1,-0.7862094640731812,-0.2816847264766693,-0.5500254034996033,0,-0.2813839316368103,0.9556254744529724,-0.08719304949045181,0,0.5501795411109924,0.08621636778116226,-0.8305838108062744,0,0,0.10343500226736069,0,1,0.6608611345291138,-0.7364609837532043,-0.14452281594276428,0,0.6920527815818787,0.523474931716919,0.4970282018184662,0,-0.2903878092765808,-0.4284839928150177,0.8556141257286072,0,0.014523999765515327,0.011982999742031097,0,1,0.8940020203590393,0.3854222595691681,0.22849588096141815,0,-0.340021014213562,0.9156930446624756,-0.21422268450260162,0,-0.2917982041835785,0.1138220950961113,0.949682891368866,0,-0.0007680000271648169,0.015043999999761581,0,1,0.96875,0.03422248363494873,-0.24566788971424103,0,-0.016670411452651024,0.9971799850463867,0.07317405939102173,0,0.2474791258573532,-0.06679194420576096,0.9665879607200623,0,0.0040270001627504826,0.02192699909210205,0,1,0.610416054725647,-0.7451679706573486,-0.2685469090938568,0,0.7594559788703918,0.45430582761764526,0.4656541049480438,0,-0.22498789429664612,-0.4881918728351593,0.843237042427063,0,0,0.02219099923968315,0,1,0.5424748659133911,-0.8148113489151001,-0.20445837080478668,0,0.7979859113693237,0.42373421788215637,0.42856597900390625,0,-0.26256436109542847,-0.3956412076950073,0.8800731301307678,0,-0.0009210000280290842,0.029239999130368233,0,1,0.6622057557106018,-0.7280793190002441,-0.1771569699048996,0,0.7094727754592896,0.5331414341926575,0.4608778953552246,0,-0.24110595881938934,-0.43088412284851074,0.8696019053459167,0,0.00013600000238511711,0.026674000546336174,0,1,-0.9776330590248108,-0.13141889870166779,0.164204940199852,0,-0.15079759061336517,-0.10624224692583084,-0.9828386306762695,0,0.1466091275215149,-0.9856175780296326,0.08404836803674698,0,-0.05041100084781647,-0.02436700090765953,0.003154000034555793,1,0.9873281717300415,-0.13632424175739288,-0.08123417943716049,0,0.03886575624346733,-0.2885819971561432,0.9566658139228821,0,-0.15385954082012177,-0.9477008581161499,-0.27962690591812134,0,0,0.14514699578285217,0,1,-0.8990882635116577,0.42482441663742065,0.10565812885761261,0,0.3940942585468292,0.8905519843101501,-0.22717300057411194,0,-0.19060277938842773,-0.16260939836502075,-0.9681060314178467,0,0,0.11971700191497803,0,1,0.9586536288261414,-0.11849662661552429,0.2587307393550873,0,-0.09677021950483322,0.7192590236663818,0.6879695653915405,0,-0.2676163911819458,-0.6845617890357971,0.6780531406402588,0,0,0.0696519985795021,0,1,-0.9498006701469421,-0.2546698749065399,-0.1817207634449005,0,0.23053738474845886,-0.9623838663101196,0.14376799762248993,0,-0.21149857342243195,0.0946575403213501,0.972784161567688,0,0.05041100084781647,-0.02436700090765953,-0.008173000067472458,1,0.9613413214683533,0.014567400328814983,0.2749727666378021,0,-0.0882534310221672,0.9622205495834351,0.2575695514678955,0,-0.2608325779438019,-0.27187982201576233,0.9263089299201965,0,0,0.145236998796463,0,1,-0.991308331489563,-0.0198301300406456,0.1300593763589859,0,-0.10264559090137482,0.7349536418914795,-0.6703030467033386,0,-0.08229540288448334,-0.6778268218040466,-0.7306010127067566,0,0,0.11989700049161911,0,1,0.9333693385124207,0.16314385831356049,-0.31969761848449707,0,0.27687984704971313,0.23949876427650452,0.9305789470672607,0,0.2283853441476822,-0.9570913910865784,0.17836949229240417,0,0,0.06777899712324142,0,1
K0.105,0.980864942073822,-0.048731472343206406,0.18849050998687744,0,0.11381813883781433,0.9290153980255127,-0.3521023094654083,0,-0.15795212984085083,0.3668185770511627,0.9167852401733398,0,-0.0021667848341166973,0.32407116889953613,0.008828602731227875,1,0.9156737327575684,0.0707034096121788,-0.39565473794937134,0,-0.1465781033039093,0.975351870059967,-0.16493423283100128,0,0.3742411732673645,0.2090202420949936,0.90346759557724,0,0,0.04390399903059006,0.007627999875694513,1,0.9947513341903687,-0.02403615042567253,-0.09946221113204956,0,0.01937107928097248,0.9986783266067505,-0.04760577157139778,0,0.10047499090433121,0.04542919993400574,0.9939020276069641,0,0,0.05198799818754196,0,1,0.9948579668998718,-0.019455665722489357,-0.09939031302928925,0,0.015313676558434963,0.9989888668060303,-0.04226832091808319,0,0.10011220723390579,0.040528953075408936,0.9941501617431641,0,0,0.059415001422166824,0,1,0.993596613407135,-0.03150447830557823,0.10850690305233002,0,0.04539180546998978,0.9907355308532715,-0.1279968023300171,0,-0.10346909612417221,0.13210241496562958,0.9858207106590271,0,0,0.06684199720621109,0,1,0.9428703784942627,-0.037698641419410706,0.33102038502693176,0,-0.11250067502260208,0.8991897702217102,0.4228494465351105,0,-0.3135908842086792,-0.43593209981918335,0.8435779809951782,0,0,0.051865000277757645,-0.006849000230431557,1,0.17992833256721497,0.00488298898562789,0.9836676716804504,0,-0.9335024952888489,-0.3144535720348358,0.17231334745883942,0,0.310159295797348,-0.9492607116699219,-0.05202089995145798,0,-0.02097800001502037,0.05739400163292885,0.004528000019490719,1,-0.7799330353736877,0.07629097253084183,0.6211963891983032,0,0.46279942989349365,0.7384841442108154,0.4903648793697357,0,-0.4213331341743469,0.6699408888816833,-0.6112753748893738,0,0,0.047561001032590866,0,1,0.4305424094200134,-0.818610668182373,0.3801444172859192,0,0.8834103941917419,0.4685242176055908,0.00840017944574356,0,-0.18498344719409943,0.3322071135044098,0.9248893857002258,0,0,0.1254729926586151,0,1,-0.4811302125453949,0.13302646577358246,0.866497278213501,0,0.33326491713523865,0.9419661164283752,0.04043564572930336,0,-0.8108318448066711,0.3082278370857239,-0.49754127860069275,0,0,0.10390900075435638,0,1,0.8320630192756653,0.5534308552742004,-0.03722703084349632,0,-0.5400271415710449,0.79292893409729,-0.28219693899154663,0,-0.12665802240371704,0.25490909814834595,0.9586339592933655,0,-0.011734999716281891,0.01218700036406517,0,1,0.9589450359344482,-0.2283320277929306,-0.16819456219673157,0,0.2716309130191803,0.9099520444869995,0.31337490677833557,0,0.08149544149637222,-0.34619611501693726,0.934615969657898,0,0.0017049999441951513,0.013426999561488628,0,1,0.5371886491775513,0.3696572184562683,-0.7581431865692139,0,-0.35152381658554077,0.9151840209960938,0.19715242087841034,0,0.7667198181152344,0.16059741377830505,0.6215701699256897,0,-0.0028230000752955675,0.021270999684929848,0,1,0.7604907751083374,0.6348362565040588,0.1365179866552353,0,-0.6493446826934814,0.7427332401275635,0.16339713335037231,0,0.0023339821491390467,-0.21290916204452515,0.9770690202713013,0,0,0.015510999597609043,0,1,0.8192701935768127,0.5699959397315979,0.06245092675089836,0,-0.5644657611846924,0.7825392484664917,0.2626989185810089,0,0.10086708515882492,-0.2504729628562927,0.9628549218177795,0,0.0016049999976530671,0.031279001384973526,0,1,0.9980430006980896,0.062028028070926666,-0.00786700937896967,0,-0.061189815402030945,0.9948319792747498,0.08102194964885712,0,0.012851989828050137,-0.08038204163312912,0.9966809749603271,0,-0.0005729999975301325,0.027307000011205673,0,1,0.21114550530910492,-0.1920623630285263,-0.9583992958068848,0,0.9060072898864746,-0.32952553033828735,0.26563963294029236,0,-0.36683645844459534,-0.9244056344032288,0.10443208366632462,0,0.02097800001502037,0.05642100051045418,-0.0010760000441223383,1,-0.8266134858131409,0.5618234872817993,-0.03263137862086296,0,0.5591267347335815,0.8264675140380859,0.06580198556184769,0,0.06393784284591675,0.03614771366119385,-0.9972992539405823,0,0,0.047561001032590866,0,1,0.38685280084609985,0.8451679348945618,-0.36883071064949036,0,-0.749884307384491,0.5211071372032166,0.4075804352760315,0,0.5366741418838501,0.11890673637390137,0.8353698253631592,0,0,0.12654699385166168,0,1,-0.7890960574150085,-0.2742058336734772,-0.5496710538864136,0,-0.2929095923900604,0.95451819896698,-0.05567077547311783,0,0.539936363697052,0.1170743852853775,-0.833524227142334,0,0,0.10343500226736069,0,1,0.6608619093894958,-0.7364609241485596,-0.14452297985553741,0,0.6920521855354309,0.523474931716919,0.49702882766723633,0,-0.2903881371021271,-0.42848482728004456,0.8556139469146729,0,0.014523999765515327,0.011982999742031097,0,1,0.8940010070800781,0.3854229152202606,0.22849631309509277,0,-0.34002208709716797,0.915692925453186,-0.2142220288515091,0,-0.2917986810207367,0.11382096260786057,0.9496831297874451,0,-0.0007680000271648169,0.015043999999761581,0,1,0.9687500596046448,0.034222036600112915,-0.24566790461540222,0,-0.01666996255517006,0.9971799850463867,0.07317399978637695,0,0.24747911095619202,-0.06679199635982513,0.9665879607200623,0,0.0040270001627504826,0.02192699909210205,0,1,0.6104155778884888,-0.7451680898666382,-0.26854702830314636,0,0.7594559192657471,0.4543052017688751,0.4656539261341095,0,-0.22498804330825806,-0.4881919026374817,0.8432369828224182,0,0,0.02219099923968315,0,1,0.5424749255180359,-0.8148117065429688,-0.2044583559036255,0,0.797985851764679,0.42373397946357727,0.42856594920158386,0,-0.2625645101070404,-0.3956409990787506,0.8800728917121887,0,-0.0009210000280290842,0.029239999130368233,0,1,0.6622058153152466,-0.7280791997909546,-0.17715710401535034,0,0.7094728350639343,0.533141553401947,0.4608778655529022,0,-0.2411057949066162,-0.4308841824531555,0.8696019053459167,0,0.00013600000238511711,0.026674000546336174,0,1,-0.9822686910629272,-0.11633365601301193,0.1470203697681427,0,-0.1436285376548767,-0.037066500633955,-0.9889370799064636,0,0.12049619853496552,-0.9925182461738586,0.01970052346587181,0,-0.05041100084781647,-0.02436700090765953,0.003154000034555793,1,0.990000307559967,-0.13411888480186462,-0.043713513761758804,0,0.04292004182934761,-0.008803262375295162,0.9990398287773132,0,-0.13437500596046448,-0.9909265041351318,-0.0029588460456579924,0,0,0.14514699578285217,0,1,-0.9289932250976562,0.365021288394928,0.061085451394319534,0,0.33585065603256226,0.9008100032806396,-0.27521905303001404,0,-0.15548719465732574,-0.23516103625297546,-0.9594389796257019,0,0,0.11971700191497803,0,1,0.9631636142730713,-0.12945041060447693,0.23570948839187622,0,-0.07617019861936569,0.7092913389205933,0.700788140296936,0,-0.25790390372276306,-0.692927360534668,0.6733030676841736,0,0,0.0696519985795021,0,1,-0.9367994070053101,-0.28748857975006104,-0.19939179718494415,0,0.2327573448419571,-0.9376053810119629,0.25830501317977905,0,-0.2612103819847107,0.1955699324607849,0.9452624917030334,0,0.05041100084781647,-0.02436700090765953,-0.008173000067472458,1,0.9817153811454773,0.048848193138837814,0.18398049473762512,0,-0.08392036706209183,0.9785819053649902,0.18797621130943298,0,-0.17085766792297363,-0.1999788135290146,0.9647881388664246,0,0,0.145236998796463,0,1,-0.9934896230697632,0.02946501225233078,0.11004948616027832,0,-0.0317353829741478,0.8561642169952393,-0.5157285332679749,0,-0.10941638052463531,-0.5158634185791016,-0.8496552109718323,0,0,0.11989700049161911,0,1,0.9579836130142212,0.00535434577614069,-0.28677281737327576,0,0.17358697950839996,0.7851070761680603,0.5945374965667725,0,0.2283305674791336,-0.6193367838859558,0.751189649105072,0,0,0.06777899712324142,0,1
