4.000,30,119,25
B0,mixamorig_Hips,-1,-0.9998048543930054,0.019735008478164673,-0.00003494420161587186,0,0.019734986126422882,0.9997960329055786,-0.004404086619615555,0,-0.00005197758582653478,-0.004403914790600538,-0.999989926815033,0,0.0014440000522881746,0.3345069885253906,0.025129999965429306,1
B1,mixamorig_Spine,0,0.9999619722366333,-0.008361178450286388,-0.002352924784645438,0,0.007716809399425983,0.9795190095901489,-0.2012038230895996,0,0.003987038508057594,0.2011781632900238,0.9795470237731934,0,0,0.08217599987983704,0.007162000052630901,1
B2,mixamorig_Spine1,1,0.9998429417610168,-0.017713380977511406,-0.0007569804438389838,0,0.016371633857488632,0.9388099908828735,-0.34404686093330383,0,0.0068048895336687565,0.34398019313812256,0.9389519691467285,0,0,0.09623599797487259,0,1
B3,mixamorig_Spine2,2,0.9998489618301392,-0.017359083518385887,-0.0011759815970435739,0,0.016684910282492638,0.9757909178733826,-0.21806927025318146,0,0.004932994022965431,0.21801669895648956,0.9759330749511719,0,0,0.10998400300741196,0,1
B4,mixamorig_Neck,3,0.9998700022697449,0.000012069472177245189,0.01612989231944084,0,0.002222085138782859,0.9903619885444641,-0.13848507404327393,0,-0.01597609929740429,0.13850289583206177,0.9902330636978149,0,0,0.12373200058937073,0,1
B5,mixamorig_Head,4,0.9982709288597107,0.0431649349629879,-0.039899084717035294,0,-0.02529408410191536,0.9281719326972961,0.37129008769989014,0,0.053059931844472885,-0.36963891983032227,0.9276589751243591,0,0,0.07062999904155731,-0.00417400011792779,1
B6,mixamorig_HeadTop_End,5,1,0,0,0,0,1,0,0,0,0,1,0,0,0.15726099908351898,-0.009294000454246998,1
B7,mixamorig_LeftShoulder,3,-0.3130890429019928,0.3263741135597229,0.8918828964233398,0,-0.9495909214019775,-0.09185974299907684,-0.2997320294380188,0,-0.015896610915660858,-0.9407660365104675,0.3386819064617157,0,-0.05899199843406677,0.10542000085115433,0.0011210000375285745,1
B8,mixamorig_LeftArm,7,0.8047582507133484,0.3009139597415924,0.5116786360740662,0,-0.4703640937805176,0.8490849733352661,0.24043966829776764,0,-0.36210718750953674,-0.43417131900787354,0.8248478174209595,0,0,0.1184300035238266,0,1
B9,mixamorig_LeftForeArm,8,-0.11460921913385391,0.4145743250846863,-0.9027698040008545,0,-0.7417461276054382,0.5687930583953857,0.3553707003593445,0,0.660815954208374,0.7103540301322937,0.2423197478055954,0,0,0.21282200515270233,0,1
B10,mixamorig_LeftHand,9,1,0,0,0,0,1,0,0,0,0,1,0,0,0.20104500651359558,0,1
B11,mixamorig_RightShoulder,3,-0.22762900590896606,-0.2974907159805298,-0.9271910786628723,0,0.973686933517456,-0.05888994783163071,-0.22014904022216797,0,0.01089001726359129,-0.9529069662094116,0.30306825041770935,0,0.05899199843406677,0.10550200194120407,0.0020639998838305473,1
B12,mixamorig_RightArm,11,0.8585078716278076,-0.16218388080596924,-0.4864782691001892,0,0.3914199769496918,0.8201349377632141,0.4173351228237152,0,0.3312927484512329,-0.5487027168273926,0.7675742506980896,0,0,0.1184300035238266,0,1
B13,mixamorig_RightForeArm,12,0.14764179289340973,-0.6146190762519836,0.7748839855194092,0,0.8986201286315918,0.41062986850738525,0.154483824968338,0,-0.41313913464546204,0.6735178828239441,0.6129350066184998,0,0,0.21330900490283966,0,1
B14,mixamorig_RightHand,13,1,0,0,0,0,1,0,0,0,0,1,0,0,0.20100100338459015,0,1
B15,mixamorig_LeftUpLeg,0,-0.7685791254043579,0.5171590447425842,0.37660589814186096,0,-0.6361551284790039,-0.5554470419883728,-0.5355229377746582,0,-0.06776599586009979,-0.6511721014976501,0.7558989524841309,0,-0.11737799644470215,-0.0457179993391037,0.0076790000312030315,1
B16,mixamorig_LeftLeg,15,0.9380150437355042,-0.17301376163959503,0.30032408237457275,0,-0.26870787143707275,0.18428091704845428,0.9454290270805359,0,-0.21891619265079498,-0.9675258994102478,0.12636807560920715,0,0,0.1913290023803711,0,1
B17,mixamorig_LeftFoot,16,-0.8782821297645569,-0.11131217330694199,0.4650057852268219,0,-0.4673291742801666,-0.005820970982313156,-0.8840638995170593,0,0.10111383348703384,-0.9937679767608643,-0.04690695181488991,0,0,0.1522729992866516,0,1
B18,mixamorig_LeftToeBase,17,0.9150660634040833,-0.2208014726638794,0.33749112486839294,0,0.010056450963020325,0.849048912525177,0.528218150138855,0,-0.4031781554222107,-0.47996091842651367,0.7791569828987122,0,0,0.09855499863624573,0,1
B19,mixamorig_LeftToe_End,18,1,0,0,0,0,1,0,0,0,0,1,0,0,0.061827998608350754,0,1
B20,mixamorig_RightUpLeg,0,-0.7915440201759338,-0.3712916672229767,-0.48538723587989807,0,0.6008500456809998,-0.6177898645401001,-0.5072630643844604,0,-0.11152473837137222,-0.6931657791137695,0.7120983004570007,0,0.11737799644470215,-0.0457179993391037,0.007526000030338764,1
B21,mixamorig_RightLeg,20,0.9623839855194092,0.23724506795406342,-0.13241064548492432,0,0.0809142217040062,0.21496742963790894,0.9732638597488403,0,0.2593659460544586,-0.9473671317100525,0.18768465518951416,0,0,0.19156700372695923,0,1
B22,mixamorig_RightFoot,21,-0.8955110907554626,0.20779311656951904,-0.39354994893074036,0,0.40617111325263977,0.02018195204436779,-0.9135739803314209,0,-0.18189191818237305,-0.9779651165008545,-0.10247291624546051,0,0,0.1521649956703186,0,1
B23,mixamorig_RightToeBase,22,0.8469890356063843,0.24688498675823212,-0.47080495953559875,0,0.01845703460276127,0.8714299201965332,0.4901730418205261,0,0.5312899947166443,-0.42386093735694885,0.7335349917411804,0,0,0.09497799724340439,0,1
B24,mixamorig_RightToe_End,23,1,0,0,0,0,1,0,0,0,0,1,0,0,0.06151000037789345,0,1
@20,0,1,2,3,4,5,7,8,9,11,12,13,15,16,17,18,20,21,22,23
K0,0.9998040795326233,0.019735010340809822,0.0011490132892504334,0,-0.01973988115787506,0.9997960329055786,0.004382092505693436,0,-0.0010622977279126644,-0.004403914324939251,0.9999892711639404,0,-0.001415997394360602,0.3345069885253906,-0.02513159066438675,1,0.9999619722366333,-0.008361185900866985,-0.002352942479774356,0,0.007716813124716282,0.9795190095901489,-0.2012038230895996,0,0.003987057600170374,0.2011781632900238,0.9795470237731934,0,0,0.08217599987983704,0.007162000052630901,1,0.9998429417610168,-0.017713382840156555,-0.0007570476154796779,0,0.01637161336839199,0.9388099908828735,-0.34404686093330383,0,0.006804953329265118,0.34398019313812256,0.9389519691467285,0,0,0.09623599797487259,0,1,0.9998489618301392,-0.017359087243676186,-0.0011759933549910784,0,0.016684912145137787,0.9757909178733826,-0.21806928515434265,0,0.004933007061481476,0.21801671385765076,0.9759330749511719,0,0,0.10998400300741196,0,1,0.9998700022697449,0.000012077627616235986,0.01612989418208599,0,0.0022220774553716183,0.9903619885444641,-0.13848507404327393,0,-0.015976104885339737,0.13850289583206177,0.9902330636978149,0,0,0.12373200058937073,0,1,0.9982709288597107,0.043164923787117004,-0.0398990772664547,0,-0.025294074788689613,0.9281719326972961,0.37129008769989014,0,0.05305991694331169,-0.36963891983032227,0.9276589751243591,0,0,0.07062999904155731,-0.00417400011792779,1,-0.3130893111228943,0.3263743221759796,0.8918827772140503,0,-0.9495908617973328,-0.09185989946126938,-0.2997322380542755,0,-0.01589663326740265,-0.9407659769058228,0.3386821150779724,0,-0.05899199843406677,0.10542000085115433,0.0011210000375285745,1,0.8047581911087036,0.30091392993927,0.5116786956787109,0,-0.4703640937805176,0.8490849733352661,0.24043966829776764,0,-0.3621073067188263,-0.4341713786125183,0.8248477578163147,0,0,0.1184300035238266,0,1,-0.11460884660482407,0.41457435488700867,-0.9027698636054993,0,-0.7417458295822144,0.5687934756278992,0.35537058115005493,0,0.6608163714408875,0.7103536128997803,0.24231980741024017,0,0,0.21282200515270233,0,1,-0.2276291400194168,-0.29749077558517456,-0.9271910786628723,0,0.9736869931221008,-0.05889033526182175,-0.22014902532100677,0,0.010889709927141666,-0.9529069662094116,0.3030683398246765,0,0.05899199843406677,0.10550200194120407,0.0020639998838305473,1,0.8585078120231628,-0.162183940410614,-0.4864782691001892,0,0.39142003655433655,0.8201348781585693,0.41733518242836,0,0.3312927186489105,-0.5487027764320374,0.7675742506980896,0,0,0.1184300035238266,0,1,0.14764206111431122,-0.6146190762519836,0.7748838663101196,0,0.898620069026947,0.4106300175189972,0.15448373556137085,0,-0.41313913464546204,0.6735177040100098,0.6129351854324341,0,0,0.21330900490283966,0,1,-0.7685791254043579,0.5171589255332947,0.37660589814186096,0,-0.6361550688743591,-0.5554470419883728,-0.5355229377746582,0,-0.06776591390371323,-0.6511721014976501,0.7558988928794861,0,-0.11737799644470215,-0.0457179993391037,0.0076790000312030315,1,0.9380151033401489,-0.17301370203495026,0.30032387375831604,0,-0.2687076926231384,0.18428091704845428,0.9454290866851807,0,-0.21891608834266663,-0.9675258994102478,0.12636815011501312,0,0,0.1913290023803711,0,1,-0.8782823085784912,-0.11131194978952408,0.46500563621520996,0,-0.4673290252685547,-0.005821020342409611,-0.8840640187263489,0,0.10111365467309952,-0.993768036365509,-0.046906840056180954,0,0,0.1522729992866516,0,1,0.915066123008728,-0.2208014577627182,0.337490975856781,0,0.010056538507342339,0.849048912525177,0.5282180905342102,0,-0.40317803621292114,-0.47996091842651367,0.7791571021080017,0,0,0.09855499863624573,0,1,-0.7915439009666443,-0.37129175662994385,-0.48538732528686523,0,0.6008502244949341,-0.6177896857261658,-0.5072630643844604,0,-0.11152464896440506,-0.6931658387184143,0.7120981812477112,0,0.11737799644470215,-0.0457179993391037,0.007526000030338764,1,0.9623839259147644,0.23724530637264252,-0.13241079449653625,0,0.08091431856155396,0.21496741473674774,0.9732639193534851,0,0.2593662142753601,-0.9473671317100525,0.1876845806837082,0,0,0.19156700372695923,0,1,-0.8955109715461731,0.20779301226139069,-0.3935498297214508,0,0.4061709940433502,0.020182175561785698,-0.9135739207267761,0,-0.1818917989730835,-0.9779649972915649,-0.10247285664081573,0,0,0.1521649956703186,0,1,0.8469889760017395,0.2468850165605545,-0.47080492973327637,0,0.01845700666308403,0.8714299201965332,0.4901730716228485,0,0.5312899947166443,-0.42386090755462646,0.7335349917411804,0,0,0.09497799724340439,0,1
K0.034,0.9998041987419128,0.019726954400539398,0.001148010604083538,0,-0.01973182149231434,0.9997959136962891,0.004383626859635115,0,-0.0010613006306812167,-0.004405421204864979,0.9999893307685852,0,-0.0013826220529153943,0.33445554971694946,-0.025219202041625977,1,0.9999619722366333,-0.008350028656423092,-0.0023581464774906635,0,0.0077048190869390965,0.979517936706543,-0.20120730996131897,0,0.003989937715232372,0.20118170976638794,0.979546070098877,0,0,0.08217599987983704,0.007162000052630901,1,0.9998430013656616,-0.017714982852339745,-0.0007565509295091033,0,0.016371015459299088,0.9386951923370361,-0.34435930848121643,0,0.006810491438955069,0.34429290890693665,0.938838005065918,0,0,0.09623599797487259,0,1,0.9998489618301392,-0.017358863726258278,-0.001180353225208819,0,0.016682099550962448,0.9757183194160461,-0.21839405596256256,0,0.004942764528095722,0.21834136545658112,0.9758604168891907,0,0,0.10998400300741196,0,1,0.9998689889907837,0.000036117504350841045,0.01615910977125168,0,0.0022028395906090736,0.9903578758239746,-0.13851754367351532,0,-0.016008300706744194,0.13853496313095093,0.9902278780937195,0,0,0.12373200058937073,0,1,0.9982821345329285,0.0427577942609787,-0.04004513844847679,0,-0.024830181151628494,0.927966296672821,0.37183696031570435,0,0.05305948480963707,-0.37020400166511536,0.9274342060089111,0,0,0.07062999904155731,-0.00417400011792779,1,-0.31308475136756897,0.32637593150138855,0.8918842077255249,0,-0.9495922923088074,-0.09185753017663956,-0.2997280955314636,0,-0.01589776948094368,-0.9407659769058228,0.33868297934532166,0,-0.05899199843406677,0.10542000085115433,0.0011210000375285745,1,0.804417073726654,0.3016367554664612,0.5117892026901245,0,-0.4708994925022125,0.8489751815795898,0.23978132009506226,0,-0.3621695637702942,-0.4338856041431427,0.8249710202217102,0,0,0.1184300035238266,0,1,-0.11477001011371613,0.41467177867889404,-0.9027042984962463,0,-0.7421594262123108,0.5682414770126343,0.35538920760154724,0,0.6603235602378845,0.7107381820678711,0.24253536760807037,0,0,0.21282200515270233,0,1,-0.22793042659759521,-0.29790210723876953,-0.9269854426383972,0,0.9736204147338867,-0.059441860765218735,-0.2202945351600647,0,0.01052449643611908,-0.9527437686920166,0.30359214544296265,0,0.05899199843406677,0.10550200194120407,0.0020639998838305473,1,0.8578623533248901,-0.16322791576385498,-0.48726698756217957,0,0.3923686742782593,0.8203732967376709,0.4159741699695587,0,0.33184221386909485,-0.5480368733406067,0.7678128480911255,0,0,0.1184300035238266,0,1,0.14791586995124817,-0.614791214466095,0.7746949195861816,0,0.8983868360519409,0.41106367111206055,0.1546836644411087,0,-0.41354724764823914,0.6730957627296448,0.61312335729599,0,0,0.21330900490283966,0,1,-0.7685712575912476,0.5173936486244202,0.37629979848861694,0,-0.6361190676689148,-0.5553258061408997,-0.535692036151886,0,-0.06819463521242142,-0.6510889530181885,0.7559314370155334,0,-0.11737799644470215,-0.0457179993391037,0.0076790000312030315,1,0.9380571246147156,-0.17306526005268097,0.30016136169433594,0,-0.2685931622982025,0.18403330445289612,0.9455097913742065,0,-0.21887461841106415,-0.9675636291503906,0.12614960968494415,0,0,0.1913290023803711,0,1,-0.8782947659492493,-0.11178113520145416,0.46486812829971313,0,-0.4671928882598877,-0.0060190241783857346,-0.8841344714164734,0,0.10162770003080368,-0.9937143325805664,-0.046936750411987305,0,0,0.1522729992866516,0,1,0.9150055050849915,-0.22227728366851807,0.33668625354766846,0,0.011830835603177547,0.8489603996276855,0.5283236503601074,0,-0.4032677114009857,-0.4794358015060425,0.7794331908226013,0,0,0.09855499863624573,0,1,-0.7914401292800903,-0.37152162194252014,-0.4853789806365967,0,0.6010112762451172,-0.6176936030387878,-0.5071870684623718,0,-0.11138466745615005,-0.6931272149085999,0.7121569514274597,0,0.11737799644470215,-0.0457179993391037,0.007526000030338764,1,0.9625453948974609,0.23683373630046844,-0.13197200000286102,0,0.0806044191122055,0.21477927267551422,0.9733306169509888,0,0.2588622570037842,-0.9475120306015015,0.18764489889144897,0,0,0.19156700372695923,0,1,-0.8952300548553467,0.20768162608146667,-0.3942486047744751,0,0.406773179769516,0.019651519134640694,-0.913317859172821,0,-0.181931734085083,-0.9779993295669556,-0.10207203030586243,0,0,0.1521649956703186,0,1,0.8460602164268494,0.24867494404315948,-0.47153323888778687,0,0.017100714147090912,0.871415913105011,0.4902465045452118,0,0.5328134894371033,-0.4228415787220001,0.7330176830291748,0,0,0.09497799724340439,0,1
K0.067,0.9998053312301636,0.019719939678907394,0.0011480665998533368,0,-0.019724788144230843,0.9997959733009338,0.00438564270734787,0,-0.001061346847563982,-0.004407430998980999,0.9999894499778748,0,-0.001349258585833013,0.33440253138542175,-0.025297213345766068,1,0.9999619722366333,-0.00834148470312357,-0.002364099957048893,0,0.0076952469535171986,0.9795180559158325,-0.20120997726917267,0,0.003994068130850792,0.20118413865566254,0.979544997215271,0,0,0.08217599987983704,0.007162000052630901,1,0.9998430013656616,-0.0177160631865263,-0.0007561530219390988,0,0.016369903460144997,0.9385807514190674,-0.3446704149246216,0,0.006815914995968342,0.3446039855480194,0.9387235641479492,0,0,0.09623599797487259,0,1,0.9998490214347839,-0.017358122393488884,-0.0011847731657326221,0,0.01667877286672592,0.9756460785865784,-0.21871687471866608,0,0.004952427931129932,0.21866384148597717,0.9757871031761169,0,0,0.10998400300741196,0,1,0.9998689889907837,0.00005531722854357213,0.01618281379342079,0,0.0021885945461690426,0.9903446435928345,-0.13860945403575897,0,-0.01603422686457634,0.13862669467926025,0.9902145862579346,0,0,0.12373200058937073,0,1,0.9982951879501343,0.04236546531319618,-0.04014812409877777,0,-0.024379484355449677,0.9276430010795593,0.37267252802848816,0,0.053031522780656815,-0.37105807662010193,0.9270935654640198,0,0,0.07062999904155731,-0.00417400011792779,1,-0.3129080533981323,0.3263755738735199,0.8919461965560913,0,-0.9496510028839111,-0.09183555096387863,-0.29954785108566284,0,-0.015852708369493484,-0.9407680034637451,0.3386788070201874,0,-0.05899199843406677,0.10542000085115433,0.0011210000375285745,1,0.8040723204612732,0.3023461103439331,0.5119124054908752,0,-0.4714239537715912,0.8488718271255493,0.23911483585834503,0,-0.36225274205207825,-0.4335935413837433,0.8250879049301147,0,0,0.1184300035238266,0,1,-0.1149328202009201,0.41476938128471375,-0.9026390910148621,0,-0.7425734996795654,0.5676872730255127,0.35540828108787537,0,0.659829318523407,0.711124062538147,0.24275092780590057,0,0,0.21282200515270233,0,1,-0.22823157906532288,-0.2983134984970093,-0.9267792105674744,0,0.9735538959503174,-0.05999436601996422,-0.2204393446445465,0,0.010158533230423927,-0.9525809288024902,0.3041169345378876,0,0.05899199843406677,0.10550200194120407,0.0020639998838305473,1,0.8572176098823547,-0.16426678001880646,-0.48805153369903564,0,0.393310010433197,0.8206106424331665,0.41461440920829773,0,0.33239302039146423,-0.5473704934120178,0.768049955368042,0,0,0.1184300035238266,0,1,0.1481848657131195,-0.6150782108306885,0.7744159698486328,0,0.8981413841247559,0.41149425506591797,0.15496864914894104,0,-0.41398555040359497,0.6725710034370422,0.6134044528007507,0,0,0.21330900490283966,0,1,-0.7685176134109497,0.5177141427993774,0.3759685158729553,0,-0.6361443400382996,-0.5552985668182373,-0.5356890559196472,0,-0.06855906546115875,-0.6508568525314331,0.7560977339744568,0,-0.11737799644470215,-0.0457179993391037,0.0076790000312030315,1,0.9381024837493896,-0.17310220003128052,0.2999979257583618,0,-0.26850029826164246,0.18369543552398682,0.9456028342247009,0,-0.21879418194293976,-0.9676218628883362,0.12584714591503143,0,0,0.1913290023803711,0,1,-0.8782907128334045,-0.11229035258293152,0.46475324034690857,0,-0.46705445647239685,-0.00647585466504097,-0.8842042684555054,0,0.1022973582148552,-0.9936538934707642,-0.04675794020295143,0,0,0.1522729992866516,0,1,0.9149417877197266,-0.22375185787677765,0.3358812630176544,0,0.01360477227717638,0.8488699793815613,0.5284268260002136,0,-0.40335628390312195,-0.47891056537628174,0.7797112464904785,0,0,0.09855499863624573,0,1,-0.7913519144058228,-0.37170952558517456,-0.4853811264038086,0,0.6011601686477661,-0.6175461411476135,-0.507192075252533,0,-0.11121708899736404,-0.6931591033935547,0.7121531963348389,0,0.11737799644470215,-0.0457179993391037,0.007526000030338764,1,0.962702751159668,0.23643460869789124,-0.1315341591835022,0,0.08029015362262726,0.21460184454917908,0.9733961224555969,0,0.2583722174167633,-0.9476526975631714,0.1876145750284195,0,0,0.19156700372695923,0,1,-0.8949637413024902,0.20754534006118774,-0.3949236571788788,0,0.4073679745197296,0.019224124029278755,-0.9130617380142212,0,-0.18190960586071014,-0.9780361652374268,-0.10175219178199768,0,0,0.1521649956703186,0,1,0.8451266884803772,0.25046104192733765,-0.47226184606552124,0,0.015745926648378372,0.8714005351066589,0.49031946063041687,0,0.5343347787857056,-0.4218180179595947,0.7324996590614319,0,0,0.09497799724340439,0,1
K0.101,0.9998052716255188,0.019714972004294395,0.0011606967309489846,0,-0.019719883799552917,0.9997959136962891,0.004391738213598728,0,-0.0010738760465756059,-0.004413769580423832,0.9999893307685852,0,-0.0013163184048607945,0.3343754708766937,-0.02540157362818718,1,0.9999619722366333,-0.008334067650139332,-0.0023699854500591755,0,0.007686781231313944,0.9795169830322266,-0.20121289789676666,0,0.003998367115855217,0.20118723809719086,0.9795448780059814,0,0,0.08217599987983704,0.007162000052630901,1,0.9998430013656616,-0.01771577075123787,-0.0007562882383354008,0,0.01636802777647972,0.9385021924972534,-0.3448854684829712,0,0.0068196868523955345,0.3448188006877899,0.9386444091796875,0,0,0.09623599797487259,0,1,0.9998490214347839,-0.01735604740679264,-0.0011891017202287912,0,0.016674648970365524,0.9755951762199402,-0.21894203126430511,0,0.004960049409419298,0.21888911724090576,0.9757371544837952,0,0,0.10998400300741196,0,1,0.9998688697814941,0.00008209131920011714,0.01621442288160324,0,0.00216900696977973,0.9903232455253601,-0.1387665569782257,0,-0.016068894416093826,0.13878339529037476,0.990192174911499,0,0,0.12373200058937073,0,1,0.9983077645301819,0.041978102177381516,-0.04023917764425278,0,-0.023932496085762978,0.9272798299789429,0.3736023008823395,0,0.05299613997340202,-0.3720073997974396,0.926716148853302,0,0,0.07062999904155731,-0.00417400011792779,1,-0.31274449825286865,0.3263760805130005,0.8920027613639832,0,-0.9497060179710388,-0.09181667864322662,-0.2993808686733246,0,-0.015809999778866768,-0.940770149230957,0.33867648243904114,0,-0.05899199843406677,0.10542000085115433,0.0011210000375285745,1,0.8038051724433899,0.30295249819755554,0.5119743943214417,0,-0.4718845784664154,0.8487525582313538,0.2386283129453659,0,-0.36224648356437683,-0.4334034025669098,0.8251900672912598,0,0,0.1184300035238266,0,1,-0.11508428305387497,0.4148496091365814,-0.9025822281837463,0,-0.7429599761962891,0.5671750903129578,0.3554195761680603,0,0.6593682169914246,0.7114861011505127,0.2429438829421997,0,0,0.21282200515270233,0,1,-0.22855748236179352,-0.29875242710113525,-0.9265571236610413,0,0.973480761051178,-0.0605446994304657,-0.22061070799827576,0,0.009809894487261772,-0.9524080157279968,0.30466771125793457,0,0.05899199843406677,0.10550200194120407,0.0020639998838305473,1,0.8567202091217041,-0.16499464213848114,-0.48868006467819214,0,0.39390799403190613,0.8209383487701416,0.41339626908302307,0,0.3329681158065796,-0.5466600060462952,0.7683073878288269,0,0,0.1184300035238266,0,1,0.14842632412910461,-0.6153437495231628,0.7741585969924927,0,0.8979138135910034,0.4118887484073639,0.15523837506771088,0,-0.41439223289489746,0.6720862984657288,0.6136608123779297,0,0,0.21330900490283966,0,1,-0.7684818506240845,0.5180985927581787,0.37551409006118774,0,-0.6361567378044128,-0.5554701685905457,-0.5354968905448914,0,-0.06885333359241486,-0.6504054665565491,0.7564606666564941,0,-0.11737799644470215,-0.0457179993391037,0.0076790000312030315,1,0.9381342530250549,-0.1730564534664154,0.2999248504638672,0,-0.26847749948501587,0.18349626660346985,0.9456473588943481,0,-0.21868561208248138,-0.9676679372787476,0.12568247318267822,0,0,0.1913290023803711,0,1,-0.8782920241355896,-0.11279469728469849,0.46462908387184143,0,-0.4668911099433899,-0.0070779286324977875,-0.8842862248420715,0,0.1030314564704895,-0.9935932755470276,-0.046446431428194046,0,0,0.1522729992866516,0,1,0.9148768782615662,-0.22517256438732147,0.33510828018188477,0,0.015339506790041924,0.8488121628761292,0.5284722447395325,0,-0.40344151854515076,-0.4783467948436737,0.780012845993042,0,0,0.09855499863624573,0,1,-0.7912816405296326,-0.3719913959503174,-0.48527792096138,0,0.601273775100708,-0.6175827980041504,-0.5070112943649292,0,-0.11109553277492523,-0.6929740905761719,0.7123511433601379,0,0.11737799644470215,-0.0457179993391037,0.007526000030338764,1,0.9628708958625793,0.23598307371139526,-0.13111498951911926,0,0.07992921769618988,0.21470287442207336,0.9734032154083252,0,0.25785765051841736,-0.9477423429489136,0.1878693550825119,0,0,0.19156700372695923,0,1,-0.8946561217308044,0.20753224194049835,-0.3956261873245239,0,0.40799713134765625,0.018760545179247856,-0.9127901792526245,0,-0.18201130628585815,-0.9780480265617371,-0.10145672410726547,0,0,0.1521649956703186,0,1,0.8442094326019287,0.2522030770778656,-0.4729735851287842,0,0.01442631147801876,0.871381402015686,0.49039503931999207,0,0.5358191132545471,-0.4208190441131592,0.7319894433021545,0,0,0.09497799724340439,0,1
K0.134,0.9998047351837158,0.019713038578629494,0.0015490944497287273,0,-0.019719943404197693,0.9997949600219727,0.004583293106406927,0,-0.001458425191231072,-0.00461294362321496,0.9999878406524658,0,-0.001301334472373128,0.3344356417655945,-0.025605760514736176,1,0.9999619722366333,-0.00833178497850895,-0.002377365482971072,0,0.007683080621063709,0.9795184135437012,-0.2012091428041458,0,0.00400510523468256,0.2011832743883133,0.9795453548431396,0,0,0.08217599987983704,0.007162000052630901,1,0.9998430013656616,-0.017711445689201355,-0.0007568761357106268,0,0.01636408269405365,0.9385184049606323,-0.34484195709228516,0,0.006817989982664585,0.34477534890174866,0.9386606216430664,0,0,0.09623599797487259,0,1,0.9998490214347839,-0.017350146546959877,-0.001193085452541709,0,0.016668247058987617,0.9756051301956177,-0.21889729797840118,0,0.0049618808552622795,0.21884436905384064,0.9757471680641174,0,0,0.10998400300741196,0,1,0.9998670220375061,0.00016802162281237543,0.01631455309689045,0,0.002101426012814045,0.9902917146682739,-0.13898858428001404,0,-0.016179518774151802,0.1390043944120407,0.9901595711708069,0,0,0.12373200058937073,0,1,0.9982996582984924,0.041816048324108124,-0.040622856467962265,0,-0.02360929735004902,0.9270805716514587,0.37411680817604065,0,0.053304728120565414,-0.37252143025398254,0.9264910221099854,0,0,0.07062999904155731,-0.00417400011792779,1,-0.3126278519630432,0.3263770043849945,0.8920440673828125,0,-0.9497448801994324,-0.091803178191185,-0.29926127195358276,0,-0.015779506415128708,-0.9407709836959839,0.3386748731136322,0,-0.05899199843406677,0.10542000085115433,0.0011210000375285745,1,0.8038247227668762,0.3032448887825012,0.5117701292037964,0,-0.4721043109893799,0.8486156463623047,0.2386828064918518,0,-0.36191681027412415,-0.4334680140018463,0.8253014087677002,0,0,0.1184300035238266,0,1,-0.11520146578550339,0.4148631691932678,-0.9025613069534302,0,-0.7432489991188049,0.5668071508407593,0.35540053248405457,0,0.6590209603309631,0.7117706537246704,0.24304965138435364,0,0,0.21282200515270233,0,1,-0.22912821173667908,-0.29916489124298096,-0.9262831211090088,0,0.9733495712280273,-0.06108788773417473,-0.22104096412658691,0,0.009542989544570446,-0.952244222164154,0.3051890730857849,0,0.05899199843406677,0.10550200194120407,0.0020639998838305473,1,0.8567109107971191,-0.16514058411121368,-0.48864713311195374,0,0.39363205432891846,0.8215275406837463,0.41248849034309387,0,0.33331820368766785,-0.5457301139831543,0.7688156366348267,0,0,0.1184300035238266,0,1,0.14869210124015808,-0.6156544089317322,0.7738605737686157,0,0.8977953195571899,0.41210445761680603,0.1553495228290558,0,-0.41455304622650146,0.6716692447662354,0.6140084266662598,0,0,0.21330900490283966,0,1,-0.7683972120285034,0.5187157392501831,0.3748323917388916,0,-0.6362695097923279,-0.5562834739685059,-0.5345181822776794,0,-0.06874991953372955,-0.6492170095443726,0.7574900984764099,0,-0.11737799644470215,-0.0457179993391037,0.0076790000312030315,1,0.9381855726242065,-0.17251987755298615,0.3000762462615967,0,-0.26862549781799316,0.1838276982307434,0.9455413222312927,0,-0.21828684210777283,-0.967700719833374,0.1261211782693863,0,0,0.1913290023803711,0,1,-0.8784803748130798,-0.11339594423770905,0.46412643790245056,0,-0.4663258492946625,-0.007917535491287708,-0.8845778107643127,0,0.10398227721452713,-0.9935182929039001,-0.045923952013254166,0,0,0.1522729992866516,0,1,0.9147961735725403,-0.22651271522045135,0.33442384004592896,0,0.016957733780145645,0.8487635850906372,0.5284996032714844,0,-0.4035591781139374,-0.4777989387512207,0.7802878022193909,0,0,0.09855499863624573,0,1,-0.7913067936897278,-0.3722534775733948,-0.48503682017326355,0,0.6012217402458191,-0.6180211305618286,-0.5065394639968872,0,-0.11120195686817169,-0.6924431920051575,0.7128515243530273,0,0.11737799644470215,-0.0457179993391037,0.007526000030338764,1,0.9630246162414551,0.2355133444070816,-0.13083021342754364,0,0.0795046016573906,0.21555301547050476,0.9732497930526733,0,0.25741443037986755,-0.9476661086082458,0.18885865807533264,0,0,0.19156700372695923,0,1,-0.8943825960159302,0.20753687620162964,-0.39624300599098206,0,0.4086092412471771,0.01866709254682064,-0.9125180840492249,0,-0.18198451399803162,-0.9780491590499878,-0.10149694234132767,0,0,0.1521649956703186,0,1,0.8433430194854736,0.2538404166698456,-0.47364264726638794,0,0.01319753099232912,0.8713505268096924,0.4904837906360626,0,0.5372136235237122,-0.419897198677063,0.7314977049827576,0,0,0.09497799724340439,0,1
K0.168,0.999803364276886,0.019702628254890442,0.001975400373339653,0,-0.019712191075086594,0.9997931122779846,0.004945054184645414,0,-0.0018775616772472858,-0.004983024671673775,0.9999852776527405,0,-0.0012973085977137089,0.334545761346817,-0.025825120508670807,1,0.9999619722366333,-0.008330386132001877,-0.0023855133913457394,0,0.007680906448513269,0.9795600175857544,-0.2010042667388916,0,0.004011201206594706,0.20097851753234863,0.9795879125595093,0,0,0.08217599987983704,0.007162000052630901,1,0.9998430013656616,-0.017703363671898842,-0.000758764857891947,0,0.016357922926545143,0.9386234283447266,-0.344555526971817,0,0.006811983417719603,0.34448888897895813,0.938765287399292,0,0,0.09623599797487259,0,1,0.9998490214347839,-0.01734044961631298,-0.0011961348354816437,0,0.016659624874591827,0.9756718873977661,-0.2186024785041809,0,0.004957697354257107,0.21854941546916962,0.9758129119873047,0,0,0.10998400300741196,0,1,0.9998658299446106,0.00009607095125829801,0.016401367262005806,0,0.00218946672976017,0.9902508854866028,-0.1392754316329956,0,-0.016254847869277,0.1392926573753357,0.9901178479194641,0,0,0.12373200058937073,0,1,0.9982848167419434,0.041814252734184265,-0.04097573831677437,0,-0.023478277027606964,0.9271005988121033,0.3740752339363098,0,0.05363033339381218,-0.37247171998023987,0.9264925718307495,0,0,0.07062999904155731,-0.00417400011792779,1,-0.312548965215683,0.3263770639896393,0.8920709490776062,0,-0.9497708678245544,-0.09179256856441498,-0.2991812527179718,0,-0.015760427340865135,-0.9407719373703003,0.3386731743812561,0,-0.05899199843406677,0.10542000085115433,0.0011210000375285745,1,0.8039966821670532,0.30340057611465454,0.511407732963562,0,-0.47219136357307434,0.8484876155853271,0.2389652132987976,0,-0.36142101883888245,-0.43360966444015503,0.8254445195198059,0,0,0.1184300035238266,0,1,-0.11532121151685715,0.4148116409778595,-0.9025694727897644,0,-0.7435153722763062,0.5664892196655273,0.3553515076637268,0,0.6586999893188477,0.7120540142059326,0.2430906593799591,0,0,0.21282200515270233,0,1,-0.2297085076570511,-0.2997460961341858,-0.9259515404701233,0,0.9732187390327454,-0.06204953044652939,-0.22134798765182495,0,0.008893371559679508,-0.9519995450973511,0.30597198009490967,0,0.05899199843406677,0.10550200194120407,0.0020639998838305473,1,0.8572875261306763,-0.16502706706523895,-0.48767176270484924,0,0.3925372064113617,0.8224250078201294,0.41174182295799255,0,0.3331250846385956,-0.5444107055664062,0.7698343396186829,0,0,0.1184300035238266,0,1,0.14884249866008759,-0.6158024668693542,0.7737133502960205,0,0.8980052471160889,0.4117838442325592,0.1549878567457199,0,-0.41404473781585693,0.6717302799224854,0.6142851710319519,0,0,0.21330900490283966,0,1,-0.7683877348899841,0.5194302201271057,0.3738630414009094,0,-0.6362996697425842,-0.5574526786804199,-0.5332623720169067,0,-0.06858164817094803,-0.647641122341156,0.7588529586791992,0,-0.11737799644470215,-0.0457179993391037,0.0076790000312030315,1,0.9381646513938904,-0.1720213145017624,0.3004259169101715,0,-0.2688932418823242,0.18449468910694122,0.9453350901603699,0,-0.2180446833372116,-0.9676620364189148,0.12683098018169403,0,0,0.1913290023803711,0,1,-0.8786720633506775,-0.11403225362300873,0.46360695362091064,0,-0.4657454788684845,-0.008743424899876118,-0.8848757743835449,0,0.10495785623788834,-0.9934383034706116,-0.04542749375104904,0,0,0.1522729992866516,0,1,0.9147088527679443,-0.22779704630374908,0.33379045128822327,0,0.018501872196793556,0.8487229943275452,0.528513491153717,0,-0.4036896228790283,-0.47726044058799744,0.7805494666099548,0,0,0.09855499863624573,0,1,-0.7913152575492859,-0.37258297204971313,-0.4847700893878937,0,0.6011558175086975,-0.6187204122543335,-0.505763590335846,0,-0.11149819940328598,-0.6916406154632568,0.7135830521583557,0,0.11737799644470215,-0.0457179993391037,0.007526000030338764,1,0.963161051273346,0.23505231738090515,-0.13065984845161438,0,0.07908020168542862,0.216825470328331,0.973002016544342,0,0.2570366859436035,-0.9474899768829346,0.19024980068206787,0,0,0.19156700372695923,0,1,-0.894074022769928,0.20749381184577942,-0.3969605267047882,0,0.4093479812145233,0.01872561313211918,-0.912186324596405,0,-0.18183965981006622,-0.9780570268630981,-0.1016792580485344,0,0,0.1521649956703186,0,1,0.8425055146217346,0.25542008876800537,-0.47428449988365173,0,0.01202758215367794,0.8713040351867676,0.49059557914733887,0,0.538553774356842,-0.41903379559516907,0.7310060858726501,0,0,0.09497799724340439,0,1
K0.202,0.9998062252998352,0.019523335620760918,0.0023950294125825167,0,-0.01953599601984024,0.9997950792312622,0.005376469809561968,0,-0.0022895722649991512,-0.005422218702733517,0.9999828934669495,0,-0.0012988642556592822,0.33468401432037354,-0.026057913899421692,1,0.9999619722366333,-0.00833435170352459,-0.0023946601431816816,0,0.007683899719268084,0.979607343673706,-0.20077376067638397,0,0.00401914631947875,0.2007477581501007,0.9796342849731445,0,0,0.08217599987983704,0.007162000052630901,1,0.9998430013656616,-0.01769338734447956,-0.0007611258188262582,0,0.0163507591933012,0.9387758374214172,-0.34413960576057434,0,0.006803520955145359,0.344073086977005,0.9389176964759827,0,0,0.09623599797487259,0,1,0.9998490214347839,-0.01732848398387432,-0.0011990796774625778,0,0.016649452969431877,0.975766658782959,-0.21818110346794128,0,0.004950768779963255,0.21812814474105835,0.975907564163208,0,0,0.10998400300741196,0,1,0.9998617172241211,-0.000297788210446015,0.0166273545473814,0,0.002616808982565999,0.9902010560035706,-0.13962393999099731,0,-0.016422845423221588,0.13964815437793732,0.9900648593902588,0,0,0.12373200058937073,0,1,0.9982550740242004,0.04224405810236931,-0.04125715792179108,0,-0.023778660222887993,0.9271364808082581,0.37396761775016785,0,0.05404895544052124,-0.37233421206474304,0.926523745059967,0,0,0.07062999904155731,-0.00417400011792779,1,-0.312480092048645,0.32638078927993774,0.8920937776565552,0,-0.9497934579849243,-0.09178222715854645,-0.29911160469055176,0,-0.015745949000120163,-0.9407720565795898,0.33867472410202026,0,-0.05899199843406677,0.10542000085115433,0.0011210000375285745,1,0.804307758808136,0.3035288155078888,0.5108421444892883,0,-0.472225546836853,0.8483317494392395,0.23945076763629913,0,-0.360683411359787,-0.4338248372077942,0.8256539702415466,0,0,0.1184300035238266,0,1,-0.11542654782533646,0.414747416973114,-0.9025856256484985,0,-0.7437379360198975,0.5662291646003723,0.35530054569244385,0,0.6584304571151733,0.7122983932495117,0.24310550093650818,0,0,0.21282200515270233,0,1,-0.23018920421600342,-0.30051708221435547,-0.9255823493003845,0,0.973115861415863,-0.06365972757339478,-0.22134165465831757,0,0.007594629190862179,-0.95164954662323,0.30709177255630493,0,0.05899199843406677,0.10550200194120407,0.0020639998838305473,1,0.8581953644752502,-0.16482378542423248,-0.4861420691013336,0,0.3909723162651062,0.8235564231872559,0.41096818447113037,0,0.3326282501220703,-0.5427592992782593,0.7712141871452332,0,0,0.1184300035238266,0,1,0.14872372150421143,-0.6156915426254272,0.7738245129585266,0,0.8985217213630676,0.4109271168708801,0.1542634665966034,0,-0.4129646122455597,0.6723561882972717,0.6143274903297424,0,0,0.21330900490283966,0,1,-0.7685808539390564,0.5200280547142029,0.3726317584514618,0,-0.6360984444618225,-0.5590099692344666,-0.5318714380264282,0,-0.06828322261571884,-0.6458167433738708,0.7604333758354187,0,-0.11737799644470215,-0.0457179993391037,0.0076790000312030315,1,0.9380825161933899,-0.17162984609603882,0.3009051978588104,0,-0.26920345425605774,0.1854918897151947,0.9450518488883972,0,-0.21801453828811646,-0.9675411581993103,0.12780332565307617,0,0,0.1913290023803711,0,1,-0.878865122795105,-0.11474960297346115,0.46306511759757996,0,-0.46514901518821716,-0.009525956586003304,-0.8851807713508606,0,0.10598523914813995,-0.9933485984802246,-0.04500372335314751,0,0,0.1522729992866516,0,1,0.9146082401275635,-0.22903010249137878,0.3332235515117645,0,0.019973039627075195,0.8486965298652649,0.5285027027130127,0,-0.4038484990596771,-0.4767172038555145,0.7807988524436951,0,0,0.09855499863624573,0,1,-0.7911685109138489,-0.37307947874069214,-0.4846266806125641,0,0.6012848615646362,-0.6193835735321045,-0.504797637462616,0,-0.11184029281139374,-0.6907791495323181,0.7143644690513611,0,0.11737799644470215,-0.0457179993391037,0.007526000030338764,1,0.9632810354232788,0.2346288114786148,-0.13052989542484283,0,0.07867595553398132,0.2181507796049118,0.9727391004562378,0,0.25670790672302246,-0.9472910165786743,0.1916809231042862,0,0,0.19156700372695923,0,1,-0.8937296271324158,0.20739133656024933,-0.39778950810432434,0,0.4101925790309906,0.018778469413518906,-0.9118057489395142,0,-0.18163061141967773,-0.9780775308609009,-0.10185325145721436,0,0,0.1521649956703186,0,1,0.841699481010437,0.25692838430404663,-0.47489961981773376,0,0.01091383770108223,0.8712563514709473,0.4907072186470032,0,0.5398358702659607,-0.4182109534740448,0.7305318713188171,0,0,0.09497799724340439,0,1
