5.067,30,151,30
B0,Bip01,-1,0.011583368293941021,0.004396854434162378,0.9999229907989502,0,0.9997640252113342,-0.01841193251311779,-0.011500564403831959,0,0.018359962850809097,0.9998210668563843,-0.004609090741723776,0,-0.03154600039124489,23.25379180908203,1.1405199766159058,1
B1,Bip01_Pelvis,0,5.960367843726999e-8,-5.9604584379258085e-8,1,0,1,0.000002026556785494904,-5.9604584379258085e-8,0,-0.0000020265579223632812,1,5.960367843726999e-8,0,0,0,0,1
B2,Bip01_Spine,1,0.9588271379470825,0.28370362520217896,-0.01276000402867794,0,-0.2836683690547943,0.9589119553565979,0.004537217319011688,0,0.013522938825190067,-0.0007307971245609224,0.9999079704284668,0,10.873231887817383,-0.013318000361323357,0.000014999999621068127,1
B3,Bip01_Spine1,2,0.8395369648933411,0.5427550673484802,-0.024365009739995003,0,-0.5425878763198853,0.8398890495300293,0.01360346656292677,0,0.027847277000546455,0.001799548277631402,0.9996110200881958,0,16.72780990600586,-0.013319999910891056,0,1
B4,Bip01_Neck,3,0.998652994632721,0.05184093117713928,-0.002233716193586588,0,-0.05187007039785385,0.9985259771347046,-0.01597483456134796,0,0.0014022734249010682,0.016069181263446808,0.9998700022697449,0,16.727813720703125,-0.0065910001285374165,0,1
B5,Bip01_Head,4,1,-0.000797999557107687,0,0,0.000797999557107687,1,0,0,0,0,1,0,8.276847839355469,0,0,1
B6,Bip01_L_Clavicle,3,0.19797003269195557,0.37993323802948,0.903580904006958,0,0.33213505148887634,-0.893294095993042,0.3028387427330017,0,0.9222221374511719,0.24015794694423676,-0.3030346930027008,0,16.727813720703125,-0.000014999999621068127,5.273279190063477,1
B7,Bip01_L_UpperArm,6,0.758466899394989,-0.49659571051597595,-0.42204344272613525,0,0.20579838752746582,0.7969598174095154,-0.5678930878639221,0,0.6183648109436035,0.34387221932411194,0.7066660523414612,0,17.011240005493164,0,0,1
B8,Bip01_L_Forearm,7,0.5909410119056702,-0.8067150115966797,0,0,0.8067150115966797,0.5909410119056702,0,0,0,0,1,0,30.461719512939453,0,0,1
B9,Bip01_L_Hand,8,0.9795909523963928,0.12944722175598145,-0.15377017855644226,0,-0.0997178703546524,-0.35126227140426636,-0.9309518933296204,0,-0.17452269792556763,0.9272850751876831,-0.3311849534511566,0,23.335853576660156,0,0,1
B10,Bip01_L_Finger0,9,0.427273154258728,0.9024739861488342,0.05459028109908104,0,0.04222516715526581,-0.08023183047771454,0.9958819150924683,0,0.9031360149383545,-0.4232078492641449,-0.07238789647817612,0,8.067468643188477,2.3141329288482666,-7.4285149574279785,1
B11,Bip01_L_Finger01,10,0.9813929796218872,0.1076207309961319,0.15901106595993042,0,-0.005578204989433289,0.843782901763916,-0.5366552472114563,0,-0.19192609190940857,0.5257828235626221,0.8286831378936768,0,4.314496994018555,0.000003999999989900971,-0.000003999999989900971,1
B12,Bip01_L_Finger1,9,0.6986131072044373,0.697160005569458,0.16096185147762299,0,-0.7146409749984741,0.6688659191131592,0.20471304655075073,0,0.03505583107471466,-0.2580450177192688,0.9654970765113831,0,13.961370468139648,1.6899869441986084,0.11770199984312057,1
B13,Bip01_L_Finger11,12,0.9393730163574219,0.3428969979286194,0,0,-0.3428969979286194,0.9393730163574219,0,0,0,0,1,0,5.817234039306641,0,0,1
B14,Bip01_R_Clavicle,3,0.22087793052196503,0.30692267417907715,-0.9257490634918213,0,0.30498024821281433,-0.923326849937439,-0.23335322737693787,0,-0.9263910055160522,-0.23079276084899902,-0.2975480258464813,0,16.727813720703125,0.000014999999621068127,-5.273279190063477,1
B15,Bip01_R_UpperArm,14,0.6879090666770935,-0.42203304171562195,0.5904808640480042,0,0.09632294625043869,0.8594531416893005,0.5020589232444763,0,-0.7193760275840759,-0.28849396109580994,0.6318770051002502,0,17.011240005493164,0,0,1
B16,Bip01_R_Forearm,15,0.4107820391654968,-0.9117330312728882,0,0,0.9117330312728882,0.4107820391654968,0,0,0,0,1,0,30.46172332763672,0,0,1
B17,Bip01_R_Hand,16,0.9916419982910156,-0.012803900055587292,0.1283811777830124,0,-0.12749986350536346,-0.24946081638336182,0.9599550366401672,0,0.01973489113152027,-0.968299925327301,-0.24900822341442108,0,23.335853576660156,0,0,1
B18,Bip01_R_Finger0,17,0.427273154258728,0.9024739861488342,-0.05459028109908104,0,0.04222516715526581,-0.08023183047771454,-0.9958819150924683,0,-0.9031360149383545,0.4232078492641449,-0.07238789647817612,0,8.067472457885742,2.3141400814056396,7.428515911102295,1
B19,Bip01_R_Finger01,18,0.9813929796218872,0.10762068629264832,-0.15901099145412445,0,-0.0055782608687877655,0.8437830805778503,0.5366550087928772,0,0.19192615151405334,-0.5257829427719116,0.8286839127540588,0,4.314495086669922,0.000003999999989900971,0.000003999999989900971,1
B20,Bip01_R_Finger1,17,0.6986131072044373,0.697160005569458,-0.16096185147762299,0,-0.7146409749984741,0.6688659191131592,-0.20471304655075073,0,-0.03505583107471466,0.2580450177192688,0.9654970765113831,0,13.961372375488281,1.6899869441986084,-0.11770199984312057,1
B21,Bip01_R_Finger11,20,0.9393730163574219,0.3428969979286194,0,0,-0.3428969979286194,0.9393730163574219,0,0,0,0,1,0,5.817235946655273,0,0,1
B22,Bip01_L_Thigh,1,-0.6856260299682617,0.4854879379272461,0.5424190163612366,0,0.5719941854476929,0.8201828598976135,-0.011088782921433449,0,-0.4502662420272827,0.30265775322914124,-0.8400350213050842,0,-0.000012999999853491317,0.000014000000192027073,9.454963684082031,1
B23,Bip01_L_Calf,22,0.4339649975299835,-0.9009289741516113,0,0,0.9009289741516113,0.4339649975299835,0,0,0,0,1,0,13.568222045898438,0,-9.999999974752427e-7,1
B24,Bip01_L_Foot,23,0.877143919467926,0.40403610467910767,0.2595650553703308,0,-0.4439009130001068,0.8883740305900574,0.11723396927118301,0,-0.1832239329814911,-0.21805202960968018,0.9585829973220825,0,9.601009368896484,0,9.999999974752427e-7,1
B25,Bip01_L_Toe0,24,3.422854177870249e-8,0.9999999403953552,0,0,-0.9999999403953552,3.422854177870249e-8,0,0,0,0,1,0,4.950390815734863,6.207172870635986,-9.999999974752427e-7,1
B26,Bip01_R_Thigh,1,-0.7539976239204407,0.4558122754096985,-0.4729931354522705,0,0.5804738402366638,0.7993950247764587,-0.15497450530529022,0,0.30746909976005554,-0.39141058921813965,-0.8673291206359863,0,0.000012999999853491317,-0.000012000000424450263,-9.454963684082031,1
B27,Bip01_R_Calf,26,0.46029597520828247,-0.8877649903297424,0,0,0.8877649903297424,0.46029597520828247,0,0,0,0,1,0,13.568220138549805,0,-9.999999974752427e-7,1
B28,Bip01_R_Foot,27,0.84319007396698,0.41431882977485657,-0.3425929844379425,0,-0.448399156332016,0.8935379981994629,-0.022989727556705475,0,0.29659491777420044,0.1730031967163086,0.9392030239105225,0,9.601009368896484,0,-9.999999974752427e-7,1
B29,Bip01_R_Toe0,28,3.422854177870249e-8,0.9999999403953552,0,0,-0.9999999403953552,3.422854177870249e-8,0,0,0,0,1,0,4.950390815734863,6.207172870635986,-9.999999974752427e-7,1
@23,0,1,2,3,4,6,7,8,9,10,12,14,15,16,17,18,20,22,23,24,26,27,28
K0,-0.00010469116386957467,0.00004396440272103064,-0.00999935157597065,0,-0.009997760877013206,-0.00018411445489618927,0.00010386493522673845,0,-0.00018364611605647951,0.009998210705816746,0.000045882035919930786,0,0.0003281682438682765,0.2325379103422165,-0.011404839344322681,1,0,0,0.9999999403953552,0,0.9999999403953552,0.000002026556785494904,0,0,-0.0000019669532775878906,0.9999999403953552,0,0,0,0,0,1,0.9588271379470825,0.28370362520217896,-0.012760034762322903,0,-0.2836683690547943,0.9589119553565979,0.004537214059382677,0,0.013522966764867306,-0.0007307854248210788,0.9999079704284668,0,10.873231887817383,-0.013318000361323357,0.000014999999621068127,1,0.8395369648933411,0.5427550673484802,-0.024364853277802467,0,-0.5425878763198853,0.8398890495300293,0.01360346470028162,0,0.02784714475274086,0.0017994645750150084,0.9996110796928406,0,16.72780990600586,-0.013319999910891056,0,1,0.998652994632721,0.05184093117713928,-0.0022337213158607483,0,-0.05187007039785385,0.9985259771347046,-0.015974827110767365,0,0.001402278896421194,0.01606917381286621,0.9998700022697449,0,16.727813720703125,-0.0065910001285374165,0,1,0.19797012209892273,0.3799331784248352,0.9035809636116028,0,0.33213484287261963,-0.8932942748069763,0.3028387129306793,0,0.9222221970558167,0.24015772342681885,-0.30303478240966797,0,16.727813720703125,-0.000014999999621068127,5.273279190063477,1,0.7584670186042786,-0.496595561504364,-0.4220433533191681,0,0.2057984322309494,0.7969599366188049,-0.5678929090499878,0,0.6183645725250244,0.3438721001148224,0.7066662311553955,0,17.011240005493164,0,0,1,0.5909410119056702,-0.8067150115966797,0,0,0.8067150115966797,0.5909410119056702,0,0,0,0,1,0,30.461719512939453,0,0,1,0.9795909523963928,0.12944753468036652,-0.153769850730896,0,-0.09971749782562256,-0.35126206278800964,-0.9309520721435547,0,-0.17452284693717957,0.9272851347923279,-0.3311847448348999,0,23.335853576660156,0,0,1,0.42727285623550415,0.9024741053581238,0.0545903816819191,0,0.04222526773810387,-0.08023196458816528,0.9958819150924683,0,0.903136134147644,-0.4232075810432434,-0.07238803058862686,0,8.067468643188477,2.3141329288482666,-7.4285149574279785,1,0.6986131072044373,0.697160005569458,0.1609618216753006,0,-0.7146409749984741,0.6688659191131592,0.20471300184726715,0,0.03505581617355347,-0.258044958114624,0.9654970765113831,0,13.961370468139648,1.6899869441986084,0.11770199984312057,1,0.22087804973125458,0.3069225549697876,-0.9257491230964661,0,0.30498048663139343,-0.9233269095420837,-0.23335300385951996,0,-0.9263909459114075,-0.23079299926757812,-0.29754823446273804,0,16.727813720703125,0.000014999999621068127,-5.273279190063477,1,0.6879090070724487,-0.42203307151794434,0.5904809236526489,0,0.0963229089975357,0.8594531416893005,0.5020589828491211,0,-0.7193760871887207,-0.2884940207004547,0.6318769454956055,0,17.011240005493164,0,0,1,0.4107820391654968,-0.9117329716682434,0,0,0.9117329716682434,0.4107820391654968,0,0,0,0,1,0,30.46172332763672,0,0,1,0.9916419982910156,-0.012803703546524048,0.12838104367256165,0,-0.12749968469142914,-0.24946081638336182,0.9599550366401672,0,0.019735051319003105,-0.968299925327301,-0.2490082085132599,0,23.335853576660156,0,0,1,0.42727285623550415,0.9024741053581238,-0.0545903816819191,0,0.04222526773810387,-0.08023196458816528,-0.9958819150924683,0,-0.903136134147644,0.4232075810432434,-0.07238803058862686,0,8.067472457885742,2.3141400814056396,7.428515911102295,1,0.6986131072044373,0.697160005569458,-0.1609618216753006,0,-0.7146409749984741,0.6688659191131592,-0.20471300184726715,0,-0.03505581617355347,0.258044958114624,0.9654970765113831,0,13.961372375488281,1.6899869441986084,-0.11770199984312057,1,-0.685626208782196,0.4854879081249237,0.542418897151947,0,0.5719941258430481,0.8201829195022583,-0.011088723316788673,0,-0.45026618242263794,0.30265772342681885,-0.8400352001190186,0,-0.000012999999853491317,0.000014000000192027073,9.454963684082031,1,0.4339649975299835,-0.9009289741516113,0,0,0.9009289741516113,0.4339649975299835,0,0,0,0,1,0,13.568222045898438,0,0,1,0.877143919467926,0.40403610467910767,0.2595650553703308,0,-0.4439009130001068,0.8883740305900574,0.11723396927118301,0,-0.1832239329814911,-0.21805202960968018,0.9585829973220825,0,9.601009368896484,0,0,1,-0.7539978623390198,0.4558122754096985,-0.47299301624298096,0,0.580473780632019,0.7993950843811035,-0.15497452020645142,0,0.3074690103530884,-0.3914104998111725,-0.8673293590545654,0,0.000012999999853491317,-0.000012000000424450263,-9.454963684082031,1,0.46029597520828247,-0.8877649903297424,0,0,0.8877649903297424,0.46029597520828247,0,0,0,0,1,0,13.568220138549805,0,0,1,0.84319007396698,0.41431885957717896,-0.3425930440425873,0,-0.4483991861343384,0.8935379981994629,-0.022989744320511818,0,0.2965949475765228,0.17300325632095337,0.9392030239105225,0,9.601009368896484,0,0,1
K0.034,-0.00010595025378279388,0.00004263223672751337,-0.009999342262744904,0,-0.009997702203691006,-0.00018702090892475098,0.00010513585584703833,0,-0.00018656000611372292,0.009998159483075142,0.00004460428317543119,0,0.00030446556047536433,0.23253194987773895,-0.011437423527240753,1,0,0,0.9999999403953552,0,0.9999999403953552,0.000002026556785494904,0,0,-0.0000019669532775878906,0.9999999403953552,0,0,0,0,0,1,0.9588756561279297,0.28353774547576904,-0.012795781716704369,0,-0.28350406885147095,0.9589605927467346,0.004405382089316845,0,0.013519741594791412,-0.0005965574528090656,0.9999079704284668,0,10.873231887817383,-0.013318000361323357,0.000014999999621068127,1,0.8397224545478821,0.5424630641937256,-0.0244861152023077,0,-0.5423024892807007,0.8400773406028748,0.01336856558918953,0,0.027822185307741165,0.0020529970061033964,0.9996110200881958,0,16.72780990600586,-0.013319999910891056,0,1,0.998638927936554,0.05213015526533127,-0.0019330389332026243,0,-0.05215420201420784,0.9985148906707764,-0.015767468139529228,0,0.0011082070413976908,0.01584681309759617,0.9998740553855896,0,16.727813720703125,-0.0065910001285374165,0,1,0.19710542261600494,0.37996846437454224,0.9037550091743469,0,0.3320592939853668,-0.893226683139801,0.3031211197376251,0,0.9224352240562439,0.24035359919071198,-0.30223220586776733,0,16.727813720703125,-0.000014999999621068127,5.273279190063477,1,0.7592012286186218,-0.49656182527542114,-0.4207618832588196,0,0.20642313361167908,0.7968024611473083,-0.5678865313529968,0,0.6172545552253723,0.3442849814891815,0.7074348330497742,0,17.011240005493164,0,0,1,0.5909011363983154,-0.8067445755004883,0,0,0.8067445755004883,0.5909011363983154,0,0,0,0,1,0,30.461719512939453,0,0,1,0.9796794056892395,0.13161876797676086,-0.1513463854789734,0,-0.09745017439126968,-0.3471730053424835,-0.9327240586280823,0,-0.17530730366706848,0.9285188913345337,-0.3272918462753296,0,23.335853576660156,0,0,1,0.42727285623550415,0.9024741053581238,0.0545903816819191,0,0.04222526773810387,-0.08023196458816528,0.9958819150924683,0,0.903136134147644,-0.4232075810432434,-0.07238803058862686,0,8.067468643188477,2.3141329288482666,-7.4285149574279785,1,0.6986120343208313,0.6971598863601685,0.16096188127994537,0,-0.7146409749984741,0.6688649654388428,0.2047128975391388,0,0.03505588322877884,-0.2580450773239136,0.9654970765113831,0,13.961370468139648,1.6899869441986084,0.11770199984312057,1,0.22120290994644165,0.3069221079349518,-0.9256721138954163,0,0.3050619959831238,-0.9233270883560181,-0.23324553668498993,0,-0.9262866973876953,-0.23079286515712738,-0.29787304997444153,0,16.727813720703125,0.000014999999621068127,-5.273279190063477,1,0.6877768039703369,-0.4214034676551819,0.5910847187042236,0,0.09600280970335007,0.8599047660827637,0.5013467073440552,0,-0.7195457220077515,-0.2880687713623047,0.6318783164024353,0,17.011240005493164,0,0,1,0.41027987003326416,-0.9119596481323242,0,0,0.9119596481323242,0.41027987003326416,0,0,0,0,1,0,30.46172332763672,0,0,1,0.9919328689575195,-0.0161279384046793,0.12573345005512238,0,-0.12577319145202637,-0.24896349012851715,0.9603116512298584,0,0.015815194696187973,-0.9683789610862732,-0.24898360669612885,0,23.335853576660156,0,0,1,0.42755788564682007,0.9022772908210754,-0.055592142045497894,0,0.041276320815086365,-0.0809178426861763,-0.9958658814430237,0,-0.9030449986457825,0.42349544167518616,-0.07183971256017685,0,8.067472457885742,2.3141400814056396,7.428515911102295,1,0.6953412890434265,0.7021195888519287,-0.15339040756225586,0,-0.7175666093826294,0.6663928031921387,-0.20253059267997742,0,-0.03998241573572159,0.2508956789970398,0.9671878814697266,0,13.961372375488281,1.6899869441986084,-0.11770199984312057,1,-0.6854602694511414,0.4858943223953247,0.542264997959137,0,0.5718347430229187,0.8202790021896362,-0.012169163674116135,0,-0.4507211446762085,0.3017442226409912,-0.8401192426681519,0,-0.000012999999853491317,0.000014000000192027073,9.454963684082031,1,0.4334137737751007,-0.9011946320533752,0,0,0.9011946320533752,0.4334137737751007,0,0,0,0,1,0,13.568222045898438,0,0,1,0.8767564296722412,0.40462666749954224,0.2599520683288574,0,-0.44450801610946655,0.8881264925003052,0.11681242287158966,0,-0.18360485136508942,-0.21796676516532898,0.9585301280021667,0,9.601009368896484,0,0,1,-0.7542701363563538,0.4554130733013153,-0.4729434847831726,0,0.5801178216934204,0.7996039390563965,-0.1552308350801468,0,0.30747339129447937,-0.3914490044116974,-0.8673108816146851,0,0.000012999999853491317,-0.000012000000424450263,-9.454963684082031,1,0.460086464881897,-0.8878738284111023,0,0,0.8878738284111023,0.460086464881897,0,0,0,0,1,0,13.568220138549805,0,0,1,0.8431379795074463,0.41471976041793823,-0.3422371447086334,0,-0.4487578272819519,0.8933576345443726,-0.023000719025731087,0,0.2962011694908142,0.17297430336475372,0.9393321871757507,0,9.601009368896484,0,0,1
K0.067,-0.00011188713688170537,0.000038926689740037546,-0.009999299421906471,0,-0.009997567161917686,-0.0001904268137877807,0.0001111265883082524,0,-0.00018998068117070943,0.009998109191656113,0.0000410479842685163,0,0.0002960392157547176,0.23252783715724945,-0.011465786956250668,1,0,0,0.9999999403953552,0,0.9999999403953552,0.000002026556785494904,0,0,-0.0000019669532775878906,0.9999999403953552,0,0,0,0,0,1,0.9589698314666748,0.28321531414985657,-0.012891534715890884,0,-0.2831868529319763,0.9590566754341125,0.004025587812066078,0,0.013503816910088062,-0.00020970392506569624,0.9999090433120728,0,10.873231887817383,-0.013318000361323357,0.000014999999621068127,1,0.8400815725326538,0.5418928265571594,-0.02479812130331993,0,-0.5417517423629761,0.8404428362846375,0.012674002908170223,0,0.02770935371518135,0.0027872284408658743,0.9996119737625122,0,16.72780990600586,-0.013319999910891056,0,1,0.9986217021942139,0.05246385559439659,-0.0016469478141516447,0,-0.05248318240046501,0.9985007643699646,-0.015569444745779037,0,0.0008276447770185769,0.015634406358003616,0.9998770356178284,0,16.727813720703125,-0.0065910001285374165,0,1,0.19629736244678497,0.3800007700920105,0.903917670249939,0,0.3319897949695587,-0.89316326379776,0.30338385701179504,0,0.9226323366165161,0.24053806066513062,-0.3014819025993347,0,16.727813720703125,-0.000014999999621068127,5.273279190063477,1,0.759989321231842,-0.496549129486084,-0.4193512201309204,0,0.20734575390815735,0.7967400550842285,-0.5676388740539551,0,0.6159744262695312,0.34444868564605713,0.7084711194038391,0,17.011240005493164,0,0,1,0.590766966342926,-0.8068422079086304,0,0,0.8068422079086304,0.590766966342926,0,0,0,0,1,0,30.461719512939453,0,0,1,0.9797253012657166,0.13512364029884338,-0.14791733026504517,0,-0.09317485988140106,-0.34629762172698975,-0.9334860444068909,0,-0.17735950648784637,0.9283422827720642,-0.32668647170066833,0,23.335853576660156,0,0,1,0.42727285623550415,0.9024741053581238,0.0545903816819191,0,0.04222526773810387,-0.08023196458816528,0.9958819150924683,0,0.903136134147644,-0.4232075810432434,-0.07238803058862686,0,8.067468643188477,2.3141329288482666,-7.4285149574279785,1,0.6986120343208313,0.6971598863601685,0.16096188127994537,0,-0.7146409749984741,0.6688649654388428,0.2047128975391388,0,0.03505588322877884,-0.2580450773239136,0.9654970765113831,0,13.961370468139648,1.6899869441986084,0.11770199984312057,1,0.2217988222837448,0.3069208562374115,-0.9255293011665344,0,0.3052119314670563,-0.9233279824256897,-0.233048215508461,0,-0.9260944128036499,-0.23079277575016022,-0.2984689772129059,0,16.727813720703125,0.000014999999621068127,-5.273279190063477,1,0.6878065466880798,-0.4208417236804962,0.5914505124092102,0,0.09581900388002396,0.8602964282035828,0.5007074475288391,0,-0.7195419073104858,-0.28771787881851196,0.6320425868034363,0,17.011240005493164,0,0,1,0.41040781140327454,-0.9119020700454712,0,0,0.9119017720222473,0.4104076623916626,0,0,0,0,1,0,30.46172332763672,0,0,1,0.9920657277107239,-0.0188377033919096,0.1242985874414444,0,-0.12506039440631866,-0.24886928498744965,0.960429310798645,0,0.01284181047230959,-0.9683535695075989,-0.24925045669078827,0,23.335853576660156,0,0,1,0.4276180863380432,0.9021909832954407,-0.05651218071579933,0,0.040444158017635345,-0.08154837042093277,-0.9958488941192627,0,-0.9030544757843018,0.4235573410987854,-0.07135988771915436,0,8.067472457885742,2.3141400814056396,7.428515911102295,1,0.6924668550491333,0.7065978050231934,-0.14563541114330292,0,-0.7200457453727722,0.6643027663230896,-0.20058953762054443,0,-0.04499009996652603,0.2437657117843628,0.9687901735305786,0,13.961372375488281,1.6899869441986084,-0.11770199984312057,1,-0.6850091218948364,0.48686665296554565,0.5419625639915466,0,0.5717736482620239,0.8202881813049316,-0.014208897016942501,0,-0.4514831602573395,0.30014660954475403,-0.8402820825576782,0,-0.000012999999853491317,0.000014000000192027073,9.454963684082031,1,0.43291720747947693,-0.9014332294464111,0,0,0.9014332294464111,0.43291720747947693,0,0,0,0,1,0,13.568222045898438,0,0,1,0.8765304684638977,0.4050165116786957,0.26010662317276,0,-0.44483479857444763,0.8880335092544556,0.11627160012722015,0,-0.18389153480529785,-0.2176201194524765,0.9585540294647217,0,9.601009368896484,0,0,1,-0.7545979022979736,0.4549304246902466,-0.4728847146034241,0,0.5796715617179871,0.7998764514923096,-0.1554941087961197,0,0.30751046538352966,-0.3914535343647003,-0.8672956824302673,0,0.000012999999853491317,-0.000012000000424450263,-9.454963684082031,1,0.4601636230945587,-0.8878340721130371,0,0,0.8878340721130371,0.4601636230945587,0,0,0,0,1,0,13.568220138549805,0,0,1,0.8429695963859558,0.4151477515697479,-0.3421310782432556,0,-0.449176162481308,0.8931484222412109,-0.022954031825065613,0,0.2960446774959564,0.17302677035331726,0.9393720030784607,0,9.601009368896484,0,0,1
K0.101,-0.00011534008081071079,0.000035540149838197976,-0.009999272413551807,0,-0.009997449815273285,-0.00019427544611971825,0.00011462889960967004,0,-0.0001938535860972479,0.009998048655688763,0.00003777221718337387,0,0.00032367781386710703,0.232529878616333,-0.011495462618768215,1,0,0,0.9999999403953552,0,0.9999999403953552,0.000002026556785494904,0,0,-0.0000019669532775878906,0.9999999403953552,0,0,0,0,0,1,0.9590231776237488,0.28302857279777527,-0.012993711978197098,0,-0.2830044627189636,0.9591113924980164,0.0037000365555286407,0,0.013509639538824558,0.0001288575876969844,0.999908983707428,0,10.873231887817383,-0.013318000361323357,0.000014999999621068127,1,0.8402860164642334,0.5415617227554321,-0.02511824481189251,0,-0.5414374470710754,0.8406539559364319,0.012090178206562996,0,0.0276633370667696,0.0034407523926347494,0.9996118545532227,0,16.72780990600586,-0.013319999910891056,0,1,0.9985997080802917,0.05288376286625862,-0.001481489627622068,0,-0.05290037766098976,0.9984805583953857,-0.015455218963325024,0,0.0006619078340008855,0.015511934645473957,0.9998790621757507,0,16.727813720703125,-0.0065910001285374165,0,1,0.1955815553665161,0.3800305426120758,0.9040597677230835,0,0.33193299174308777,-0.8931055068969727,0.3036164343357086,0,0.922804594039917,0.24070556461811066,-0.30081966519355774,0,16.727813720703125,-0.000014999999621068127,5.273279190063477,1,0.7608203887939453,-0.49667835235595703,-0.4176890254020691,0,0.208668053150177,0.7966743111610413,-0.567244827747345,0,0.6145004034042358,0.3444131314754486,0.7097670435905457,0,17.011240005493164,0,0,1,0.5905309915542603,-0.8070147037506104,0,0,0.8070153594017029,0.5905314683914185,0,0,0,0,1,0,30.461719512939453,0,0,1,0.9796568751335144,0.1399398297071457,-0.14383648335933685,0,-0.08749134838581085,-0.34720879793167114,-0.9336979389190674,0,-0.18060286343097687,0.9272882342338562,-0.32790201902389526,0,23.335853576660156,0,0,1,0.42727285623550415,0.9024741053581238,0.0545903816819191,0,0.04222526773810387,-0.08023196458816528,0.9958819150924683,0,0.903136134147644,-0.4232075810432434,-0.07238803058862686,0,8.067468643188477,2.3141329288482666,-7.4285149574279785,1,0.6986131072044373,0.697160005569458,0.1609618216753006,0,-0.7146409749984741,0.6688659191131592,0.20471300184726715,0,0.03505581617355347,-0.258044958114624,0.9654970765113831,0,13.961370468139648,1.6899869441986084,0.11770199984312057,1,0.22170914709568024,0.3069220781326294,-0.9255510568618774,0,0.30518996715545654,-0.923326849937439,-0.2330784648656845,0,-0.9261230826377869,-0.23079326748847961,-0.29837945103645325,0,16.727813720703125,0.000014999999621068127,-5.273279190063477,1,0.6888979077339172,-0.41928794980049133,0.5912848711013794,0,0.09489939361810684,0.860873281955719,0.4998907148838043,0,-0.7186195850372314,-0.2882611155509949,0.6328440308570862,0,17.011240005493164,0,0,1,0.40974918007850647,-0.9121981263160706,0,0,0.9121981263160706,0.40974918007850647,0,0,0,0,1,0,30.46172332763672,0,0,1,0.992119312286377,-0.019650550559163094,0.1237463653087616,0,-0.12472722679376602,-0.24895362555980682,0.9604501128196716,0,0.011933733709156513,-0.9683157801628113,-0.2494426965713501,0,23.335853576660156,0,0,1,0.42737773060798645,0.9022733569145203,-0.057028837502002716,0,0.04003261402249336,-0.08190472424030304,-0.9958359003067017,0,-0.9031862616539001,0.4233146905899048,-0.07112457603216171,0,8.067472457885742,2.3141400814056396,7.428515911102295,1,0.6903053522109985,0.7104130983352661,-0.13708099722862244,0,-0.7217534780502319,0.662924587726593,-0.1990060955286026,0,-0.05050218850374222,0.23631365597248077,0.9703635573387146,0,13.961372375488281,1.6899869441986084,-0.11770199984312057,1,-0.6846415400505066,0.4877370297908783,0.5416442155838013,0,0.5716140270233154,0.8203622698783875,-0.016192041337490082,0,-0.45224231481552124,0.29852595925331116,-0.8404520750045776,0,-0.000012999999853491317,0.000014000000192027073,9.454963684082031,1,0.43226709961891174,-0.9017459154129028,0,0,0.9017459154129028,0.43226709961891174,0,0,0,0,1,0,13.568222045898438,0,0,1,0.876191258430481,0.4057231545448303,0.2601489722728729,0,-0.4454113841056824,0.8878445029258728,0.11549722403287888,0,-0.1841120570898056,-0.21707111597061157,0.9586358666419983,0,9.601009368896484,0,0,1,-0.7549436092376709,0.45449987053871155,-0.47274816036224365,0,0.5791777968406677,0.8002188801765442,-0.15557383000850677,0,0.3075934946537018,-0.3912544548511505,-0.8673557639122009,0,0.000012999999853491317,-0.000012000000424450263,-9.454963684082031,1,0.46059325337409973,-0.8876112699508667,0,0,0.8876112699508667,0.46059325337409973,0,0,0,0,1,0,13.568220138549805,0,0,1,0.8429338932037354,0.4152202606201172,-0.3421329855918884,0,-0.44925838708877563,0.8931068181991577,-0.022970834746956825,0,0.29602324962615967,0.17306897044181824,0.9393709897994995,0,9.601009368896484,0,0,1
K0.134,-0.00012237930786795914,0.000031141244107857347,-0.009999197907745838,0,-0.00999731570482254,-0.0001969643053598702,0.00012174247967777774,0,-0.00019656975928228348,0.009998006746172905,0.000033542961318744346,0,0.0003133034333586693,0.23253722488880157,-0.011522254906594753,1,0,0,0.9999999403953552,0,0.9999999403953552,0.000002026556785494904,0,0,-0.0000019669532775878906,0.9999999403953552,0,0,0,0,0,1,0.9590868353843689,0.28280314803123474,-0.013232764787971973,0,-0.28278371691703796,0.9591777324676514,0.0033513205125927925,0,0.01364033855497837,0.0005278032040223479,0.9999069571495056,0,10.873231887817383,-0.013318000361323357,0.000014999999621068127,1,0.8405275344848633,0.5411603450775146,-0.025690848007798195,0,-0.5410546064376831,0.8409090638160706,0.011495969258248806,0,0.02782480977475643,0.004237469285726547,0.999603807926178,0,16.72780990600586,-0.013319999910891056,0,1,0.9985803961753845,0.05324428901076317,-0.0014178056735545397,0,-0.05325982719659805,0.9984614253044128,-0.015410545282065868,0,0.0005951008060947061,0.015464183874428272,0.9998800158500671,0,16.727813720703125,-0.0065910001285374165,0,1,0.19510778784751892,0.3800419867038727,0.9041575193405151,0,0.3318469524383545,-0.8930826783180237,0.3037778437137604,0,0.922935426235199,0.24077241122722626,-0.3003629446029663,0,16.727813720703125,-0.000014999999621068127,5.273279190063477,1,0.7613404393196106,-0.49715620279312134,-0.4161684513092041,0,0.21039341390132904,0.7965946793556213,-0.5667200088500977,0,0.6132662892341614,0.3439079225063324,0.7110784649848938,0,17.011240005493164,0,0,1,0.5902862548828125,-0.807193398475647,0,0,0.8071940541267395,0.5902867913246155,0,0,0,0,1,0,30.461719512939453,0,0,1,0.9794206619262695,0.14544951915740967,-0.1399288922548294,0,-0.08149874210357666,-0.3492545187473297,-0.9334773421287537,0,-0.18464459478855133,0.9256708025932312,-0.3302130699157715,0,23.335853576660156,0,0,1,0.42727285623550415,0.9024741053581238,0.0545903816819191,0,0.04222526773810387,-0.08023196458816528,0.9958819150924683,0,0.903136134147644,-0.4232075810432434,-0.07238803058862686,0,8.067468643188477,2.3141329288482666,-7.4285149574279785,1,0.6986128091812134,0.6971602439880371,0.16096191108226776,0,-0.7146407961845398,0.6688652038574219,0.20471294224262238,0,0.03505590930581093,-0.2580450475215912,0.9654970765113831,0,13.961370468139648,1.6899869441986084,0.11770199984312057,1,0.22213400900363922,0.3069216310977936,-0.9254486560821533,0,0.30529773235321045,-0.923326849937439,-0.23293781280517578,0,-0.9259857535362244,-0.23079408705234528,-0.2988049387931824,0,16.727813720703125,0.000014999999621068127,-5.273279190063477,1,0.6897603869438171,-0.4174621105194092,0.5915704369544983,0,0.09334640204906464,0.8614987134933472,0.4991060793399811,0,-0.7179948091506958,-0.28904250264167786,0.6331960558891296,0,17.011240005493164,0,0,1,0.4094129204750061,-0.9123491644859314,0,0,0.9123491644859314,0.4094129204750061,0,0,0,0,1,0,30.46172332763672,0,0,1,0.9921350479125977,-0.01979394443333149,0.12360002845525742,0,-0.12461622059345245,-0.24937057495117188,0.9603564739227295,0,0.0118129663169384,-0.9682057499885559,-0.24987588822841644,0,23.335853576660156,0,0,1,0.4270811975002289,0.9023858904838562,-0.05745923891663551,0,0.039706502109766006,-0.08220121264457703,-0.995824933052063,0,-0.9033410549163818,0.42301633954048157,-0.0709371268749237,0,8.067472457885742,2.3141400814056396,7.428515911102295,1,0.6891433596611023,0.7132598161697388,-0.12783728539943695,0,-0.722427487373352,0.6625479459762573,-0.19780860841274261,0,-0.056390587240457535,0.22867169976234436,0.9718691110610962,0,13.961372375488281,1.6899869441986084,-0.11770199984312057,1,-0.6842640042304993,0.48870161175727844,0.5412510633468628,0,0.5714526772499084,0.8204301595687866,-0.018329963088035583,0,-0.45301681756973267,0.2967569828033447,-0.8406611680984497,0,-0.000012999999853491317,0.000014000000192027073,9.454963684082031,1,0.43246862292289734,-0.9016492962837219,0,0,0.9016492962837219,0.43246862292289734,0,0,0,0,1,0,13.568222045898438,0,0,1,0.8760439157485962,0.4057374596595764,0.26062315702438354,0,-0.4453304409980774,0.8880229592323303,0.11443676054477692,0,-0.1850080043077469,-0.21631498634815216,0.9586340188980103,0,9.601009368896484,0,0,1,-0.7551944851875305,0.4539279639720917,-0.47289666533470154,0,0.5785146951675415,0.8007681965827942,-0.15521375834941864,0,0.3082245886325836,-0.39079412817955017,-0.8673394322395325,0,0.000012999999853491317,-0.000012000000424450263,-9.454963684082031,1,0.4609651267528534,-0.8874182105064392,0,0,0.8874182105064392,0.4609651267528534,0,0,0,0,1,0,13.568220138549805,0,0,1,0.8428292870521545,0.4154335558414459,-0.34213054180145264,0,-0.44947850704193115,0.8929961919784546,-0.02295343577861786,0,0.2959856390953064,0.17312616109848022,0.9393717050552368,0,9.601009368896484,0,0,1
K0.168,-0.00012892954691778868,0.00002872666300390847,-0.009999127127230167,0,-0.009997173212468624,-0.0002002563705900684,0.00012832926586270332,0,-0.00019986997358500957,0.00999795738607645,0.000031300685805035755,0,0.000315052893711254,0.2325575351715088,-0.011548792012035847,1,0,0,0.9999999403953552,0,0.9999999403953552,0.000002026556785494904,0,0,-0.0000019669532775878906,0.9999999403953552,0,0,0,0,0,1,0.959112286567688,0.2827093303203583,-0.013408123515546322,0,-0.2826939523220062,0.9592053890228271,0.003063111798837781,0,0.013727103359997272,0.0008525268058292568,0.999904990196228,0,10.873231887817383,-0.013318000361323357,0.000014999999621068127,1,0.8406224846839905,0.5409906506538391,-0.026129191741347313,0,-0.5409008860588074,0.841014564037323,0.011006074957549572,0,0.027929211035370827,0.004881348926573992,0.99959796667099,0,16.72780990600586,-0.013319999910891056,0,1,0.9985570311546326,0.05368632823228836,-0.0013798985164612532,0,-0.05370119959115982,0.9984381198883057,-0.015386505052447319,0,0.0005516986711882055,0.015438414178788662,0.9998810291290283,0,16.727813720703125,-0.0065910001285374165,0,1,0.19482214748859406,0.3800453245639801,0.9042181968688965,0,0.33176666498184204,-0.8930778503417969,0.30388081073760986,0,0.9230256676673889,0.24078673124313354,-0.3000777065753937,0,16.727813720703125,-0.000014999999621068127,5.273279190063477,1,0.7617242932319641,-0.4976242780685425,-0.4149038791656494,0,0.2121797502040863,0.7966649532318115,-0.5659559369087219,0,0.6121724843978882,0.3430679738521576,0.7124243974685669,0,17.011240005493164,0,0,1,0.5899503231048584,-0.8074390292167664,0,0,0.8074390292167664,0.5899503231048584,0,0,0,0,1,0,30.461719512939453,0,0,1,0.9790498614311218,0.15101686120033264,-0.13658681511878967,0,-0.07614155858755112,-0.35060301423072815,-0.9334234595298767,0,-0.18885032832622528,0.9242677092552185,-0.3317590653896332,0,23.335853576660156,0,0,1,0.42727285623550415,0.9024741053581238,0.0545903816819191,0,0.04222526773810387,-0.08023196458816528,0.9958819150924683,0,0.903136134147644,-0.4232075810432434,-0.07238803058862686,0,8.067468643188477,2.3141329288482666,-7.4285149574279785,1,0.6986128091812134,0.6971602439880371,0.16096191108226776,0,-0.7146407961845398,0.6688652038574219,0.20471294224262238,0,0.03505590930581093,-0.2580450475215912,0.9654970765113831,0,13.961370468139648,1.6899869441986084,0.11770199984312057,1,0.22250019013881683,0.30692267417907715,-0.9253600835800171,0,0.305388867855072,-0.9233273267745972,-0.23281855881214142,0,-0.92586749792099,-0.23079249262809753,-0.29917117953300476,0,16.727813720703125,0.000014999999621068127,-5.273279190063477,1,0.6907280683517456,-0.4156722128391266,0.5917024612426758,0,0.09181149303913116,0.8620595932006836,0.49842187762260437,0,-0.7172626852989197,-0.28994879126548767,0.6336119771003723,0,17.011240005493164,0,0,1,0.4094938635826111,-0.9123134016990662,0,0,0.9123126864433289,0.40949350595474243,0,0,0,0,1,0,30.46172332763672,0,0,1,0.9921348094940186,-0.019431550055742264,0.12365765124559402,0,-0.12458470463752747,-0.24912287294864655,0.960425615310669,0,0.012143384665250778,-0.9682767391204834,-0.2495841532945633,0,23.335853576660156,0,0,1,0.4272677004337311,0.902295708656311,-0.05749296769499779,0,0.03963903337717056,-0.08222295343875885,-0.9958249926567078,0,-0.903255820274353,0.42320486903190613,-0.07089734822511673,0,8.067472457885742,2.3141400814056396,7.428515911102295,1,0.6883072853088379,0.7157514691352844,-0.11803479492664337,0,-0.7227087020874023,0.6625446081161499,-0.19679288566112518,0,-0.06265146285295486,0.22075873613357544,0.9733139872550964,0,13.961372375488281,1.6899869441986084,-0.11770199984312057,1,-0.6840390563011169,0.489483505487442,0.5408294796943665,0,0.5710868835449219,0.8206363916397095,-0.020417211577296257,0,-0.45381787419319153,0.2948942184448242,-0.840884268283844,0,-0.000012999999853491317,0.000014000000192027073,9.454963684082031,1,0.43259957432746887,-0.90158611536026,0,0,0.90158611536026,0.43259957432746887,0,0,0,0,1,0,13.568222045898438,0,0,1,0.8758470416069031,0.40591490268707275,0.2610096335411072,0,-0.44536149501800537,0.888164758682251,0.11321110278367996,0,-0.18586531281471252,-0.21539905667304993,0.958674430847168,0,9.601009368896484,0,0,1,-0.7556483149528503,0.45320162177085876,-0.4728669226169586,0,0.5777943134307861,0.8012534976005554,-0.15539243817329407,0,0.3084622025489807,-0.3906418979167938,-0.8673231601715088,0,0.000012999999853491317,-0.000012000000424450263,-9.454963684082031,1,0.4614757299423218,-0.8871525526046753,0,0,0.8871525526046753,0.4614757299423218,0,0,0,0,1,0,13.568220138549805,0,0,1,0.8427988290786743,0.41555866599082947,-0.34205588698387146,0,-0.44959908723831177,0.8929359316825867,-0.022962113842368126,0,0.29589149355888367,0.17314021289348602,0.9393988251686096,0,9.601009368896484,0,0,1
