1.800,30,53,25
B0,mixamorig_Hips,-1,-0.9998048543930054,0.019735008478164673,-0.00003494420161587186,0,0.019734986126422882,0.9997960329055786,-0.004404086619615555,0,-0.00005197758582653478,-0.004403914790600538,-0.999989926815033,0,0.0014440000522881746,0.3345069885253906,0.025129999965429306,1
B1,mixamorig_Spine,0,0.9999619722366333,-0.008361178450286388,-0.002352924784645438,0,0.007716809399425983,0.9795190095901489,-0.2012038230895996,0,0.003987038508057594,0.2011781632900238,0.9795470237731934,0,0,0.08217599987983704,0.007162000052630901,1
B2,mixamorig_Spine1,1,0.9998429417610168,-0.017713380977511406,-0.0007569804438389838,0,0.016371633857488632,0.9388099908828735,-0.34404686093330383,0,0.0068048895336687565,0.34398019313812256,0.9389519691467285,0,0,0.09623599797487259,0,1
B3,mixamorig_Spine2,2,0.9998489618301392,-0.017359083518385887,-0.0011759815970435739,0,0.016684910282492638,0.9757909178733826,-0.21806927025318146,0,0.004932994022965431,0.21801669895648956,0.9759330749511719,0,0,0.10998400300741196,0,1
B4,mixamorig_Neck,3,0.9998700022697449,0.000012069472177245189,0.01612989231944084,0,0.002222085138782859,0.9903619885444641,-0.13848507404327393,0,-0.01597609929740429,0.13850289583206177,0.9902330636978149,0,0,0.12373200058937073,0,1
B5,mixamorig_Head,4,0.9982709288597107,0.0431649349629879,-0.039899084717035294,0,-0.02529408410191536,0.9281719326972961,0.37129008769989014,0,0.053059931844472885,-0.36963891983032227,0.9276589751243591,0,0,0.07062999904155731,-0.00417400011792779,1
B6,mixamorig_HeadTop_End,5,1,0,0,0,0,1,0,0,0,0,1,0,0,0.15726099908351898,-0.009294000454246998,1
B7,mixamorig_LeftShoulder,3,-0.3130890429019928,0.3263741135597229,0.8918828964233398,0,-0.9495909214019775,-0.09185974299907684,-0.2997320294380188,0,-0.015896610915660858,-0.9407660365104675,0.3386819064617157,0,-0.05899199843406677,0.10542000085115433,0.0011210000375285745,1
B8,mixamorig_LeftArm,7,0.8047582507133484,0.3009139597415924,0.5116786360740662,0,-0.4703640937805176,0.8490849733352661,0.24043966829776764,0,-0.36210718750953674,-0.43417131900787354,0.8248478174209595,0,0,0.1184300035238266,0,1
B9,mixamorig_LeftForeArm,8,-0.11460921913385391,0.4145743250846863,-0.9027698040008545,0,-0.7417461276054382,0.5687930583953857,0.3553707003593445,0,0.660815954208374,0.7103540301322937,0.2423197478055954,0,0,0.21282200515270233,0,1
B10,mixamorig_LeftHand,9,1,0,0,0,0,1,0,0,0,0,1,0,0,0.20104500651359558,0,1
B11,mixamorig_RightShoulder,3,-0.22762900590896606,-0.2974907159805298,-0.9271910786628723,0,0.973686933517456,-0.05888994783163071,-0.22014904022216797,0,0.01089001726359129,-0.9529069662094116,0.30306825041770935,0,0.05899199843406677,0.10550200194120407,0.0020639998838305473,1
B12,mixamorig_RightArm,11,0.8585072159767151,-0.16218386590480804,-0.486478716135025,0,0.3914203345775604,0.8201348781585693,0.4173349440097809,0,0.3312932550907135,-0.5487028360366821,0.7675739526748657,0,0,0.1184300035238266,0,1
B13,mixamorig_RightForeArm,12,0.14764152467250824,-0.6146191954612732,0.7748839259147644,0,0.8986199498176575,0.4106292724609375,0.15448379516601562,0,-0.41313883662223816,0.6735180616378784,0.6129350662231445,0,0,0.21330900490283966,0,1
B14,mixamorig_RightHand,13,1,0,0,0,0,1,0,0,0,0,1,0,0,0.20100100338459015,0,1
B15,mixamorig_LeftUpLeg,0,-0.7685800194740295,0.5171590447425842,0.37660589814186096,0,-0.6361550092697144,-0.5554476976394653,-0.5355231761932373,0,-0.0677657499909401,-0.6511719226837158,0.7558991312980652,0,-0.11737799644470215,-0.0457179993391037,0.0076790000312030315,1
B16,mixamorig_LeftLeg,15,0.9380149841308594,-0.17301402986049652,0.30032292008399963,0,-0.26870712637901306,0.18427984416484833,0.9454300403594971,0,-0.21891602873802185,-0.9675259590148926,0.12636707723140717,0,0,0.1913290023803711,0,1
B17,mixamorig_LeftFoot,16,-0.8782820701599121,-0.11131218075752258,0.46500587463378906,0,-0.46732911467552185,-0.005823059938848019,-0.8840639591217041,0,0.10111480951309204,-0.993768036365509,-0.04690512269735336,0,0,0.1522729992866516,0,1
B18,mixamorig_LeftToeBase,17,0.9150660037994385,-0.2208009660243988,0.33749112486839294,0,0.010056066326797009,0.8490489721298218,0.5282180309295654,0,-0.403177946805954,-0.47996100783348083,0.7791570425033569,0,0,0.09855499863624573,0,1
B19,mixamorig_LeftToe_End,18,1,0,0,0,0,1,0,0,0,0,1,0,0,0.061827998608350754,0,1
B20,mixamorig_RightUpLeg,0,-0.7915438413619995,-0.3712911307811737,-0.4853871464729309,0,0.6008498072624207,-0.6177899241447449,-0.50726318359375,0,-0.11152500659227371,-0.6931658387184143,0.7120981216430664,0,0.11737799644470215,-0.0457179993391037,0.007526000030338764,1
B21,mixamorig_RightLeg,20,0.9623839259147644,0.23724514245986938,-0.1324101686477661,0,0.08091390132904053,0.2149668037891388,0.9732640385627747,0,0.25936582684516907,-0.9473670125007629,0.1876840740442276,0,0,0.19156700372695923,0,1
B22,mixamorig_RightFoot,21,-0.8955108523368835,0.20779292285442352,-0.39355000853538513,0,0.40617096424102783,0.02018115669488907,-0.9135739207267761,0,-0.18189208209514618,-0.9779649376869202,-0.10247188806533813,0,0,0.1521649956703186,0,1
B23,mixamorig_RightToeBase,22,0.8469890356063843,0.24688498675823212,-0.47080495953559875,0,0.01845703460276127,0.8714299201965332,0.4901730418205261,0,0.5312899947166443,-0.42386093735694885,0.7335349917411804,0,0,0.09497799724340439,0,1
B24,mixamorig_RightToe_End,23,1,0,0,0,0,1,0,0,0,0,1,0,0,0.06151000037789345,0,1
@20,0,1,2,3,4,5,7,8,9,11,12,13,15,16,17,18,20,21,22,23
K0,0.9998040795326233,0.019735010340809822,0.0011490132892504334,0,-0.01973988115787506,0.9997960329055786,0.004382092505693436,0,-0.0010622977279126644,-0.004403914324939251,0.9999892711639404,0,-0.001415997394360602,0.3345069885253906,-0.02513159066438675,1,0.9999619722366333,-0.008361185900866985,-0.002352942479774356,0,0.007716813124716282,0.9795190095901489,-0.2012038230895996,0,0.003987057600170374,0.2011781632900238,0.9795470237731934,0,0,0.08217599987983704,0.007162000052630901,1,0.9998429417610168,-0.017713382840156555,-0.0007570476154796779,0,0.01637161336839199,0.9388099908828735,-0.34404686093330383,0,0.006804953329265118,0.34398019313812256,0.9389519691467285,0,0,0.09623599797487259,0,1,0.9998489618301392,-0.017359087243676186,-0.0011759933549910784,0,0.016684912145137787,0.9757909178733826,-0.21806928515434265,0,0.004933007061481476,0.21801671385765076,0.9759330749511719,0,0,0.10998400300741196,0,1,0.9998700022697449,0.000012077627616235986,0.01612989418208599,0,0.0022220774553716183,0.9903619885444641,-0.13848507404327393,0,-0.015976104885339737,0.13850289583206177,0.9902330636978149,0,0,0.12373200058937073,0,1,0.9982709288597107,0.043164923787117004,-0.0398990772664547,0,-0.025294074788689613,0.9281719326972961,0.37129008769989014,0,0.05305991694331169,-0.36963891983032227,0.9276589751243591,0,0,0.07062999904155731,-0.00417400011792779,1,-0.3130893111228943,0.3263743221759796,0.8918827772140503,0,-0.9495908617973328,-0.09185989946126938,-0.2997322380542755,0,-0.01589663326740265,-0.9407659769058228,0.3386821150779724,0,-0.05899199843406677,0.10542000085115433,0.0011210000375285745,1,0.8047581911087036,0.30091392993927,0.5116786956787109,0,-0.4703640937805176,0.8490849733352661,0.24043966829776764,0,-0.3621073067188263,-0.4341713786125183,0.8248477578163147,0,0,0.1184300035238266,0,1,-0.11460884660482407,0.41457435488700867,-0.9027698636054993,0,-0.7417458295822144,0.5687934756278992,0.35537058115005493,0,0.6608163714408875,0.7103536128997803,0.24231980741024017,0,0,0.21282200515270233,0,1,-0.2276291400194168,-0.29749077558517456,-0.9271910786628723,0,0.9736869931221008,-0.05889033526182175,-0.22014902532100677,0,0.010889709927141666,-0.9529069662094116,0.3030683398246765,0,0.05899199843406677,0.10550200194120407,0.0020639998838305473,1,0.8585072159767151,-0.1621837317943573,-0.48647868633270264,0,0.39142027497291565,0.8201348781585693,0.41733503341674805,0,0.3312932550907135,-0.5487028956413269,0.767573893070221,0,0,0.1184300035238266,0,1,0.14764153957366943,-0.6146191358566284,0.7748839259147644,0,0.8986198306083679,0.4106294810771942,0.15448394417762756,0,-0.4131390452384949,0.6735179424285889,0.6129350662231445,0,0,0.21330900490283966,0,1,-0.7685799598693848,0.5171590447425842,0.3766057789325714,0,-0.6361549496650696,-0.5554476976394653,-0.5355231165885925,0,-0.06776578724384308,-0.6511718034744263,0.7558991312980652,0,-0.11737799644470215,-0.0457179993391037,0.0076790000312030315,1,0.9380149841308594,-0.1730140894651413,0.30032292008399963,0,-0.2687070965766907,0.18427984416484833,0.9454300403594971,0,-0.21891608834266663,-0.9675259590148926,0.12636707723140717,0,0,0.1913290023803711,0,1,-0.8782822489738464,-0.11131207644939423,0.4650057554244995,0,-0.4673289656639099,-0.005823146551847458,-0.8840640783309937,0,0.10111475735902786,-0.993768036365509,-0.046905048191547394,0,0,0.1522729992866516,0,1,0.9150660037994385,-0.2208009511232376,0.33749109506607056,0,0.010056053288280964,0.8490489721298218,0.5282179713249207,0,-0.4031779170036316,-0.47996100783348083,0.7791571021080017,0,0,0.09855499863624573,0,1,-0.7915438413619995,-0.3712911605834961,-0.48538708686828613,0,0.6008498072624207,-0.6177899241447449,-0.50726318359375,0,-0.11152493208646774,-0.6931658387184143,0.7120981812477112,0,0.11737799644470215,-0.0457179993391037,0.007526000030338764,1,0.9623839259147644,0.23724500834941864,-0.13241030275821686,0,0.08091400563716888,0.21496696770191193,0.9732640385627747,0,0.2593657374382019,-0.9473670125007629,0.18768422305583954,0,0,0.19156700372695923,0,1,-0.8955108523368835,0.20779293775558472,-0.3935501277446747,0,0.406171053647995,0.020181117579340935,-0.9135738611221313,0,-0.18189209699630737,-0.9779649376869202,-0.10247192531824112,0,0,0.1521649956703186,0,1,0.8469889760017395,0.2468850165605545,-0.47080492973327637,0,0.01845700666308403,0.8714299201965332,0.4901730716228485,0,0.5312899947166443,-0.42386090755462646,0.7335349917411804,0,0,0.09497799724340439,0,1
K0.034,0.9993784427642822,0.002800153801217675,0.03513927012681961,0,-0.002515035215765238,0.9999640583992004,-0.008155571296811104,0,-0.03516082093119621,0.008062121458351612,0.9993489384651184,0,-0.002568937372416258,0.3290814757347107,-0.023283332586288452,1,0.9999248385429382,-0.010230610147118568,0.006699582561850548,0,0.011355336755514145,0.9801117181777954,-0.19812312722206116,0,-0.004539418965578079,0.1981843113899231,0.980154275894165,0,0,0.08217599987983704,0.007162000052630901,1,0.9996994733810425,-0.017135584726929665,0.017545361071825027,0,0.022074827924370766,0.940405011177063,-0.3393377363681793,0,-0.010684996843338013,0.3396231234073639,0.940500795841217,0,0,0.09623599797487259,0,1,0.9997146725654602,-0.016631821170449257,0.0171536672860384,0,0.019921287894248962,0.9766054153442383,-0.2141161412000656,0,-0.013191213831305504,0.2143966257572174,0.9766573309898376,0,0,0.10998400300741196,0,1,0.9998351335525513,0.017483465373516083,0.004867489915341139,0,-0.016787517815828323,0.9928766489028931,-0.11796101927757263,0,-0.006895185448229313,0.11785987764596939,0.9930066466331482,0,0,0.12373200058937073,0,1,0.997570812702179,0.048141926527023315,-0.05034967511892319,0,-0.024548038840293884,0.9193506836891174,0.39267200231552124,0,0.06519302725791931,-0.3904823362827301,0.918299674987793,0,0,0.07062999904155731,-0.00417400011792779,1,-0.2951594889163971,0.32117730379104614,0.899848222732544,0,-0.9553837180137634,-0.08828196674585342,-0.2818657457828522,0,-0.0110885389149189,-0.9428957104682922,0.33290475606918335,0,-0.05899199843406677,0.10542000085115433,0.0011210000375285745,1,0.8221295475959778,0.2849971055984497,0.49282774329185486,0,-0.45593419671058655,0.8480107188224792,0.27018851041793823,0,-0.34092044830322266,-0.4468272030353546,0.8271149396896362,0,0,0.1184300035238266,0,1,-0.1408970206975937,0.4113621115684509,-0.9005163311958313,0,-0.8093608021736145,0.47597694396972656,0.3440641462802887,0,0.5701599717140198,0.7773200869560242,0.26587656140327454,0,0,0.21282200515270233,0,1,-0.21464310586452484,-0.2946677803993225,-0.9311822652816772,0,0.9766713380813599,-0.0709921196103096,-0.20266351103782654,0,-0.006388193927705288,-0.9529587626457214,0.3030313551425934,0,0.05899199843406677,0.10550200194120407,0.0020639998838305473,1,0.8540832996368408,-0.13579006493091583,-0.5020986199378967,0,0.37722933292388916,0.8263199329376221,0.4182031750679016,0,0.3581060469150543,-0.5465863347053528,0.7569695711135864,0,0,0.1184300035238266,0,1,0.15041424334049225,-0.6191020011901855,0.770771324634552,0,0.9058900475502014,0.3985239565372467,0.143321692943573,0,-0.3959016501903534,0.6766766309738159,0.6207822561264038,0,0,0.21330900490283966,0,1,-0.7728477120399475,0.5230038166046143,0.3594082295894623,0,-0.6292832493782043,-0.5585147738456726,-0.5404292345046997,0,-0.08191168308258057,-0.64383864402771,0.760763943195343,0,-0.11737799644470215,-0.0457179993391037,0.0076790000312030315,1,0.9267417192459106,-0.20652630925178528,0.313841849565506,0,-0.28751057386398315,0.14786818623542786,0.9462941288948059,0,-0.24184173345565796,-0.9672026634216309,0.07765708863735199,0,0,0.1913290023803711,0,1,-0.8716362118721008,-0.1326466053724289,0.4718620777130127,0,-0.47096946835517883,-0.04003177210688591,-0.881240963935852,0,0.13578319549560547,-0.9903548359870911,-0.027579283341765404,0,0,0.1522729992866516,0,1,0.9149770140647888,-0.22155103087425232,0.337242066860199,0,0.010351897217333317,0.848392903804779,0.5292654633522034,0,-0.4033731520175934,-0.48077476024627686,0.7785536050796509,0,0,0.09855499863624573,0,1,-0.8028416037559509,-0.38620907068252563,-0.4541897773742676,0,0.5951530337333679,-0.5641331076622009,-0.572316586971283,0,-0.035189613699913025,-0.7297919392585754,0.6827629804611206,0,0.11737799644470215,-0.0457179993391037,0.007526000030338764,1,0.9613203406333923,0.24698293209075928,-0.12191537767648697,0,0.08192388713359833,0.16620175540447235,0.9826823472976685,0,0.2629683315753937,-0.9546603560447693,0.13953934609889984,0,0,0.19156700372695923,0,1,-0.8943357467651367,0.21808317303657532,-0.39064428210258484,0,0.40446799993515015,0.02090533822774887,-0.9143129587173462,0,-0.1912296861410141,-0.9757056832313538,-0.10690394043922424,0,0,0.1521649956703186,0,1,0.8362393379211426,0.25939515233039856,-0.48313233256340027,0,0.019324742257595062,0.8665560483932495,0.49870505928993225,0,0.548023521900177,-0.426373690366745,0.7196362614631653,0,0,0.09497799724340439,0,1
K0.068,0.9982566237449646,-0.01078423485159874,0.05802924931049347,0,0.011935953982174397,0.9997378587722778,-0.01953732967376709,0,-0.057803332805633545,0.02019589953124523,0.9981234669685364,0,-0.0038082886021584272,0.32292649149894714,-0.021925903856754303,1,0.9998312592506409,-0.010687288828194141,0.01494859904050827,0,0.013378811068832874,0.9810144901275635,-0.19347421824932098,0,-0.01259707286953926,0.19364149868488312,0.9809916019439697,0,0,0.08217599987983704,0.007162000052630901,1,0.9993148446083069,-0.014723020605742931,0.033952392637729645,0,0.025230079889297485,0.9422335624694824,-0.3340049982070923,0,-0.027073532342910767,0.33463287353515625,0.9419597387313843,0,0,0.09623599797487259,0,1,0.9993390440940857,-0.01383646484464407,0.033630844205617905,0,0.020632755011320114,0.9772606492042542,-0.21103496849536896,0,-0.029946109279990196,0.2115892916917801,0.9768998026847839,0,0,0.10998400300741196,0,1,0.9987506866455078,0.0495663657784462,-0.006422887090593576,0,-0.0499628409743309,0.9935533404350281,-0.10175970196723938,0,0.0013376218266785145,0.10195346921682358,0.9947885274887085,0,0,0.12373200058937073,0,1,0.9972763657569885,0.044115155935287476,-0.059101954102516174,0,-0.01614009216427803,0.9124971628189087,0.40876513719558716,0,0.07196309417486191,-0.4066977798938751,0.9107236266136169,0,0,0.07062999904155731,-0.00417400011792779,1,-0.2752971947193146,0.30827096104621887,0.9105934500694275,0,-0.9613026976585388,-0.09856147319078445,-0.25726109743118286,0,0.01044330932199955,-0.9461793303489685,0.3234754502773285,0,-0.05899199843406677,0.10542000085115433,0.0011210000375285745,1,0.8292418122291565,0.28268569707870483,0.48212704062461853,0,-0.4558444619178772,0.8412107229232788,0.29080930352211,0,-0.323362797498703,-0.4609261155128479,0.8264277577400208,0,0,0.1184300035238266,0,1,-0.1556844562292099,0.41075772047042847,-0.8983540534973145,0,-0.8570695519447327,0.3959842324256897,0.3295871913433075,0,0.49111446738243103,0.8212634325027466,0.29039931297302246,0,0,0.21282200515270233,0,1,-0.20914402604103088,-0.28229641914367676,-0.9362519383430481,0,0.9766724109649658,-0.10796945542097092,-0.18561865389347076,0,-0.04868713766336441,-0.9532318711280823,0.2982921600341797,0,0.05899199843406677,0.10550200194120407,0.0020639998838305473,1,0.8656987547874451,-0.08112190663814545,-0.4939482808113098,0,0.32563430070877075,0.8407050371170044,0.43263962864875793,0,0.38016828894615173,-0.535382091999054,0.7542134523391724,0,0,0.1184300035238266,0,1,0.14251476526260376,-0.6278627514839172,0.7651644945144653,0,0.9178017377853394,0.3732597827911377,0.1353377401828766,0,-0.3705790936946869,0.6829826235771179,0.6294494271278381,0,0,0.21330900490283966,0,1,-0.7784199118614197,0.5296733975410461,0.3369095027446747,0,-0.6184520721435547,-0.555090606212616,-0.5562283992767334,0,-0.10760417580604553,-0.6413421034812927,0.7596718668937683,0,-0.11737799644470215,-0.0457179993391037,0.0076790000312030315,1,0.9166613221168518,-0.2402084916830063,0.31942465901374817,0,-0.302923321723938,0.10377710312604904,0.9473478198051453,0,-0.26070985198020935,-0.9651579856872559,0.02236369624733925,0,0,0.1913290023803711,0,1,-0.8637906908988953,-0.15517917275428772,0.4793592095375061,0,-0.47356468439102173,-0.07483276724815369,-0.8775743246078491,0,0.17205306887626648,-0.9850481152534485,-0.008847418241202831,0,0,0.1522729992866516,0,1,0.9149176478385925,-0.22322587668895721,0.3362983763217926,0,0.011231481097638607,0.8469180464744568,0.5316057205200195,0,-0.403484970331192,-0.4825979173183441,0.7773667573928833,0,0,0.09855499863624573,0,1,-0.8103230595588684,-0.39136844873428345,-0.436128169298172,0,0.5853781700134277,-0.5068169236183167,-0.6328260898590088,0,0.026630975306034088,-0.7680928707122803,0.6397835612297058,0,0.11737799644470215,-0.0457179993391037,0.007526000030338764,1,0.9613749980926514,0.2601757347583771,-0.08982036262750626,0,0.06616877019405365,0.09829740226268768,0.9929550290107727,0,0.2671716511249542,-0.9605443477630615,0.07728506624698639,0,0,0.19156700372695923,0,1,-0.9029791951179504,0.19630475342273712,-0.3822211027145386,0,0.3894713521003723,-0.0018084836192429066,-0.921036422252655,0,-0.1814950704574585,-0.980540931224823,-0.07482201606035233,0,0,0.1521649956703186,0,1,0.8250452280044556,0.26737356185913086,-0.4978060722351074,0,0.026850862428545952,0.8614243268966675,0.5071759223937988,0,0.5644281506538391,-0.4318099617958069,0.7035353779792786,0,0,0.09497799724340439,0,1
K0.102,0.9979307651519775,-0.01825210079550743,0.06165360286831856,0,0.020116182044148445,0.9993552565574646,-0.029750503599643707,0,-0.06107084080576897,0.03092917613685131,0.997654378414154,0,-0.0036694901064038277,0.3160965144634247,-0.021117495372891426,1,0.9997031092643738,-0.00972641073167324,0.022332200780510902,0,0.013747588731348515,0.9821376800537109,-0.18765872716903687,0,-0.020108062773942947,0.18791016936302185,0.9819805026054382,0,0,0.08217599987983704,0.007162000052630901,1,0.9987907409667969,-0.009158682078123093,0.048304855823516846,0,0.02454984188079834,0.9441499710083008,-0.3286002278327942,0,-0.04259747266769409,0.32938867807388306,0.9432328939437866,0,0,0.09623599797487259,0,1,0.9988130331039429,-0.00770528381690383,0.04808996245265007,0,0.017617275938391685,0.977703332901001,-0.20925121009349823,0,-0.045405369251966476,0.209850013256073,0.9766784310340881,0,0,0.10998400300741196,0,1,0.9949259757995605,0.09935632348060608,-0.015826620161533356,0,-0.10037731379270554,0.9909455180168152,-0.08917178213596344,0,0.0068235378712415695,0.09030795842409134,0.9958906173706055,0,0,0.12373200058937073,0,1,0.9977132081985474,0.026080043986439705,-0.06235107406973839,0,0.0023173766676336527,0.9088048338890076,0.4172140955924988,0,0.06754598766565323,-0.41640493273735046,0.9066670536994934,0,0,0.07062999904155731,-0.00417400011792779,1,-0.2524399161338806,0.28859737515449524,0.9235721826553345,0,-0.9663041830062866,-0.12480959296226501,-0.22511939704418182,0,0.050301775336265564,-0.9492809772491455,0.3103798031806946,0,-0.05899199843406677,0.10542000085115433,0.0011210000375285745,1,0.8260721564292908,0.29407986998558044,0.48075178265571594,0,-0.47092604637145996,0.8287939429283142,0.3022085428237915,0,-0.3095706105232239,-0.4760444164276123,0.8231331706047058,0,0,0.1184300035238266,0,1,-0.16062124073505402,0.4159718453884125,-0.8950797319412231,0,-0.8871713876724243,0.33660459518432617,0.3156328797340393,0,0.432582288980484,0.8447864055633545,0.314972460269928,0,0,0.21282200515270233,0,1,-0.20728100836277008,-0.2608640491962433,-0.942859947681427,0,0.9717710018157959,-0.16591370105743408,-0.16773299872875214,0,-0.11267783492803574,-0.9510118961334229,0.28789085149765015,0,0.05899199843406677,0.10550200194120407,0.0020639998838305473,1,0.889396071434021,0.007410610094666481,-0.45707806944847107,0,0.22807982563972473,0.8593351244926453,0.45773687958717346,0,0.3961752951145172,-0.5113596320152283,0.762598991394043,0,0,0.1184300035238266,0,1,0.12830723822116852,-0.6421746611595154,0.7557440400123596,0,0.9308795928955078,0.3408149480819702,0.13155794143676758,0,-0.342052161693573,0.6866270899772644,0.6415165066719055,0,0,0.21330900490283966,0,1,-0.7813692092895508,0.5420085787773132,0.3093380928039551,0,-0.605435848236084,-0.5381394028663635,-0.5863898992538452,0,-0.15136119723320007,-0.6454707980155945,0.7486363053321838,0,-0.11737799644470215,-0.0457179993391037,0.0076790000312030315,1,0.909959077835083,-0.2688322961330414,0.3157579302787781,0,-0.3121695816516876,0.05718463286757469,0.9483044147491455,0,-0.2729911506175995,-0.9614874720573425,-0.03188556805253029,0,0,0.1913290023803711,0,1,-0.8545507788658142,-0.18093787133693695,0.4868307113647461,0,-0.4762840270996094,-0.10078684240579605,-0.8734967112541199,0,0.20711469650268555,-0.9783166646957397,-0.00005036663424107246,0,0,0.1522729992866516,0,1,0.9148455858230591,-0.22643406689167023,0.33434367179870605,0,0.012816802598536015,0.8438498377799988,0.5364269614219666,0,-0.4036009907722473,-0.4864623546600342,0.774894118309021,0,0,0.09855499863624573,0,1,-0.812497615814209,-0.3883601725101471,-0.4347694516181946,0,0.5792251825332642,-0.4534604847431183,-0.6774006485939026,0,0.06592467427253723,-0.8022158145904541,0.5933834910392761,0,0.11737799644470215,-0.0457179993391037,0.007526000030338764,1,0.9692435264587402,0.24405516684055328,-0.031679246574640274,0,0.02272747829556465,0.03940901160240173,0.9989646077156067,0,0.2450510561466217,-0.9689605236053467,0.032650187611579895,0,0,0.19156700372695923,0,1,-0.897676408290863,0.2218175083398819,-0.38075360655784607,0,0.39467790722846985,0.02044905349612236,-0.9185916185379028,0,-0.19597387313842773,-0.9748741984367371,-0.10590321570634842,0,0,0.1521649956703186,0,1,0.8145741820335388,0.2735372483730316,-0.5115147829055786,0,0.03829088434576988,0.8545500040054321,0.5179557204246521,0,0.5787946581840515,-0.4414993226528168,0.6856198310852051,0,0,0.09497799724340439,0,1
K0.136,0.998952329158783,-0.020238634198904037,0.041036516427993774,0,0.021814744919538498,0.9990267157554626,-0.038330622017383575,0,-0.040220826864242554,0.03918567672371864,0.9984217286109924,0,-0.0026172760408371687,0.3100506365299225,-0.02099323272705078,1,0.9995756149291992,-0.006476568523794413,0.02840888872742653,0,0.011494343169033527,0.9835624694824219,-0.18020260334014893,0,-0.026774795725941658,0.18045252561569214,0.9832186698913574,0,0,0.08217599987983704,0.007162000052630901,1,0.9982337951660156,0.0005223589832894504,0.05939976125955582,0,0.018668528646230698,0.9465368986129761,-0.3220549523830414,0,-0.056392326951026917,0.3225952386856079,0.9448559284210205,0,0,0.09623599797487259,0,1,0.9982349276542664,0.00267097819596529,0.05931961163878441,0,0.009712760336697102,0.9781888723373413,-0.20749184489250183,0,-0.05858001112937927,0.20770183205604553,0.9764366745948792,0,0,0.10998400300741196,0,1,0.9890592098236084,0.14664475619792938,-0.016044389456510544,0,-0.14737172424793243,0.9870764017105103,-0.06293611973524094,0,0.006607784889638424,0.06461203843355179,0.9978882670402527,0,0,0.12373200058937073,0,1,0.9982293248176575,-0.0012093189870938659,-0.059465017169713974,0,0.025627372786402702,0.9109695553779602,0.4116763770580292,0,0.05367298796772957,-0.4124715030193329,0.9093877673149109,0,0,0.07062999904155731,-0.00417400011792779,1,-0.2194111943244934,0.2661530375480652,0.9386271834373474,0,-0.9713937044143677,-0.1491817682981491,-0.18476924300193787,0,0.0908491238951683,-0.9523168802261353,0.291271448135376,0,-0.05899199843406677,0.10542000085115433,0.0011210000375285745,1,0.8205095529556274,0.3127734661102295,0.4784734547138214,0,-0.49116015434265137,0.8139726519584656,0.31017932295799255,0,-0.2924482524394989,-0.4895118176937103,0.8214936256408691,0,0,0.1184300035238266,0,1,-0.1794304996728897,0.4096921384334564,-0.8944028615951538,0,-0.9119287729263306,0.2717832624912262,0.3074400722980499,0,0.3690398335456848,0.8707964420318604,0.3248440623283386,0,0,0.21282200515270233,0,1,-0.19689209759235382,-0.24405677616596222,-0.9495627880096436,0,0.9669991135597229,-0.20807558298110962,-0.1470279097557068,0,-0.16169768571853638,-0.9471750855445862,0.27697113156318665,0,0.05899199843406677,0.10550200194120407,0.0020639998838305473,1,0.9036464095115662,0.10540198534727097,-0.4151058793067932,0,0.1308508813381195,0.8549492359161377,0.5019351840019226,0,0.4077998101711273,-0.5078893899917603,0.7587805986404419,0,0,0.1184300035238266,0,1,0.1548554003238678,-0.6494801044464111,0.7444435358047485,0,0.9178597331047058,0.37332260608673096,0.13477186858654022,0,-0.36544927954673767,0.662424623966217,0.6539426445960999,0,0,0.21330900490283966,0,1,-0.7831721901893616,0.5542667508125305,0.28183209896087646,0,-0.5873706936836243,-0.510710597038269,-0.6278295516967773,0,-0.20405039191246033,-0.6572386026382446,0.7255344390869141,0,-0.11737799644470215,-0.0457179993391037,0.0076790000312030315,1,0.9076375365257263,-0.2860502302646637,0.30719438195228577,0,-0.31532883644104004,0.01839865930378437,0.9488039016723633,0,-0.2770577371120453,-0.9580379128456116,-0.0735006257891655,0,0,0.1913290023803711,0,1,-0.8478840589523315,-0.2002323865890503,0.49091625213623047,0,-0.4783657491207123,-0.11031847447156906,-0.871203601360321,0,0.22860033810138702,-0.9735174179077148,-0.002247178228572011,0,0,0.1522729992866516,0,1,0.9147266149520874,-0.23295488953590393,0.3301624059677124,0,0.015552397817373276,0.8367774486541748,0.5473222136497498,0,-0.40377384424209595,-0.4955154061317444,0.7690456509590149,0,0,0.09855499863624573,0,1,-0.8090840578079224,-0.38603395223617554,-0.4431268870830536,0,0.5811916589736938,-0.41372954845428467,-0.7007457613945007,0,0.0871768519282341,-0.8245030045509338,0.5591011643409729,0,0.11737799644470215,-0.0457179993391037,0.007526000030338764,1,0.9760665893554688,0.2157450020313263,0.02735201083123684,0,-0.024779900908470154,-0.014618449844419956,0.999585747718811,0,0.21605563163757324,-0.9763408303260803,-0.008922450244426727,0,0,0.19156700372695923,0,1,-0.8878456354141235,0.25739941000938416,-0.38141313195228577,0,0.4068834185600281,0.05206954851746559,-0.9119952917098999,0,-0.21488693356513977,-0.9649012088775635,-0.150961235165596,0,0,0.1521649956703186,0,1,0.8141704201698303,0.2975723147392273,-0.49857550859451294,0,0.037041135132312775,0.8303171396255493,0.5560585856437683,0,0.5794435739517212,-0.4711943566799164,0.664997398853302,0,0,0.09497799724340439,0,1
K0.170,0.9998149275779724,-0.017413711175322533,-0.008192155510187149,0,0.017023516818881035,0.9988195300102234,-0.04550518840551376,0,0.00897489208728075,0.04535727947950363,0.9989304542541504,0,-0.0008922720444388688,0.30464228987693787,-0.02130301669239998,1,0.9994553923606873,-0.001426795730367303,0.03296748921275139,0,0.007059392053633928,0.9851801991462708,-0.17137782275676727,0,-0.03223438560962677,0.17151717841625214,0.9846534729003906,0,0,0.08217599987983704,0.007162000052630901,1,0.9976794123649597,0.012861405499279499,0.06685806065797806,0,0.008855885826051235,0.9491384625434875,-0.3147352933883667,0,-0.06750549376010895,0.3145969808101654,0.9468220472335815,0,0,0.09623599797487259,0,1,0.9976328015327454,0.01577073521912098,0.06693150103092194,0,-0.0016493004513904452,0.9785531759262085,-0.2059883177280426,0,-0.06874464452266693,0.20539037883281708,0.9762631058692932,0,0,0.10998400300741196,0,1,0.9826855659484863,0.18521367013454437,-0.005021987482905388,0,-0.18527810275554657,0.9821366667747498,-0.032849498093128204,0,-0.0011518982937559485,0.03321120887994766,0.9994481801986694,0,0,0.12373200058937073,0,1,0.9979935884475708,-0.04159675911068916,-0.04773577302694321,0,0.057152967900037766,0.9162853956222534,0.3964279592037201,0,0.02724948152899742,-0.3983609080314636,0.9168245196342468,0,0,0.07062999904155731,-0.00417400011792779,1,-0.1820255070924759,0.2438930869102478,0.9525663256645203,0,-0.9756616353988647,-0.16526775062084198,-0.14412394165992737,0,0.12227759510278702,-0.9556164741516113,0.2680399715900421,0,-0.05899199843406677,0.10542000085115433,0.0011210000375285745,1,0.8100979328155518,0.3391348123550415,0.4782566428184509,0,-0.5186276435852051,0.7949463129043579,0.3147791922092438,0,-0.27343565225601196,-0.5030389428138733,0.8198687434196472,0,0,0.1184300035238266,0,1,-0.20117312669754028,0.39523613452911377,-0.8962798714637756,0,-0.9292997121810913,0.21230581402778625,0.3022058606147766,0,0.30972814559936523,0.8937082290649414,0.324582576751709,0,0,0.21282200515270233,0,1,-0.18736089766025543,-0.23225396871566772,-0.954439640045166,0,0.9645205140113831,-0.22748272120952606,-0.1339840143918991,0,-0.1860000640153885,-0.945679247379303,0.26663488149642944,0,0.05899199843406677,0.10550200194120407,0.0020639998838305473,1,0.9080312848091125,0.21279950439929962,-0.3608262240886688,0,0.03561725839972496,0.8190219402313232,0.5726553201675415,0,0.4173855185508728,-0.5328407883644104,0.736118495464325,0,0,0.1184300035238266,0,1,0.22303880751132965,-0.642098069190979,0.7334604859352112,0,0.874427080154419,0.4643389582633972,0.1405937671661377,0,-0.43084922432899475,0.6099997758865356,0.6650334000587463,0,0,0.21330900490283966,0,1,-0.7851802706718445,0.5624441504478455,0.25912871956825256,0,-0.5612668991088867,-0.46953052282333374,-0.6815568804740906,0,-0.26166898012161255,-0.6805858612060547,0.6843479871749878,0,-0.11737799644470215,-0.0457179993391037,0.0076790000312030315,1,0.9105684161186218,-0.29052743315696716,0.2940382957458496,0,-0.31069356203079224,-0.011850828304886818,0.9504367113113403,0,-0.27264323830604553,-0.9567930698394775,-0.10105595737695694,0,0,0.1913290023803711,0,1,-0.8459356427192688,-0.20876243710517883,0.49072498083114624,0,-0.4807881712913513,-0.09957139194011688,-0.8711653351783752,0,0.23072871565818787,-0.9728844165802002,-0.016139613464474678,0,0,0.1522729992866516,0,1,0.9155908823013306,-0.246647909283638,0.31758323311805725,0,0.02147619239985943,0.8186550736427307,0.5738847255706787,0,-0.40153825283050537,-0.5186226963996887,0.7548495531082153,0,0,0.09855499863624573,0,1,-0.7993470430374146,-0.3914046287536621,-0.4559014141559601,0,0.5937513709068298,-0.398085355758667,-0.6992760896682739,0,0.09221222996711731,-0.8296566605567932,0.5506055951118469,0,0.11737799644470215,-0.0457179993391037,0.007526000030338764,1,0.9795103669166565,0.18674318492412567,0.0754041075706482,0,-0.063789963722229,-0.06744832545518875,0.9956811666488647,0,0.19102275371551514,-0.9800909757614136,-0.05415404215455055,0,0,0.19156700372695923,0,1,-0.8817048668861389,0.2722019553184509,-0.38535940647125244,0,0.41005802154541016,0.038160230964422226,-0.9112605452537537,0,-0.2333415448665619,-0.96148282289505,-0.1452646702528,0,0,0.1521649956703186,0,1,0.8111631870269775,0.333732932806015,-0.48024624586105347,0,0.020175158977508545,0.8047290444374084,0.5932996869087219,0,0.5844717621803284,-0.4909519553184509,0.6460335850715637,0,0,0.09497799724340439,0,1
K0.204,0.9956104159355164,-0.00947524979710579,-0.09311557561159134,0,0.0047034770250320435,0.9986708164215088,-0.05133214592933655,0,0.09347813576459885,0.05066883563995361,0.9943310022354126,0,0.0020491215400397778,0.2997913062572479,-0.022121066227555275,1,0.999366819858551,0.0034974843729287386,0.03540845960378647,0,0.0022718622349202633,0.9868541955947876,-0.1615978479385376,0,-0.0355081707239151,0.16157595813274384,0.9862213730812073,0,0,0.08217599987983704,0.007162000052630901,1,0.9972156882286072,0.025274276733398438,0.07015182077884674,0,-0.0024907896295189857,0.9515691995620728,-0.3074242174625397,0,-0.07452427595853806,0.30639368295669556,0.9489831924438477,0,0,0.09623599797487259,0,1,0.997099757194519,0.02893645316362381,0.0703931525349617,0,-0.013892841525375843,0.9785651564598083,-0.20546962320804596,0,-0.0748298242688179,0.203895702958107,0.976128876209259,0,0,0.10998400300741196,0,1,0.9775240421295166,0.20997585356235504,0.01890295185148716,0,-0.20960023999214172,0.9775815606117249,-0.020062943920493126,0,-0.02269190549850464,0.015649942681193352,0.999620258808136,0,0,0.12373200058937073,0,1,0.9944148659706116,-0.10314968228340149,-0.022354312241077423,0,0.10388506948947906,0.9191707968711853,0.37991246581077576,0,-0.018640415742993355,-0.38011279702186584,0.9247525930404663,0,0,0.07062999904155731,-0.00417400011792779,1,-0.15280459821224213,0.2244214117527008,0.9624372720718384,0,-0.9790998697280884,-0.1666410118341446,-0.11659269779920578,0,0.13421571254730225,-0.9601386189460754,0.24519464373588562,0,-0.05899199843406677,0.10542000085115433,0.0011210000375285745,1,0.7873519659042358,0.3761674165725708,0.48844170570373535,0,-0.5604034662246704,0.7669100165367126,0.31272563338279724,0,-0.25695356726646423,-0.5199494361877441,0.8146333694458008,0,0,0.1184300035238266,0,1,-0.21087069809436798,0.38780677318573,-0.8972954750061035,0,-0.9354557991027832,0.18630070984363556,0.300356924533844,0,0.28364747762680054,0.9027174711227417,0.32349100708961487,0,0,0.21282200515270233,0,1,-0.19798633456230164,-0.2240036427974701,-0.9542663097381592,0,0.963688313961029,-0.22244812548160553,-0.14772392809391022,0,-0.1791839450597763,-0.948861837387085,0.2599112093448639,0,0.05899199843406677,0.10550200194120407,0.0020639998838305473,1,0.9024674892425537,0.3345519006252289,-0.27134469151496887,0,-0.07017155736684799,0.735688328742981,0.6736758351325989,0,0.425004243850708,-0.5889292359352112,0.6874101758003235,0,0,0.1184300035238266,0,1,0.3240620195865631,-0.6082615256309509,0.7245699167251587,0,0.7996415495872498,0.5853850841522217,0.13378110527992249,0,-0.505526602268219,0.5360430479049683,0.6760926246643066,0,0,0.21330900490283966,0,1,-0.7887522578239441,0.5628537535667419,0.2471141666173935,0,-0.5251955389976501,-0.408141553401947,-0.7467203140258789,0,-0.31943681836128235,-0.7187606692314148,0.6175307631492615,0,-0.11737799644470215,-0.0457179993391037,0.0076790000312030315,1,0.9199093580245972,-0.27639561891555786,0.27815869450569153,0,-0.2975555658340454,-0.03001532331109047,0.9542322754859924,0,-0.2553967237472534,-0.9605754613876343,-0.10985448956489563,0,0,0.1913290023803711,0,1,-0.851633608341217,-0.20025959610939026,0.48437169194221497,0,-0.4831461012363434,-0.05832914263010025,-0.8735945820808411,0,0.20319873094558716,-0.9780049920082092,-0.04707951098680496,0,0,0.1522729992866516,0,1,0.918838620185852,-0.27382010221481323,0.284181147813797,0,0.03595128655433655,0.7751986384391785,0.6306946277618408,0,-0.39299336075782776,-0.5692893266677856,0.7221258878707886,0,0,0.09855499863624573,0,1,-0.78024822473526,-0.4171472191810608,-0.4660487473011017,0,0.6199668049812317,-0.41716909408569336,-0.6645379662513733,0,0.08278906345367432,-0.807439386844635,0.5841128826141357,0,0.11737799644470215,-0.0457179993391037,0.007526000030338764,1,0.9837779998779297,0.14794842898845673,0.10144738852977753,0,-0.08618376404047012,-0.10617656260728836,0.9906055927276611,0,0.15732984244823456,-0.9832790493965149,-0.09170341491699219,0,0,0.19156700372695923,0,1,-0.871430516242981,0.2881079614162445,-0.3969915211200714,0,0.4092048108577728,-0.019289715215563774,-0.9122389554977417,0,-0.2704811692237854,-0.9574036598205566,-0.10108540207147598,0,0,0.1521649956703186,0,1,0.8092674016952515,0.3632921874523163,-0.4616319537162781,0,0.0012976678553968668,0.7847298979759216,0.619836688041687,0,0.5874383449554443,-0.5022127628326416,0.6345850229263306,0,0,0.09497799724340439,0,1
