1.533,30,46,30
B0,Bip01,-1,0.10651678591966629,-0.10826512426137924,0.988399088382721,0,0.989281952381134,0.11139392107725143,-0.09441030770540237,0,-0.09988023340702057,0.987860918045044,0.11896996945142746,0,1.300374984741211,28.309711456298828,-1.5312210321426392,1
B1,Bip01_Pelvis,0,5.960367843726999e-8,-5.9604584379258085e-8,1,0,1,0.000002026556785494904,-5.9604584379258085e-8,0,-0.0000020265579223632812,1,5.960367843726999e-8,0,0,0,0,1
B2,Bip01_Spine,1,0.9889010787010193,0.1419399380683899,0.04391101002693176,0,-0.14321105182170868,0.9893159866333008,0.027285145595669746,0,-0.03956901654601097,-0.03327085077762604,0.9986630082130432,0,10.873231887817383,-0.013318000361323357,0.000014999999621068127,1
B3,Bip01_Spine1,2,0.9567980170249939,0.27785488963127136,0.08563492447137833,0,-0.28266409039497375,0.9579079747200012,0.0501319095492363,0,-0.06810104101896286,-0.07217210531234741,0.9950650334358215,0,16.72780990600586,-0.013319999910891056,0,1
B4,Bip01_Neck,3,0.9982460141181946,0.01245622243732214,-0.057875070720911026,0,-0.016209758818149567,0.997763991355896,-0.06484580039978027,0,0.05693793296813965,0.0656702071428299,0.9962159395217896,0,16.727813720703125,-0.0065910001285374165,0,1
B5,Bip01_Head,4,1,-0.000797999557107687,0,0,0.000797999557107687,1,0,0,0,0,1,0,8.276847839355469,0,0,1
B6,Bip01_L_Clavicle,3,0.045833759009838104,0.015031197108328342,0.9988359212875366,0,0.008591534569859505,-0.9998558163642883,0.014652306213974953,0,0.9989119172096252,0.00790996104478836,-0.04595613852143288,0,16.727813720703125,-0.000014999999621068127,5.273279190063477,1
B7,Bip01_L_UpperArm,6,0.7447110414505005,-0.3190309703350067,-0.5861949324607849,0,0.30397099256515503,0.9440910220146179,-0.12764307856559753,0,0.5941441059112549,-0.08312910795211792,0.8000519275665283,0,17.011240005493164,0,0,1
B8,Bip01_L_Forearm,7,0.5245830416679382,-0.8513590693473816,0,0,0.8513590693473816,0.5245830416679382,0,0,0,0,1,0,30.461719512939453,0,0,1
B9,Bip01_L_Hand,8,0.9802131056785583,-0.19604958593845367,-0.02732863649725914,0,-0.07574841380119324,-0.24395674467086792,-0.9668229222297668,0,0.1828783005475998,0.9497628808021545,-0.2539801299571991,0,23.335853576660156,0,0,1
B10,Bip01_L_Finger0,9,0.6238088607788086,0.573965311050415,-0.5304978489875793,0,0.11979226768016815,0.6005191206932068,0.7905868291854858,0,0.7723428606987,-0.5567240715026855,0.3058522641658783,0,8.067468643188477,2.3141329288482666,-7.4285149574279785,1
B11,Bip01_L_Finger01,10,0.9813929796218872,0.1076207309961319,0.15901106595993042,0,-0.005578204989433289,0.843782901763916,-0.5366552472114563,0,-0.19192609190940857,0.5257828235626221,0.8286831378936768,0,4.314496994018555,0.000003999999989900971,-0.000003999999989900971,1
B12,Bip01_L_Finger1,9,0.6096382141113281,0.7773898243904114,0.1549377739429474,0,-0.7618671655654907,0.6286059021949768,-0.15624673664569855,0,-0.21885941922664642,-0.022788017988204956,0.9754899144172668,0,13.961370468139648,1.6899869441986084,0.11770199984312057,1
B13,Bip01_L_Finger11,12,0.9393730163574219,0.3428969979286194,0,0,-0.3428969979286194,0.9393730163574219,0,0,0,0,1,0,5.817234039306641,0,0,1
B14,Bip01_R_Clavicle,3,-0.0634641945362091,0.05705779418349266,-0.9963520169258118,0,0.011337723582983017,-0.9982588887214661,-0.057889174669981,0,-0.9979199171066284,-0.014970249496400356,0.0627068504691124,0,16.727813720703125,0.000014999999621068127,-5.273279190063477,1
B15,Bip01_R_UpperArm,14,0.7709977626800537,0.2100660800933838,0.6011942625045776,0,-0.08344292640686035,0.9692149758338928,-0.2316470593214035,0,-0.6313477754592896,0.1284339874982834,0.7647912502288818,0,17.011240005493164,0,0,1
B16,Bip01_R_Forearm,15,0.32869207859039307,-0.9444370269775391,0,0,0.9444370269775391,0.32869207859039307,0,0,0,0,1,0,30.46172332763672,0,0,1
B17,Bip01_R_Hand,16,0.9847009181976318,0.008729051798582077,0.1740342527627945,0,-0.1643957644701004,-0.284615159034729,0.944441020488739,0,0.057776834815740585,-0.9586021304130554,-0.27882570028305054,0,23.335853576660156,0,0,1
B18,Bip01_R_Finger0,17,0.6238088607788086,0.573965311050415,0.5304978489875793,0,0.11979226768016815,0.6005191206932068,-0.7905868291854858,0,-0.7723428606987,0.5567240715026855,0.3058522641658783,0,8.067472457885742,2.3141400814056396,7.428515911102295,1
B19,Bip01_R_Finger01,18,0.9813929796218872,0.10762068629264832,-0.15901099145412445,0,-0.0055782608687877655,0.8437830805778503,0.5366550087928772,0,0.19192615151405334,-0.5257829427719116,0.8286839127540588,0,4.314495086669922,0.000003999999989900971,0.000003999999989900971,1
B20,Bip01_R_Finger1,17,0.624136209487915,0.765678882598877,-0.15552781522274017,0,-0.7504541277885437,0.642879843711853,0.1533740758895874,0,0.21742109954357147,0.02099018543958664,0.9758520126342773,0,13.961372375488281,1.6899869441986084,-0.11770199984312057,1
B21,Bip01_R_Finger11,20,0.9393730163574219,0.3428969979286194,0,0,-0.3428969979286194,0.9393730163574219,0,0,0,0,1,0,5.817235946655273,0,0,1
B22,Bip01_L_Thigh,1,-0.8583419919013977,0.5124480724334717,-0.025429708883166313,0,0.5060868859291077,0.8537590503692627,0.1223583072423935,0,0.0844130888581276,0.0921555906534195,-0.9921600222587585,0,-0.000012999999853491317,0.000014000000192027073,9.454963684082031,1
B23,Bip01_L_Calf,22,0.3502110540866852,-0.9366709589958191,0,0,0.9366709589958191,0.3502110540866852,0,0,0,0,1,0,13.568222045898438,0,-9.999999974752427e-7,1
B24,Bip01_L_Foot,23,0.9141560792922974,0.3908470571041107,0.10750354826450348,0,-0.39121198654174805,0.9201130270957947,-0.018554650247097015,0,-0.10616756230592728,-0.025094857439398766,0.9940320253372192,0,9.601009368896484,0,9.999999974752427e-7,1
B25,Bip01_L_Toe0,24,3.422854177870249e-8,0.9999999403953552,0,0,-0.9999999403953552,3.422854177870249e-8,0,0,0,0,1,0,4.950390815734863,6.207172870635986,-9.999999974752427e-7,1
B26,Bip01_R_Thigh,1,-0.954738199710846,0.21254053711891174,-0.2080909162759781,0,0.24170848727226257,0.962092936038971,-0.12631292641162872,0,0.1733560711145401,-0.17089299857616425,-0.9699190855026245,0,0.000012999999853491317,-0.000012000000424450263,-9.454963684082031,1
B27,Bip01_R_Calf,26,0.8084560036659241,-0.5885559916496277,0,0,0.5885559916496277,0.8084560036659241,0,0,0,0,1,0,13.568220138549805,0,-9.999999974752427e-7,1
B28,Bip01_R_Foot,27,0.8756148815155029,0.46651017665863037,-0.12516602873802185,0,-0.4681257903575897,0.8834781050682068,0.018004994839429855,0,0.11898095905780792,0.04282800108194351,0.991972029209137,0,9.601009368896484,0,-9.999999974752427e-7,1
B29,Bip01_R_Toe0,28,3.422854177870249e-8,0.9999999403953552,0,0,-0.9999999403953552,3.422854177870249e-8,0,0,0,0,1,0,4.950390815734863,6.207172870635986,-9.999999974752427e-7,1
@23,0,1,2,3,4,6,7,8,9,10,12,14,15,16,17,18,20,22,23,24,26,27,28
K0,-0.0010541552910581231,-0.0010826546931639314,-0.009885169565677643,0,-0.009893863461911678,0.0011139408452436328,0.0009330805623903871,0,0.00100012868642807,0.009878609329462051,-0.0011885891435667872,0,-0.013020801357924938,0.28309711813926697,0.01529770903289318,1,0,0,0.9999999403953552,0,0.9999999403953552,0.000002026556785494904,0,0,-0.0000019669532775878906,0.9999999403953552,0,0,0,0,0,1,0.9889010787010193,0.1419399529695511,0.043911006301641464,0,-0.14321106672286987,0.9893159866333008,0.027285147458314896,0,-0.039569009095430374,-0.033270854502916336,0.9986630082130432,0,10.873231887817383,-0.013318000361323357,0.000014999999621068127,1,0.9567980170249939,0.27785488963127136,0.08563493937253952,0,-0.28266409039497375,0.9579079747200012,0.050131905823946,0,-0.06810105592012405,-0.07217210531234741,0.9950650334358215,0,16.72780990600586,-0.013319999910891056,0,1,0.9982460141181946,0.012456231750547886,-0.05787506699562073,0,-0.016209766268730164,0.997763991355896,-0.06484578549861908,0,0.05693792924284935,0.0656701922416687,0.9962159395217896,0,16.727813720703125,-0.0065910001285374165,0,1,0.045833755284547806,0.01503116637468338,0.9988359808921814,0,0.008591833524405956,-0.9998559951782227,0.014652261510491371,0,0.99891197681427,0.007910260930657387,-0.0459563173353672,0,16.727813720703125,-0.000014999999621068127,5.273279190063477,1,0.7447110414505005,-0.3190310001373291,-0.5861949324607849,0,0.30397099256515503,0.9440910220146179,-0.12764309346675873,0,0.5941440463066101,-0.08312910795211792,0.8000519275665283,0,17.011240005493164,0,0,1,0.5245829820632935,-0.8513590693473816,0,0,0.8513590693473816,0.5245829820632935,0,0,0,0,1,0,30.461719512939453,0,0,1,0.9802129864692688,-0.1960500329732895,-0.0273281317204237,0,-0.0757480338215828,-0.2439568191766739,-0.9668229818344116,0,0.18287885189056396,0.9497628211975098,-0.2539801299571991,0,23.335853576660156,0,0,1,0.6238086819648743,0.5739654302597046,-0.5304979681968689,0,0.1197924092411995,0.600519061088562,0.7905868887901306,0,0.7723429799079895,-0.5567240715026855,0.3058519959449768,0,8.067468643188477,2.3141329288482666,-7.4285149574279785,1,0.6096382141113281,0.7773898839950562,0.15493762493133545,0,-0.7618671655654907,0.6286059021949768,-0.1562468409538269,0,-0.21885940432548523,-0.02278783917427063,0.9754899144172668,0,13.961370468139648,1.6899869441986084,0.11770199984312057,1,-0.06346417963504791,0.05705755576491356,-0.9963520169258118,0,0.011337557807564735,-0.9982588887214661,-0.057888928800821304,0,-0.9979199171066284,-0.014970068819820881,0.06270686537027359,0,16.727813720703125,0.000014999999621068127,-5.273279190063477,1,0.7709977626800537,0.2100660651922226,0.6011942625045776,0,-0.08344292640686035,0.9692149758338928,-0.2316470444202423,0,-0.6313477754592896,0.1284339725971222,0.7647912502288818,0,17.011240005493164,0,0,1,0.32869207859039307,-0.9444370269775391,0,0,0.9444370269775391,0.32869207859039307,0,0,0,0,1,0,30.46172332763672,0,0,1,0.9847009181976318,0.008729415014386177,0.17403416335582733,0,-0.16439558565616608,-0.2846151888370514,0.9444409608840942,0,0.057777173817157745,-0.9586020112037659,-0.27882567048072815,0,23.335853576660156,0,0,1,0.6238086819648743,0.5739654302597046,0.5304979681968689,0,0.1197924092411995,0.600519061088562,-0.7905868887901306,0,-0.7723429799079895,0.5567240715026855,0.3058519959449768,0,8.067472457885742,2.3141400814056396,7.428515911102295,1,0.624136209487915,0.765678882598877,-0.15552781522274017,0,-0.7504540681838989,0.642879843711853,0.15337415039539337,0,0.21742115914821625,0.020990148186683655,0.9758519530296326,0,13.961372375488281,1.6899869441986084,-0.11770199984312057,1,-0.8583419919013977,0.5124481320381165,-0.025429796427488327,0,0.5060869455337524,0.8537589907646179,0.12235838919878006,0,0.08441320806741714,0.09215561300516129,-0.9921600818634033,0,-0.000012999999853491317,0.000014000000192027073,9.454963684082031,1,0.3502110540866852,-0.9366709589958191,0,0,0.9366709589958191,0.3502110540866852,0,0,0,0,1,0,13.568222045898438,0,0,1,0.9141560792922974,0.39084702730178833,0.1075034812092781,0,-0.39121192693710327,0.9201130270957947,-0.018554741516709328,0,-0.10616753250360489,-0.025094741955399513,0.9940320253372192,0,9.601009368896484,0,0,1,-0.954738199710846,0.21254052221775055,-0.20809094607830048,0,0.24170848727226257,0.962092936038971,-0.1263129711151123,0,0.1733560711145401,-0.17089304327964783,-0.9699190855026245,0,0.000012999999853491317,-0.000012000000424450263,-9.454963684082031,1,0.8084560036659241,-0.5885560512542725,0,0,0.5885560512542725,0.8084560036659241,0,0,0,0,1,0,13.568220138549805,0,0,1,0.8756148815155029,0.46651020646095276,-0.12516602873802185,0,-0.4681258201599121,0.8834781050682068,0.018005002290010452,0,0.11898095905780792,0.042827997356653214,0.991972029209137,0,9.601009368896484,0,0,1
K0.033,-0.0009714163606986403,-0.0008892700425349176,-0.009912896901369095,0,-0.009895180352032185,0.0011555658420547843,0.0008660161984153092,0,0.0010684882290661335,0.009893118403851986,-0.0009922025492414832,0,-0.012274865061044693,0.2824784815311432,0.015457580797374249,1,0,0,0.9999999403953552,0,0.9999999403953552,0.000002026556785494904,0,0,-0.0000019669532775878906,0.9999999403953552,0,0,0,0,0,1,0.987864077091217,0.1463661938905716,0.05197879672050476,0,-0.14857590198516846,0.9880279898643494,0.041534245014190674,0,-0.04527730494737625,-0.04875299334526062,0.9977839589118958,0,10.873231887817383,-0.013318000361323357,0.000014999999621068127,1,0.952613890171051,0.28506723046302795,0.10612519830465317,0,-0.29376688599586487,0.9527009725570679,0.0778573602437973,0,-0.07891103625297546,-0.10534412413835526,0.9912999868392944,0,16.72780990600586,-0.013319999910891056,0,1,0.9980040192604065,0.0059442780911922455,-0.06286598742008209,0,-0.010071617551147938,0.9977989792823792,-0.0655413269996643,0,0.06233806908130646,0.06604371964931488,0.9958680272102356,0,16.727813720703125,-0.0065910001285374165,0,1,0.02374267578125,0.01393470074981451,0.9996209740638733,0,0.009059247560799122,-0.9998649954795837,0.013722931034862995,0,0.9996769428253174,0.008729993365705013,-0.023865634575486183,0,16.727813720703125,-0.000014999999621068127,5.273279190063477,1,0.8052354454994202,-0.2628842890262604,-0.5314956903457642,0,0.2724796235561371,0.9601562023162842,-0.062088388949632645,0,0.5266410708427429,-0.09482601284980774,0.8447825908660889,0,17.011240005493164,0,0,1,0.4756813943386078,-0.8796173334121704,0,0,0.8796181082725525,0.4756818413734436,0,0,0,0,1,0,30.461719512939453,0,0,1,0.9782981276512146,-0.2060246765613556,-0.022070055827498436,0,-0.08483748883008957,-0.30109965801239014,-0.9498118758201599,0,0.1890392303466797,0.9310707449913025,-0.31204357743263245,0,23.335853576660156,0,0,1,0.6158379316329956,0.5725129842758179,-0.5412710905075073,0,0.12543313205242157,0.6069956421852112,0.7847442626953125,0,0.7778241634368896,-0.5511676669120789,0.3019983172416687,0,8.067468643188477,2.3141329288482666,-7.4285149574279785,1,0.59832763671875,0.7862253189086914,0.1544468104839325,0,-0.7704729437828064,0.6174659729003906,-0.15845006704330444,0,-0.21994324028491974,-0.024192042648792267,0.9752129316329956,0,13.961370468139648,1.6899869441986084,0.11770199984312057,1,-0.052514709532260895,0.06164950132369995,-0.9967150092124939,0,0.01118241623044014,-0.997994065284729,-0.06231779232621193,0,-0.998557984828949,-0.014418289996683598,0.05172000825405121,0,16.727813720703125,0.000014999999621068127,-5.273279190063477,1,0.7812570929527283,0.20453009009361267,0.5897497534751892,0,-0.07280753552913666,0.9682040214538574,-0.23933111131191254,0,-0.6199488043785095,0.14404097199440002,0.7713080048561096,0,17.011240005493164,0,0,1,0.29965874552726746,-0.9540460705757141,0,0,0.9540460705757141,0.29965874552726746,0,0,0,0,1,0,30.46172332763672,0,0,1,0.9880390763282776,-0.03419814631342888,0.15036343038082123,0,-0.15350165963172913,-0.31104224920272827,0.9379180073738098,0,0.01469432469457388,-0.9497808814048767,-0.3125714361667633,0,23.335853576660156,0,0,1,0.6238080263137817,0.5739653706550598,0.5304976105690002,0,0.1197923943400383,0.6005189418792725,-0.7905868887901306,0,-0.7723431587219238,0.5567238330841064,0.3058517575263977,0,8.067472457885742,2.3141400814056396,7.428515911102295,1,0.6395320892333984,0.7527480125427246,-0.15610387921333313,0,-0.7378448247909546,0.6580321788787842,0.15026508271694183,0,0.2158331274986267,0.01908108964562416,0.9762439131736755,0,13.961372375488281,1.6899869441986084,-0.11770199984312057,1,-0.825734555721283,0.5632225871086121,-0.030704131349921227,0,0.5565634965896606,0.8223986029624939,0.11789093166589737,0,0.0916498601436615,0.08025781065225601,-0.9925519824028015,0,-0.000012999999853491317,0.000014000000192027073,9.454963684082031,1,0.4555031657218933,-0.8902344703674316,0,0,0.8902344703674316,0.4555031657218933,0,0,0,0,1,0,13.568222045898438,0,0,1,0.9357602000236511,0.33518630266189575,0.1095539778470993,0,-0.3356435298919678,0.9418732523918152,-0.014797847718000412,0,-0.10814602673053741,-0.022923853248357773,0.9938709139823914,0,9.601009368896484,0,0,1,-0.9733872413635254,0.11074923723936081,-0.20062851905822754,0,0.14140591025352478,0.9791961908340454,-0.14553001523017883,0,0.18033741414546967,-0.17002716660499573,-0.968798041343689,0,0.000012999999853491317,-0.000012000000424450263,-9.454963684082031,1,0.8345802426338196,-0.5508866310119629,0,0,0.5508866310119629,0.8345802426338196,0,0,0,0,1,0,13.568220138549805,0,0,1,0.8555566668510437,0.501257598400116,-0.12947209179401398,0,-0.5026571750640869,0.8641518354415894,0.024028435349464417,0,0.12392804026603699,0.04452240839600563,0.9912919998168945,0,9.601009368896484,0,0,1
K0.067,-0.000867560796905309,-0.0007810491370037198,-0.009931632317602634,0,-0.009902957826852798,0.0011540981940925121,0.0007742948946543038,0,0.001085731666535139,0.009902429766952991,-0.0008735944866202772,0,-0.011832884512841702,0.280143141746521,0.01562829129397869,1,0,0,0.9999999403953552,0,0.9999999403953552,0.000002026556785494904,0,0,-0.0000019669532775878906,0.9999999403953552,0,0,0,0,0,1,0.9870139360427856,0.1498221904039383,0.05794403329491615,0,-0.1529277116060257,0.9867889881134033,0.05348102003335953,0,-0.04916587099432945,-0.06164773553609848,0.9968860745429993,0,10.873231887817383,-0.013318000361323357,0.000014999999621068127,1,0.9490879774093628,0.2904219627380371,0.12201366573572159,0,-0.30290886759757996,0.9477171301841736,0.1003928855061531,0,-0.08647812157869339,-0.1322406679391861,0.9874380826950073,0,16.72780990600586,-0.013319999910891056,0,1,0.997829020023346,0.000610215007327497,-0.0658503994345665,0,-0.00511188292875886,0.9976580142974854,-0.06821521371603012,0,0.06565454602241516,0.06840372830629349,0.995495080947876,0,16.727813720703125,-0.0065910001285374165,0,1,-0.0037125209346413612,0.008457811549305916,0.9999570846557617,0,0.009612752124667168,-0.9999180436134338,0.008493169210851192,0,0.9999470710754395,0.00964387133717537,0.003630813444033265,0,16.727813720703125,-0.000014999999621068127,5.273279190063477,1,0.8579164147377014,-0.2004520148038864,-0.47307366132736206,0,0.22446507215499878,0.974465012550354,-0.00583669263869524,0,0.4621635675430298,-0.10118108987808228,0.8810036778450012,0,17.011240005493164,0,0,1,0.4442732632160187,-0.8958918452262878,0,0,0.8958918452262878,0.4442732632160187,0,0,0,0,1,0,30.461719512939453,0,0,1,0.970085084438324,-0.24220368266105652,-0.016515661031007767,0,-0.1041228324174881,-0.3536513149738312,-0.9295642375946045,0,0.21930308640003204,0.9034760594367981,-0.3682907819747925,0,23.335853576660156,0,0,1,0.6066937446594238,0.5707306265830994,-0.5533446073532104,0,0.13170762360095978,0.6142979264259338,0.7780048847198486,0,0.7839490175247192,-0.5448899865150452,0.2975209057331085,0,8.067468643188477,2.3141329288482666,-7.4285149574279785,1,0.5853829383850098,0.7960249781608582,0.15385204553604126,0,-0.7800136804580688,0.6047133207321167,-0.16093508899211884,0,-0.221144899725914,-0.025798087939620018,0.9749000668525696,0,13.961370468139648,1.6899869441986084,0.11770199984312057,1,-0.03940849378705025,0.07024003565311432,-0.9967509508132935,0,0.010927116498351097,-0.9974360466003418,-0.07072033733129501,0,-0.9991629719734192,-0.013678597286343575,0.03853991627693176,0,16.727813720703125,0.000014999999621068127,-5.273279190063477,1,0.7958687543869019,0.1868862509727478,0.5759043097496033,0,-0.056389082223176956,0.9699159860610962,-0.23681999742984772,0,-0.602837085723877,0.15600289404392242,0.7824640274047852,0,17.011240005493164,0,0,1,0.2781209945678711,-0.9605459570884705,0,0,0.9605459570884705,0.2781209945678711,0,0,0,0,1,0,30.46172332763672,0,0,1,0.9896249175071716,-0.06934060156345367,0.12583422660827637,0,-0.1419830471277237,-0.3379940688610077,0.9303768873214722,0,-0.021981671452522278,-0.9385902881622314,-0.3443324863910675,0,23.335853576660156,0,0,1,0.6238086819648743,0.5739654302597046,0.5304979681968689,0,0.1197924092411995,0.600519061088562,-0.7905868887901306,0,-0.7723429799079895,0.5567240715026855,0.3058519959449768,0,8.067472457885742,2.3141400814056396,7.428515911102295,1,0.6546549797058105,0.7395250201225281,-0.15661713480949402,0,-0.7249423265457153,0.6729087233543396,0.14714692533016205,0,0.21420787274837494,0.017207935452461243,0.9766359925270081,0,13.961372375488281,1.6899869441986084,-0.11770199984312057,1,-0.7873533964157104,0.6157523989677429,-0.030410075560212135,0,0.6098756194114685,0.7851542830467224,0.10762987285852432,0,0.09014992415904999,0.06619635969400406,-0.9937259554862976,0,-0.000012999999853491317,0.000014000000192027073,9.454963684082031,1,0.5601370334625244,-0.8283997178077698,0,0,0.8283997178077698,0.5601370334625244,0,0,0,0,1,0,13.568222045898438,0,0,1,0.9543907642364502,0.27760079503059387,0.10989107936620712,0,-0.27810725569725037,0.960486888885498,-0.011001139879226685,0,-0.10860290378332138,-0.020062129944562912,0.9938830137252808,0,9.601009368896484,0,0,1,-0.9814249873161316,0.018826616927981377,-0.19091996550559998,0,0.050441134721040726,0.9854820370674133,-0.1621144860982895,0,0.18509607017040253,-0.1687333583831787,-0.9681258797645569,0,0.000012999999853491317,-0.000012000000424450263,-9.454963684082031,1,0.8558388352394104,-0.5172423124313354,0,0,0.5172423124313354,0.8558388352394104,0,0,0,0,1,0,13.568220138549805,0,0,1,0.8328210711479187,0.5368117690086365,-0.1350673884153366,0,-0.5380955934524536,0.8423513174057007,0.02996097505092621,0,0.12985749542713165,0.04772699996829033,0.9903830885887146,0,9.601009368896484,0,0,1
K0.100,-0.0007197116501629353,-0.0007677571848034859,-0.009944477118551731,0,-0.009917407296597958,0.00111633341293782,0.0006315672071650624,0,0.001061645452864468,0.009907788597047329,-0.000841758621390909,0,-0.011743351817131042,0.2763294279575348,0.015916652977466583,1,0,0,0.9999999403953552,0,0.9999999403953552,0.000002026556785494904,0,0,-0.0000019669532775878906,0.9999999403953552,0,0,0,0,0,1,0.9864769577980042,0.15174417197704315,0.06194915249943733,0,-0.155617818236351,0.9857820868492126,0.06338594853878021,0,-0.05144984647631645,-0.07216907292604446,0.9960640072822571,0,10.873231887817383,-0.013318000361323357,0.000014999999621068127,1,0.9467400312423706,0.29303106665611267,0.133478045463562,0,-0.3087729215621948,0.9437639713287354,0.11818817257881165,0,-0.09133894741535187,-0.15310785174369812,0.9839789867401123,0,16.72780990600586,-0.013319999910891056,0,1,0.9977820515632629,-0.0027798949740827084,-0.06650970131158829,0,-0.002045894041657448,0.9973750710487366,-0.07237973809242249,0,0.0665363073348999,0.072355255484581,0.9951569437980652,0,16.727813720703125,-0.0065910001285374165,0,1,-0.0320708267390728,-0.000017699669115245342,0.9994860887527466,0,0.010366304777562618,-0.9999459981918335,0.00031491907429881394,0,0.9994319677352905,0.010371075943112373,0.03206926956772804,0,16.727813720703125,-0.000014999999621068127,5.273279190063477,1,0.897611141204834,-0.13225404918193817,-0.4204787611961365,0,0.1624908745288849,0.9860259890556335,0.0367383249104023,0,0.40974417328834534,-0.1013006865978241,0.9065579175949097,0,17.011240005493164,0,0,1,0.4380970597267151,-0.8989279866218567,0,0,0.8989279866218567,0.4380970597267151,0,0,0,0,1,0,30.461719512939453,0,0,1,0.9535848498344421,-0.3010024130344391,-0.0085712019354105,0,-0.13290637731552124,-0.39516887068748474,-0.9089429974555969,0,0.27020683884620667,0.8678930401802063,-0.41683200001716614,0,23.335853576660156,0,0,1,0.5968959331512451,0.5686900615692139,-0.5659569501876831,0,0.1382080763578415,0.6219759583473206,0.7707430720329285,0,0.7903249859809875,-0.5382728576660156,0.29265716671943665,0,8.067468643188477,2.3141329288482666,-7.4285149574279785,1,0.5715480446815491,0.8061439990997314,0.153180792927742,0,-0.7898589968681335,0.5910789966583252,-0.1635477989912033,0,-0.2223851978778839,-0.027515817433595657,0.9745708703994751,0,13.961370468139648,1.6899869441986084,0.11770199984312057,1,-0.02459287829697132,0.08247505873441696,-0.9962899684906006,0,0.010693051852285862,-0.9965118765830994,-0.0827573835849762,0,-0.9996399879455566,-0.012688620947301388,0.0236252099275589,0,16.727813720703125,0.000014999999621068127,-5.273279190063477,1,0.8132809996604919,0.15602777898311615,0.5605611205101013,0,-0.03273917734622955,0.9741219282150269,-0.2236400693655014,0,-0.5809488892555237,0.1635299026966095,0.7973430752754211,0,17.011240005493164,0,0,1,0.267285019159317,-0.9636170268058777,0,0,0.9636170268058777,0.267285019159317,0,0,0,0,1,0,30.46172332763672,0,0,1,0.9903919696807861,-0.0912235900759697,0.10393594950437546,0,-0.13005056977272034,-0.358818918466568,0.9243028163909912,0,-0.04702403023838997,-0.9289389252662659,-0.367235004901886,0,23.335853576660156,0,0,1,0.623808741569519,0.5739652514457703,0.5304980874061584,0,0.11979222297668457,0.6005188822746277,-0.7905860543251038,0,-0.7723429203033447,0.5567238926887512,0.30585232377052307,0,8.067472457885742,2.3141400814056396,7.428515911102295,1,0.6744838953018188,0.7213581204414368,-0.157203808426857,0,-0.7072049975395203,0.6924051642417908,0.142958864569664,0,0.21197320520877838,0.014751850627362728,0.9771639704704285,0,13.961372375488281,1.6899869441986084,-0.11770199984312057,1,-0.7451368570327759,0.6665470600128174,-0.022022362798452377,0,0.6623499989509583,0.7434929609298706,0.0922532007098198,0,0.07786460965871811,0.05415477976202965,-0.9954920411109924,0,-0.000012999999853491317,0.000014000000192027073,9.454963684082031,1,0.6621960997581482,-0.7493309378623962,0,0,0.7493309378623962,0.6621960997581482,0,0,0,0,1,0,13.568222045898438,0,0,1,0.969260036945343,0.2169930338859558,0.11597216874361038,0,-0.21777190268039703,0.9759809374809265,-0.006065967958420515,0,-0.11450285464525223,-0.01937597058713436,0.9932339191436768,0,9.601009368896484,0,0,1,-0.9816409945487976,-0.059610165655612946,-0.18118491768836975,0,-0.027437902987003326,0.984161913394928,-0.17513532936573029,0,0.1887550801038742,-0.16694864630699158,-0.9677289128303528,0,0.000012999999853491317,-0.000012000000424450263,-9.454963684082031,1,0.8726770877838135,-0.4882979989051819,0,0,0.4882979989051819,0.8726770877838135,0,0,0,0,1,0,13.568220138549805,0,0,1,0.8074418902397156,0.5725390315055847,-0.14225701987743378,0,-0.573860764503479,0.8181741237640381,0.03569173440337181,0,0.13682594895362854,0.052816737443208694,0.9891859889030457,0,9.601009368896484,0,0,1
K0.133,-0.0005241194157861173,-0.0008184778271242976,-0.009952657856047153,0,-0.009934501722455025,0.0010560665978118777,0.000436315342085436,0,0.0010153553448617458,0.0099103394895792,-0.0008684674394316971,0,-0.012318826280534267,0.2706964313983917,0.015920650213956833,1,0,0,0.9999999403953552,0,0.9999999403953552,0.000002026556785494904,0,0,-0.0000019669532775878906,0.9999999403953552,0,0,0,0,0,1,0.9862239956855774,0.1521356850862503,0.06493787467479706,0,-0.15665729343891144,0.9850709438323975,0.07137217372655869,0,-0.05311017110943794,-0.08056196570396423,0.9953340291976929,0,10.873231887817383,-0.013318000361323357,0.000014999999621068127,1,0.9455428719520569,0.2928670346736908,0.1420464813709259,0,-0.3113619387149811,0.9410170316696167,0.13244400918483734,0,-0.0948796272277832,-0.1694592535495758,0.9809589982032776,0,16.72780990600586,-0.013319999910891056,0,1,0.9978580474853516,-0.0037469156086444855,-0.06531285494565964,0,-0.0013099481584504247,0.997014045715332,-0.07721098512411118,0,0.06540709733963013,0.07713112235069275,0.9948729872703552,0,16.727813720703125,-0.0065910001285374165,0,1,-0.05653200298547745,-0.008309327065944672,0.9983659386634827,0,0.011235733516514301,-0.9999069571495056,-0.007685934193432331,0,0.9983378648757935,0.010782881639897823,0.05662023276090622,0,16.727813720703125,-0.000014999999621068127,5.273279190063477,1,0.92205411195755,-0.059306126087903976,-0.38249170780181885,0,0.09177324920892715,0.9935110807418823,0.06718738377094269,0,0.37602487206459045,-0.09705284982919693,0.9215130805969238,0,17.011240005493164,0,0,1,0.45439431071281433,-0.890800952911377,0,0,0.890800952911377,0.45439431071281433,0,0,0,0,1,0,30.461719512939453,0,0,1,0.930576741695404,-0.36602962017059326,0.0069358800537884235,0,-0.1594301015138626,-0.42223697900772095,-0.8923550844192505,0,0.3295572102069855,0.8292997479438782,-0.4512803852558136,0,23.335853576660156,0,0,1,0.5871046185493469,0.5665210485458374,-0.5782413482666016,0,0.14448411762714386,0.6295053362846375,0.7634447813034058,0,0.7965129017829895,-0.5317682027816772,0.28773194551467896,0,8.067468643188477,2.3141329288482666,-7.4285149574279785,1,0.5577577948570251,0.8158791661262512,0.15247483551502228,0,-0.7993249297142029,0.5774840712547302,-0.1661098450422287,0,-0.22357715666294098,-0.0292278490960598,0.974247932434082,0,13.961370468139648,1.6899869441986084,0.11770199984312057,1,-0.010090927593410015,0.0973648950457573,-0.9951980710029602,0,0.010596715845167637,-0.9951819777488708,-0.09747076779603958,0,-0.999893069267273,-0.01152939535677433,0.009010531939566135,0,16.727813720703125,0.000014999999621068127,-5.273279190063477,1,0.8302521109580994,0.11537755280733109,0.5453159213066101,0,-0.0030536458361893892,0.9792681336402893,-0.20254361629486084,0,-0.5573797225952148,0.166497141122818,0.813392162322998,0,17.011240005493164,0,0,1,0.2675471007823944,-0.9635449647903442,0,0,0.9635449647903442,0.2675471007823944,0,0,0,0,1,0,30.46172332763672,0,0,1,0.991517961025238,-0.096768818795681,0.08676640689373016,0,-0.11663174629211426,-0.36785688996315,0.9225390553474426,0,-0.05735540762543678,-0.9248339533805847,-0.3760231137275696,0,23.335853576660156,0,0,1,0.623808741569519,0.5739652514457703,0.5304980874061584,0,0.11979222297668457,0.6005188822746277,-0.7905860543251038,0,-0.7723429203033447,0.5567238926887512,0.30585232377052307,0,8.067472457885742,2.3141400814056396,7.428515911102295,1,0.7027165293693542,0.6937373876571655,-0.15785732865333557,0,-0.6802117228507996,0.7201402187347412,0.13678282499313354,0,0.20857062935829163,0.011256863363087177,0.9779421091079712,0,13.961372375488281,1.6899869441986084,-0.11770199984312057,1,-0.7044565081596375,0.7097293734550476,-0.00496011832728982,0,0.7074994444847107,0.702764630317688,0.07461506873369217,0,0.05644228681921959,0.04905378073453903,-0.9972000122070312,0,-0.000012999999853491317,0.000014000000192027073,9.454963684082031,1,0.7548220157623291,-0.6559298634529114,0,0,0.6559298634529114,0.7548220157623291,0,0,0,0,1,0,13.568222045898438,0,0,1,0.9787951111793518,0.15904325246810913,0.12909723818302155,0,-0.16041851043701172,0.9870490431785583,0.00025846369680948555,0,-0.12738417088985443,-0.020962564274668694,0.9916320443153381,0,9.601009368896484,0,0,1,-0.9764930009841919,-0.12459851056337357,-0.17588970065116882,0,-0.0918818861246109,0.9787639379501343,-0.18324273824691772,0,0.19498635828495026,-0.1627742499113083,-0.9672049283981323,0,0.000012999999853491317,-0.000012000000424450263,-9.454963684082031,1,0.8793918490409851,-0.4760972559452057,0,0,0.4760974645614624,0.8793922662734985,0,0,0,0,1,0,13.568220138549805,0,0,1,0.7722358107566833,0.6166371703147888,-0.1530040204524994,0,-0.6180156469345093,0.7849234342575073,0.04417635500431061,0,0.14733728766441345,0.06044434756040573,0.9872379302978516,0,9.601009368896484,0,0,1
K0.167,-0.0002925571461673826,-0.0008889234741218388,-0.009956110268831253,0,-0.009949441999197006,0.0009832634823396802,0.00020457120263017714,0,0.0009607627289369702,0.009911758825182915,-0.0009131952538155019,0,-0.013263657689094543,0.2640385329723358,0.015776939690113068,1,0,0,0.9999999403953552,0,0.9999999403953552,0.000002026556785494904,0,0,-0.0000019669532775878906,0.9999999403953552,0,0,0,0,0,1,0.9861250519752502,0.15150462090969086,0.06784696131944656,0,-0.15664438903331757,0.9845529198646545,0.0782151147723198,0,-0.05494898930191994,-0.08775775879621506,0.9946249723434448,0,10.873231887817383,-0.013318000361323357,0.000014999999621068127,1,0.9450109601020813,0.29085901379585266,0.1495130956172943,0,-0.31185904145240784,0.9391239285469055,0.1441851258277893,0,-0.09847383946180344,-0.18288365006446838,0.9781901240348816,0,16.72780990600586,-0.013319999910891056,0,1,0.9980019927024841,-0.00229774322360754,-0.06314605474472046,0,-0.0028837157879024744,0.9966409802436829,-0.08184166997671127,0,0.0631219893693924,0.08186023682355881,0.9946429133415222,0,16.727813720703125,-0.0065910001285374165,0,1,-0.07504314184188843,-0.013424460776150227,0.9970899224281311,0,0.011889486573636532,-0.9998499751091003,-0.012566792778670788,0,0.997109055519104,0.010911835357546806,0.07519153505563736,0,16.727813720703125,-0.000014999999621068127,5.273279190063477,1,0.9321390390396118,0.016944708302617073,-0.3617028594017029,0,0.0176690686494112,0.9955859780311584,0.0921749472618103,0,0.3616684079170227,-0.09231088310480118,0.9277257919311523,0,17.011240005493164,0,0,1,0.48191776871681213,-0.8762171268463135,0,0,0.8762171268463135,0.48191776871681213,0,0,0,0,1,0,30.461719512939453,0,0,1,0.907155454158783,-0.41933897137641907,0.034990787506103516,0,-0.16897346079349518,-0.4391675591468811,-0.8823720812797546,0,0.38537946343421936,0.7945352792739868,-0.4692499041557312,0,23.335853576660156,0,0,1,0.5779898166656494,0.5643900632858276,-0.5894002318382263,0,0.15013493597507477,0.6363908648490906,0.7566150426864624,0,0.8021146655082703,-0.5258051156997681,0.2830926775932312,0,8.067468643188477,2.3141329288482666,-7.4285149574279785,1,0.544951319694519,0.8246137499809265,0.1517890840768814,0,-0.8078131079673767,0.5648559331893921,-0.16845203936100006,0,-0.2246468961238861,-0.030819041654467583,0.9739530086517334,0,13.961370468139648,1.6899869441986084,0.11770199984312057,1,0.001443619024939835,0.11392925679683685,-0.9934879541397095,0,0.010654584504663944,-0.9934340119361877,-0.113907590508461,0,-0.9999420046806335,-0.010420761071145535,-0.00264800526201725,0,16.727813720703125,0.000014999999621068127,-5.273279190063477,1,0.8436048030853271,0.07191424816846848,0.532126247882843,0,0.028756575658917427,0.9835180640220642,-0.17850680649280548,0,-0.5361931324005127,0.1658913940191269,0.8276328444480896,0,17.011240005493164,0,0,1,0.2751959562301636,-0.9613879323005676,0,0,0.9613879323005676,0.2751959562301636,0,0,0,0,1,0,30.46172332763672,0,0,1,0.9934660196304321,-0.08758443593978882,0.07317899912595749,0,-0.10035248845815659,-0.36491820216178894,0.9256160259246826,0,-0.054365165531635284,-0.9269111156463623,-0.3713228702545166,0,23.335853576660156,0,0,1,0.6238080859184265,0.5739651322364807,0.5304977893829346,0,0.11979221552610397,0.6005187630653381,-0.7905861139297485,0,-0.772343099117279,0.5567237138748169,0.3058520555496216,0,8.067472457885742,2.3141400814056396,7.428515911102295,1,0.7377187013626099,0.6562773585319519,-0.1583402305841446,0,-0.6435633301734924,0.7544876337051392,0.12873832881450653,0,0.2039538472890854,0.006929286289960146,0.9789559841156006,0,13.961372375488281,1.6899869441986084,-0.11770199984312057,1,-0.6722131967544556,0.7400738000869751,0.020530838519334793,0,0.739820659160614,0.6704103350639343,0.05670031160116196,0,0.02819831483066082,0.053303804248571396,-0.9981799125671387,0,-0.000012999999853491317,0.000014000000192027073,9.454963684082031,1,0.8385472893714905,-0.5448279976844788,0,0,0.5448279976844788,0.8385472893714905,0,0,0,0,1,0,13.568222045898438,0,0,1,0.9839969873428345,0.10105457901954651,0.14675895869731903,0,-0.10279147326946259,0.99469393491745,0.0042799534276127815,0,-0.14554770290851593,-0.019297026097774506,0.9891630411148071,0,9.601009368896484,0,0,1,-0.9666619896888733,-0.1886194497346878,-0.17316918075084686,0,-0.15554741024971008,0.9697731137275696,-0.18800285458564758,0,0.2033957690000534,-0.1547991782426834,-0.9667818546295166,0,0.000012999999853491317,-0.000012000000424450263,-9.454963684082031,1,0.8876649737358093,-0.46048909425735474,0,0,0.46048909425735474,0.8876649737358093,0,0,0,0,1,0,13.568220138549805,0,0,1,0.7353576421737671,0.6569222807884216,-0.1664397120475769,0,-0.6583898663520813,0.7507250308990479,0.05416996404528618,0,0.1605360209941864,0.06974796950817108,0.9845630526542664,0,9.601009368896484,0,0,1
