1.800,30,53,30
B0,Bip01,-1,0.00041006700485013425,0.004396082367748022,0.9999899864196777,0,0.9998300075531006,-0.018435781821608543,-0.00032894650939852,0,0.018434157595038414,0.9998199343681335,-0.0044028847478330135,0,-0.044151000678539276,23.253890991210938,1.140064001083374,1
B1,Bip01_Pelvis,0,5.960367843726999e-8,-5.9604584379258085e-8,1,0,1,0.000002026556785494904,-5.9604584379258085e-8,0,-0.0000020265579223632812,1,5.960367843726999e-8,0,0,0,0,1
B2,Bip01_Spine,1,0.9588260650634766,0.2837038040161133,-0.012833421118557453,0,-0.2836681604385376,0.9589118957519531,0.004559138789772987,0,0.013599558733403683,-0.0007309879292733967,0.9999070167541504,0,10.873231887817383,-0.013318000361323357,0.000014999999621068127,1
B3,Bip01_Spine1,2,0.8395339846611023,0.542755126953125,-0.02450130134820938,0,-0.5425858497619629,0.8398891091346741,0.013666587881743908,0,0.027995968237519264,0.0018204922089353204,0.9996060132980347,0,16.72780990600586,-0.013319999910891056,0,1
B4,Bip01_Neck,3,0.9986459612846375,0.051979921758174896,-0.0022353280801326036,0,-0.05200906842947006,0.9985189437866211,-0.015974679961800575,0,0.0014016542118042707,0.016069302335381508,0.9998700022697449,0,16.727813720703125,-0.0065910001285374165,0,1
B5,Bip01_Head,4,1,-0.000797999557107687,0,0,0.000797999557107687,1,0,0,0,0,1,0,8.276847839355469,0,0,1
B6,Bip01_L_Clavicle,3,0.19700008630752563,0.3797120451927185,0.903886079788208,0,0.3322088122367859,-0.8932650685310364,0.3028460443019867,0,0.9224039316177368,0.24061816930770874,-0.30211693048477173,0,16.727813720703125,-0.000014999999621068127,5.273279190063477,1
B7,Bip01_L_UpperArm,6,0.7556590437889099,-0.49842798709869385,-0.4249119162559509,0,0.20661187171936035,0.7970330119132996,-0.5674950480461121,0,0.6215240359306335,0.34104079008102417,0.7052660584449768,0,17.011240005493164,0,0,1
B8,Bip01_L_Forearm,7,0.5913159847259521,-0.8064399361610413,0,0,0.8064399361610413,0.5913159847259521,0,0,0,0,1,0,30.461719512939453,0,0,1
B9,Bip01_L_Hand,8,0.955955982208252,-0.23787806928157806,0.17193475365638733,0,-0.09362480044364929,-0.8023269772529602,-0.5894958972930908,0,0.27817612886428833,0.54743492603302,-0.7892608642578125,0,23.335853576660156,0,0,1
B10,Bip01_L_Finger0,9,0.5562341809272766,0.8270758390426636,0.08093190938234329,0,-0.07226400077342987,-0.04888010770082474,0.9961869120597839,0,0.8278781175613403,-0.5599616169929504,0.032579053193330765,0,8.067468643188477,2.3141329288482666,-7.4285149574279785,1
B11,Bip01_L_Finger01,10,0.9813929796218872,0.1076207309961319,0.15901106595993042,0,-0.005578204989433289,0.843782901763916,-0.5366552472114563,0,-0.19192609190940857,0.5257828235626221,0.8286831378936768,0,4.314496994018555,0.000003999999989900971,-0.000003999999989900971,1
B12,Bip01_L_Finger1,9,0.8395991921424866,0.5200347304344177,0.15696291625499725,0,-0.5099582672119141,0.8541268110275269,-0.10203122347593307,0,-0.18712596595287323,0.005620798096060753,0.9823199510574341,0,13.961370468139648,1.6899869441986084,0.11770199984312057,1
B13,Bip01_L_Finger11,12,0.9393730163574219,0.3428969979286194,0,0,-0.3428969979286194,0.9393730163574219,0,0,0,0,1,0,5.817234039306641,0,0,1
B14,Bip01_R_Clavicle,3,0.21992099285125732,0.30666616559028625,-0.9260619282722473,0,0.30477622151374817,-0.9233831763267517,-0.2334008514881134,0,-0.9266861081123352,-0.23091188073158264,-0.29653599858283997,0,16.727813720703125,0.000014999999621068127,-5.273279190063477,1
B15,Bip01_R_UpperArm,14,0.684755802154541,-0.42358043789863586,0.593034029006958,0,0.09709382802248001,0.8595142960548401,0.5018057227134705,0,-0.7222757935523987,-0.2860342264175415,0.6296839714050293,0,17.011240005493164,0,0,1
B16,Bip01_R_Forearm,15,0.4090230166912079,-0.9125239849090576,0,0,0.9125239849090576,0.4090230166912079,0,0,0,0,1,0,30.46172332763672,0,0,1
B17,Bip01_R_Hand,16,0.9916449785232544,-0.013531115837395191,0.1282840371131897,0,-0.12757594883441925,-0.25001782178878784,0.959800124168396,0,0.01908612810075283,-0.9681469798088074,-0.24965518712997437,0,23.335853576660156,0,0,1
B18,Bip01_R_Finger0,17,0.42873090505599976,0.9016619920730591,-0.056536123156547546,0,0.03845491632819176,-0.08073579519987106,-0.995993971824646,0,-0.9026139378547668,0.424839049577713,-0.06928720325231552,0,8.067472457885742,2.3141400814056396,7.428515911102295,1
B19,Bip01_R_Finger01,18,0.9813929796218872,0.10762068629264832,-0.15901099145412445,0,-0.0055782608687877655,0.8437830805778503,0.5366550087928772,0,0.19192615151405334,-0.5257829427719116,0.8286839127540588,0,4.314495086669922,0.000003999999989900971,0.000003999999989900971,1
B20,Bip01_R_Finger1,17,0.6985741257667542,0.6967669129371643,-0.16282083094120026,0,-0.7147431373596191,0.6687679290771484,-0.20467707514762878,0,-0.033722832798957825,0.2593570649623871,0.965192973613739,0,13.961372375488281,1.6899869441986084,-0.11770199984312057,1
B21,Bip01_R_Finger11,20,0.9393730163574219,0.3428969979286194,0,0,-0.3428969979286194,0.9393730163574219,0,0,0,0,1,0,5.817235946655273,0,0,1
B22,Bip01_L_Thigh,1,-0.6856260299682617,0.4854990243911743,0.5424087643623352,0,0.5720041990280151,0.8201758861541748,-0.011086767539381981,0,-0.45025333762168884,0.3026588559150696,-0.8400416970252991,0,-0.000012999999853491317,0.000014000000192027073,9.454963684082031,1
B23,Bip01_L_Calf,22,0.43396705389022827,-0.9009290337562561,0,0,0.9009290337562561,0.43396705389022827,0,0,0,0,1,0,13.568222045898438,0,-9.999999974752427e-7,1
B24,Bip01_L_Foot,23,0.8771520853042603,0.4040249288082123,0.25955286622047424,0,-0.4439011216163635,0.8883639574050903,0.11730807274580002,0,-0.18318215012550354,-0.21811296045780182,0.9585779905319214,0,9.601009368896484,0,9.999999974752427e-7,1
B25,Bip01_L_Toe0,24,3.422854177870249e-8,0.9999999403953552,0,0,-0.9999999403953552,3.422854177870249e-8,0,0,0,0,1,0,4.950390815734863,6.207172870635986,-9.999999974752427e-7,1
B26,Bip01_R_Thigh,1,-0.7540003061294556,0.4557759165763855,-0.47302475571632385,0,0.5804851651191711,0.7993679046630859,-0.15507300198078156,0,0.3074422776699066,-0.3915090262889862,-0.8672949075698853,0,0.000012999999853491317,-0.000012000000424450263,-9.454963684082031,1
B27,Bip01_R_Calf,26,0.4602680802345276,-0.8877800107002258,0,0,0.8877800107002258,0.4602680802345276,0,0,0,0,1,0,13.568220138549805,0,-9.999999974752427e-7,1
B28,Bip01_R_Foot,27,0.8431990742683411,0.41435980796813965,-0.34252190589904785,0,-0.44839414954185486,0.8935429453849792,-0.02288096398115158,0,0.2965770661830902,0.17287799715995789,0.9392309188842773,0,9.601009368896484,0,-9.999999974752427e-7,1
B29,Bip01_R_Toe0,28,3.422854177870249e-8,0.9999999403953552,0,0,-0.9999999403953552,3.422854177870249e-8,0,0,0,0,1,0,4.950390815734863,6.207172870635986,-9.999999974752427e-7,1
@23,0,1,2,3,4,6,7,8,9,10,12,14,15,16,17,18,20,22,23,24,26,27,28
K0,0.000007038927833491471,0.00004396258373162709,-0.0099998963996768,0,-0.00999829638749361,-0.0001843578356783837,-0.000007848377208574675,0,-0.00018439049017615616,0.00999819952994585,0.00004382522820378654,0,0.0004542130627669394,0.23253890872001648,-0.011400138959288597,1,0,0,0.9999999403953552,0,0.9999999403953552,0.000002026556785494904,0,0,-0.0000019669532775878906,0.9999999403953552,0,0,0,0,0,1,0.9588260650634766,0.2837038040161133,-0.012833439745008945,0,-0.2836681604385376,0.9589118957519531,0.004559076391160488,0,0.013599559664726257,-0.0007309228531084955,0.9999070167541504,0,10.873231887817383,-0.013318000361323357,0.000014999999621068127,1,0.8395339250564575,0.542755126953125,-0.02450118027627468,0,-0.5425858497619629,0.8398890495300293,0.013666501268744469,0,0.027995819225907326,0.0018205017549917102,0.9996060132980347,0,16.72780990600586,-0.013319999910891056,0,1,0.9986459612846375,0.051979921758174896,-0.0022353369276970625,0,-0.05200906842947006,0.9985189437866211,-0.01597468927502632,0,0.0014016627101227641,0.016069311648607254,0.9998700022697449,0,16.727813720703125,-0.0065910001285374165,0,1,0.19700005650520325,0.37971213459968567,0.9038859605789185,0,0.3322088122367859,-0.893264889717102,0.30284616351127625,0,0.922403872013092,0.24061816930770874,-0.3021168112754822,0,16.727813720703125,-0.000014999999621068127,5.273279190063477,1,0.7556590437889099,-0.498428076505661,-0.42491188645362854,0,0.20661191642284393,0.7970329523086548,-0.5674951076507568,0,0.6215240359306335,0.34104081988334656,0.7052660584449768,0,17.011240005493164,0,0,1,0.5913159251213074,-0.806439995765686,0,0,0.806439995765686,0.5913159251213074,0,0,0,0,1,0,30.461719512939453,0,0,1,0.955955982208252,-0.23787815868854523,0.17193478345870972,0,-0.09362484514713287,-0.802327036857605,-0.5894959568977356,0,0.2781762182712555,0.5474349856376648,-0.7892608642578125,0,23.335853576660156,0,0,1,0.5562341809272766,0.8270758986473083,0.08093218505382538,0,-0.07226411253213882,-0.04888049140572548,0.9961870312690735,0,0.8278781771659851,-0.5599617958068848,0.03257886320352554,0,8.067468643188477,2.3141329288482666,-7.4285149574279785,1,0.8395991325378418,0.5200347900390625,0.15696296095848083,0,-0.5099583268165588,0.8541268110275269,-0.10203123092651367,0,-0.1871260106563568,0.005620769690722227,0.9823199510574341,0,13.961370468139648,1.6899869441986084,0.11770199984312057,1,0.21992121636867523,0.3066660165786743,-0.9260618090629578,0,0.30477601289749146,-0.9233830571174622,-0.23340073227882385,0,-0.9266860485076904,-0.2309117168188095,-0.2965359091758728,0,16.727813720703125,0.000014999999621068127,-5.273279190063477,1,0.6847557425498962,-0.4235803782939911,0.5930341482162476,0,0.09709368646144867,0.8595142960548401,0.5018057227134705,0,-0.7222758531570435,-0.2860342860221863,0.6296839118003845,0,17.011240005493164,0,0,1,0.4090230166912079,-0.9125239849090576,0,0,0.9125239849090576,0.4090230166912079,0,0,0,0,1,0,30.46172332763672,0,0,1,0.9916449785232544,-0.013531104661524296,0.12828418612480164,0,-0.1275760978460312,-0.25001785159111023,0.959800124168396,0,0.01908617839217186,-0.9681469798088074,-0.24965518712997437,0,23.335853576660156,0,0,1,0.42873090505599976,0.9016620516777039,-0.056535933166742325,0,0.03845501318573952,-0.0807357057929039,-0.9959940910339355,0,-0.9026139974594116,0.4248391091823578,-0.06928729265928268,0,8.067472457885742,2.3141400814056396,7.428515911102295,1,0.6985740661621094,0.6967669725418091,-0.16282081604003906,0,-0.7147431969642639,0.6687678694725037,-0.204677015542984,0,-0.033722810447216034,0.2593570053577423,0.965192973613739,0,13.961372375488281,1.6899869441986084,-0.11770199984312057,1,-0.685626208782196,0.48549890518188477,0.5424086451530457,0,0.5720040798187256,0.8201760053634644,-0.011086729355156422,0,-0.45025327801704407,0.30265873670578003,-0.8400418162345886,0,-0.000012999999853491317,0.000014000000192027073,9.454963684082031,1,0.43396705389022827,-0.9009290337562561,0,0,0.9009290337562561,0.43396705389022827,0,0,0,0,1,0,13.568222045898438,0,0,1,0.8771520853042603,0.4040249288082123,0.25955286622047424,0,-0.4439011216163635,0.8883639574050903,0.11730805784463882,0,-0.18318215012550354,-0.21811294555664062,0.9585779905319214,0,9.601009368896484,0,0,1,-0.7540003061294556,0.4557758867740631,-0.47302472591400146,0,0.5804851055145264,0.7993679046630859,-0.15507300198078156,0,0.3074422776699066,-0.39150896668434143,-0.8672948479652405,0,0.000012999999853491317,-0.000012000000424450263,-9.454963684082031,1,0.46026796102523804,-0.8877800703048706,0,0,0.8877800703048706,0.46026796102523804,0,0,0,0,1,0,13.568220138549805,0,0,1,0.8431990742683411,0.41435980796813965,-0.34252193570137024,0,-0.44839414954185486,0.8935429453849792,-0.02288098633289337,0,0.2965770661830902,0.17287801206111908,0.9392309188842773,0,9.601009368896484,0,0,1
K0.034,0.00035146280424669385,-0.00008062808774411678,-0.009993496350944042,0,-0.009993807412683964,-0.000015358993550762534,-0.0003513496776577085,0,-0.000012515982234617695,0.00999966636300087,-0.00008111785427900031,0,-0.001386529067531228,0.22931154072284698,-0.009319694712758064,1,0,0,0.9999999403953552,0,0.9999999403953552,0.000002026556785494904,0,0,-0.0000019669532775878906,0.9999999403953552,0,0,0,0,0,1,0.9598963856697083,0.27981939911842346,-0.01731424778699875,0,-0.2800056040287018,0.9599516987800598,-0.009429771453142166,0,0.013982218690216541,0.013899700716137886,0.9998059868812561,0,10.873231887817383,-0.013318000361323357,0.000014999999621068127,1,0.8436674475669861,0.5356210470199585,-0.03654564917087555,0,-0.5363589525222778,0.8438737988471985,-0.01401181984692812,0,0.023334890604019165,0.03142290189862251,0.9992339611053467,0,16.72780990600586,-0.013319999910891056,0,1,0.9993685483932495,0.03131397068500519,0.01678195223212242,0,-0.031201742589473724,0.9994894862174988,-0.006908897776156664,0,-0.016989724710583687,0.006380907259881496,0.9998351335525513,0,16.727813720703125,-0.0065910001285374165,0,1,0.19946038722991943,0.3607933223247528,0.9110670685768127,0,0.32648366689682007,-0.9010956883430481,0.28536733984947205,0,0.9239175319671631,0.24052909016609192,-0.2975260615348816,0,16.727813720703125,-0.000014999999621068127,5.273279190063477,1,0.746193528175354,-0.4865632653236389,-0.45436859130859375,0,0.19768643379211426,0.8136746287345886,-0.5466747879981995,0,0.6357004642486572,0.3181028962135315,0.7033460736274719,0,17.011240005493164,0,0,1,0.49230214953422546,-0.8704248070716858,0,0,0.8704248070716858,0.49230214953422546,0,0,0,0,1,0,30.461719512939453,0,0,1,0.9559559226036072,-0.23787811398506165,0.17193491756916046,0,-0.09362489730119705,-0.8023269772529602,-0.5894949436187744,0,0.27817606925964355,0.5474340319633484,-0.7892608642578125,0,23.335853576660156,0,0,1,0.5554684400558472,0.8277375102043152,0.07940810918807983,0,-0.07161528617143631,-0.04752017930150032,0.996300220489502,0,0.8284481167793274,-0.5590998530387878,0.03288271278142929,0,8.067468643188477,2.3141329288482666,-7.4285149574279785,1,0.8392588496208191,0.5205798745155334,0.15697668492794037,0,-0.5104936361312866,0.8537949919700623,-0.10213103145360947,0,-0.18719318509101868,0.005578775890171528,0.9823073744773865,0,13.961370468139648,1.6899869441986084,0.11770199984312057,1,0.20697081089019775,0.2910451889038086,-0.9340534806251526,0,0.30152392387390137,-0.9272280931472778,-0.22210575640201569,0,-0.9307233095169067,-0.2356700301170349,-0.27966606616973877,0,16.727813720703125,0.000014999999621068127,-5.273279190063477,1,0.6900089383125305,-0.4096197783946991,0.5967397093772888,0,0.0670900046825409,0.8570998311042786,0.510762631893158,0,-0.7206847071647644,-0.312395840883255,0.6188886165618896,0,17.011240005493164,0,0,1,0.3967185914516449,-0.917940080165863,0,0,0.917940080165863,0.3967185914516449,0,0,0,0,1,0,30.46172332763672,0,0,1,0.9908036589622498,-0.039956703782081604,0.1292729675769806,0,-0.13501353561878204,-0.22904527187347412,0.9640066027641296,0,-0.00890915747731924,-0.9725951552391052,-0.23233364522457123,0,23.335853576660156,0,0,1,0.36677733063697815,0.9198033809661865,-0.13941189646720886,0,0.142966166138649,-0.2038038671016693,-0.9685169458389282,0,-0.9192580580711365,0.33529892563819885,-0.20625142753124237,0,8.067472457885742,2.3141400814056396,7.428515911102295,1,0.36936473846435547,0.9066386818885803,-0.2039027214050293,0,-0.9255476593971252,0.339255690574646,-0.16813082993030548,0,-0.08325870335102081,0.25082314014434814,0.9644458293914795,0,13.961372375488281,1.6899869441986084,-0.11770199984312057,1,-0.6892478466033936,0.4889771044254303,0.5346388816833496,0,0.5664607882499695,0.8237640857696533,-0.023137027397751808,0,-0.4517297148704529,0.2869047522544861,-0.8447638154029846,0,-0.000012999999853491317,0.000014000000192027073,9.454963684082031,1,0.40021073818206787,-0.9164236783981323,0,0,0.9164236783981323,0.40021073818206787,0,0,0,0,1,0,13.568222045898438,0,0,1,0.8602028489112854,0.432443767786026,0.2702677249908447,0,-0.47437378764152527,0.8730555772781372,0.1128888726234436,0,-0.1871405392885208,-0.22531506419181824,0.9561440944671631,0,9.601009368896484,0,0,1,-0.7062686085700989,0.5235450267791748,-0.4765348434448242,0,0.6268726587295532,0.7752747535705566,-0.07732755690813065,0,0.328961044549942,-0.3533407747745514,-0.8757485151290894,0,0.000012999999853491317,-0.000012000000424450263,-9.454963684082031,1,0.40985825657844543,-0.9121491312980652,0,0,0.9121491312980652,0.40985825657844543,0,0,0,0,1,0,13.568220138549805,0,0,1,0.8402361273765564,0.41648268699645996,-0.3471963405609131,0,-0.44986939430236816,0.8929209113121033,-0.017599202692508698,0,0.3026890754699707,0.17098048329353333,0.9376271367073059,0,9.601009368896484,0,0,1
K0.068,0.0005813052412122488,-0.00020201641018502414,-0.009981045499444008,0,-0.00998225249350071,0.00011741284106392413,-0.0005837517674081028,0,0.00012898314162157476,0.009997265413403511,-0.000194832420675084,0,-0.0033199104946106672,0.22583827376365662,-0.007570468820631504,1,0,0,0.9999999403953552,0,0.9999999403953552,0.000002026556785494904,0,0,-0.0000019669532775878906,0.9999999403953552,0,0,0,0,0,1,0.9610975980758667,0.2755109965801239,-0.01962115615606308,0,-0.27591830492019653,0.9609189033508301,-0.02246045507490635,0,0.01266623754054308,0.02700052410364151,0.9995552897453308,0,10.873231887817383,-0.013318000361323357,0.000014999999621068127,1,0.8483269214630127,0.5276308655738831,-0.0441213957965374,0,-0.5292266607284546,0.8475242853164673,-0.04028209671378136,0,0.016139870509505272,0.05752257630228996,0.9982134699821472,0,16.72780990600586,-0.013319999910891056,0,1,0.9986363053321838,0.015116059221327305,0.0499638170003891,0,-0.01519988477230072,0.9998840093612671,0.001297959010116756,0,-0.049938417971134186,-0.00205563404597342,0.9987506866455078,0,16.727813720703125,-0.0065910001285374165,0,1,0.18843340873718262,0.33560022711753845,0.9229652285575867,0,0.3130568861961365,-0.9113008379936218,0.2674449682235718,0,0.9308539032936096,0.23854510486125946,-0.2767815589904785,0,16.727813720703125,-0.000014999999621068127,5.273279190063477,1,0.7339533567428589,-0.4881509244441986,-0.47225096821784973,0,0.1997838318347931,0.8197078704833984,-0.5368102192878723,0,0.649152398109436,0.29964563250541687,0.6991521120071411,0,17.011240005493164,0,0,1,0.4074975252151489,-0.9132062196731567,0,0,0.9132062196731567,0.4074975252151489,0,0,0,0,1,0,30.461719512939453,0,0,1,0.9559560418128967,-0.23787850141525269,0.17193414270877838,0,-0.09362547844648361,-0.8023268580436707,-0.5894959568977356,0,0.27817589044570923,0.5474349856376648,-0.789260983467102,0,23.335853576660156,0,0,1,0.5534423589706421,0.8294674754142761,0.0754028856754303,0,-0.06991314142942429,-0.043946780264377594,0.9965846538543701,0,0.8299484848976135,-0.5568238496780396,0.033668696880340576,0,8.067468643188477,2.3141329288482666,-7.4285149574279785,1,0.8383616209030151,0.5220128297805786,0.15701211988925934,0,-0.5119009017944336,0.8529202938079834,-0.10239464044570923,0,-0.18737004697322845,0.005469087045639753,0.9822741150856018,0,13.961370468139648,1.6899869441986084,0.11770199984312057,1,0.1704876720905304,0.27667221426963806,-0.9457200169563293,0,0.28849196434020996,-0.9317294359207153,-0.22057193517684937,0,-0.9421818256378174,-0.23522794246673584,-0.2386663407087326,0,16.727813720703125,0.000014999999621068127,-5.273279190063477,1,0.6982458829879761,-0.35958585143089294,0.6189910769462585,0,0.015118704177439213,0.8718993663787842,0.48945146799087524,0,-0.7156978845596313,-0.3323991894721985,0.6142367720603943,0,17.011240005493164,0,0,1,0.3713224530220032,-0.9285039305686951,0,0,0.9285039305686951,0.3713224530220032,0,0,0,0,1,0,30.46172332763672,0,0,1,0.989619791507721,-0.06169522926211357,0.12979426980018616,0,-0.140088751912117,-0.21263740956783295,0.9670372009277344,0,-0.03206245228648186,-0.9751816391944885,-0.21907296776771545,0,23.335853576660156,0,0,1,0.32839611172676086,0.9234086275100708,-0.198679119348526,0,0.26630428433418274,-0.2923282980918884,-0.9184917211532593,0,-0.906221866607666,0.24871981143951416,-0.341906875371933,0,8.067472457885742,2.3141400814056396,7.428515911102295,1,0.049620214849710464,0.9733558893203735,-0.22386401891708374,0,-0.9908909797668457,0.019881509244441986,-0.13318994641304016,0,-0.12519049644470215,0.22843383252620697,0.965476393699646,0,13.961372375488281,1.6899869441986084,-0.11770199984312057,1,-0.6875808238983154,0.5035920739173889,0.5230956673622131,0,0.5670738816261292,0.8223639130592346,-0.04631442576646805,0,-0.45349806547164917,0.2647886872291565,-0.8510146141052246,0,-0.000012999999853491317,0.000014000000192027073,9.454963684082031,1,0.3586843013763428,-0.9334590435028076,0,0,0.9334590435028076,0.3586843013763428,0,0,0,0,1,0,13.568222045898438,0,0,1,0.8416486978530884,0.4607101082801819,0.28173407912254333,0,-0.5049116611480713,0.8563961982727051,0.10793117433786392,0,-0.191551074385643,-0.23309104144573212,0.9534029960632324,0,9.601009368896484,0,0,1,-0.656005859375,0.5901328921318054,-0.47053253650665283,0,0.6742973327636719,0.7383260726928711,-0.014095762744545937,0,0.339087575674057,-0.3265252709388733,-0.8822699189186096,0,0.000012999999853491317,-0.000012000000424450263,-9.454963684082031,1,0.3378922641277313,-0.9411848783493042,0,0,0.9411848783493042,0.3378922641277313,0,0,0,0,1,0,13.568220138549805,0,0,1,0.8415306210517883,0.4396400451660156,-0.31391453742980957,0,-0.4671010673046112,0.8840931057929993,-0.014007257297635078,0,0.2713715434074402,0.15841735899448395,0.9493477940559387,0,9.601009368896484,0,0,1
K0.102,0.0006155733717605472,-0.0003094095445703715,-0.009976236149668694,0,-0.00997875351458788,0.0001944440446095541,-0.0006217595655471087,0,0.00021321955136954784,0.009993316605687141,-0.00029678302234970033,0,-0.0035906974226236343,0.22133132815361023,-0.0062499442137777805,1,0,0,0.9999999403953552,0,0.9999999403953552,0.000002026556785494904,0,0,-0.0000019669532775878906,0.9999999403953552,0,0,0,0,0,1,0.962336540222168,0.27122068405151367,-0.018640773370862007,0,-0.271728515625,0.9617435336112976,-0.0348452590405941,0,0.008476882241666317,0.038598060607910156,0.9992185235023499,0,10.873231887817383,-0.013318000361323357,0.000014999999621068127,1,0.8531263470649719,0.5197378993034363,-0.04525653272867203,0,-0.5216866135597229,0.8506042957305908,-0.06569869071245193,0,0.004349297843873501,0.07965896278619766,0.9968125820159912,0,16.72780990600586,-0.013319999910891056,0,1,0.9949447512626648,0.002805273747071624,0.10038295388221741,0,-0.0034998131450265646,0.9999710321426392,0.006743458099663258,0,-0.10036115348339081,-0.007060691714286804,0.9949260354042053,0,16.727813720703125,-0.0065910001285374165,0,1,0.16144722700119019,0.30356547236442566,0.939032793045044,0,0.29280707240104675,-0.9234045743942261,0.2481711506843567,0,0.9424426555633545,0.2348887175321579,-0.23796702921390533,0,16.727813720703125,-0.000014999999621068127,5.273279190063477,1,0.7190818786621094,-0.5040120482444763,-0.4784279465675354,0,0.21264570951461792,0.815022885799408,-0.538998007774353,0,0.6615913510322571,0.28584814071655273,0.6932443976402283,0,17.011240005493164,0,0,1,0.34491628408432007,-0.9386337995529175,0,0,0.9386337995529175,0.34491628408432007,0,0,0,0,1,0,30.461719512939453,0,0,1,0.9559559226036072,-0.23787818849086761,0.17193476855754852,0,-0.09362487494945526,-0.802327036857605,-0.5894959568977356,0,0.2781762182712555,0.5474349856376648,-0.7892609238624573,0,23.335853576660156,0,0,1,0.5502296090126038,0.8321464657783508,0.06913749873638153,0,-0.06726227700710297,-0.03835885599255562,0.9969975352287292,0,0.8323002457618713,-0.5532280206680298,0.03486591577529907,0,8.067468643188477,2.3141329288482666,-7.4285149574279785,1,0.8369502425193787,0.5242557525634766,0.15706810355186462,0,-0.5141035318374634,0.8515440821647644,-0.10280772298574448,0,-0.18764805793762207,0.005295684561133385,0.982222318649292,0,13.961370468139648,1.6899869441986084,0.11770199984312057,1,0.11333782225847244,0.26181265711784363,-0.958440363407135,0,0.26589396595954895,-0.9374635815620422,-0.22463995218276978,0,-0.957316517829895,-0.22938333451747894,-0.17586444318294525,0,16.727813720703125,0.000014999999621068127,-5.273279190063477,1,0.7061788439750671,-0.2647181451320648,0.6566858291625977,0,-0.06305525451898575,0.90027916431427,0.430721253156662,0,-0.7052202224731445,-0.34557369351387024,0.6190661787986755,0,17.011240005493164,0,0,1,0.33876973390579224,-0.9408692717552185,0,0,0.9408692717552185,0.33876973390579224,0,0,0,0,1,0,30.46172332763672,0,0,1,0.9886623024940491,-0.07890592515468597,0.12775243818759918,0,-0.14158369600772858,-0.20652025938034058,0.9681443572044373,0,-0.05000888928771019,-0.975256085395813,-0.21535071730613708,0,23.335853576660156,0,0,1,0.3118358254432678,0.9233503937721252,-0.22401604056358337,0,0.3902154266834259,-0.33942970633506775,-0.8558738231658936,0,-0.8663089275360107,0.1794774979352951,-0.46615171432495117,0,8.067472457885742,2.3141400814056396,7.428515911102295,1,-0.18051792681217194,0.9555546045303345,-0.23308520019054413,0,-0.9732320308685303,-0.20780327916145325,-0.09816813468933105,0,-0.14224089682102203,0.20912495255470276,0.9674887657165527,0,13.961372375488281,1.6899869441986084,-0.11770199984312057,1,-0.6717057228088379,0.5348814725875854,0.5125552415847778,0,0.5773278474807739,0.8115084767341614,-0.09026623517274857,0,-0.46422433853149414,0.2352798879146576,-0.8538962602615356,0,-0.000012999999853491317,0.000014000000192027073,9.454963684082031,1,0.3082689940929413,-0.9512991309165955,0,0,0.9512991309165955,0.3082689940929413,0,0,0,0,1,0,13.568222045898438,0,0,1,0.8222932815551758,0.4833677113056183,0.30031633377075195,0,-0.5311231017112732,0.8413660526275635,0.10006052255630493,0,-0.20430992543697357,-0.2417840212583542,0.948577344417572,0,9.601009368896484,0,0,1,-0.6069895029067993,0.64158695936203,-0.46896663308143616,0,0.7148500084877014,0.6986110806465149,0.03052104078233242,0,0.34720730781555176,-0.31671494245529175,-0.8826883435249329,0,0.000012999999853491317,-0.000012000000424450263,-9.454963684082031,1,0.2766319215297699,-0.9609761238098145,0,0,0.9609761238098145,0.2766319215297699,0,0,0,0,1,0,13.568220138549805,0,0,1,0.8350430727005005,0.42479342222213745,-0.3496479392051697,0,-0.455203115940094,0.8903711438179016,-0.0054065207950770855,0,0.3090197443962097,0.163675457239151,0.9368653297424316,0,9.601009368896484,0,0,1
K0.136,0.00040596548933535814,-0.0003919718728866428,-0.00998406670987606,0,-0.009989017620682716,0.00021784180717077106,-0.00041471957229077816,0,0.0002337501646252349,0.009989939630031586,-0.00038269811193458736,0,-0.002693722490221262,0.21709178388118744,-0.005491324234753847,1,0,0,0.9999999403953552,0,0.9999999403953552,0.000002026556785494904,0,0,-0.0000019669532775878906,0.9999999403953552,0,0,0,0,0,1,0.9638795256614685,0.26599422097206116,-0.013526774011552334,0,-0.26633670926094055,0.9627830386161804,-0.04596557095646858,0,0.0007967734709382057,0.047907982021570206,0.9988515377044678,0,10.873231887817383,-0.013318000361323357,0.000014999999621068127,1,0.8590788245201111,0.5104566812515259,-0.03764432296156883,0,-0.511668860912323,0.8545442819595337,-0.08915087580680847,0,-0.013338932767510414,0.0958491638302803,0.9953068494796753,0,16.72780990600586,-0.013319999910891056,0,1,0.9888133406639099,-0.02299090474843979,0.14737728238105774,0,0.022277364507317543,0.9997307062149048,0.006490527186542749,0,-0.14748680591583252,-0.0031347423791885376,0.9890591502189636,0,16.727813720703125,-0.0065910001285374165,0,1,0.13545428216457367,0.2619042694568634,0.95554119348526,0,0.2695656716823578,-0.9377894401550293,0.21882598102092743,0,0.9534075856208801,0.2279401272535324,-0.19762788712978363,0,16.727813720703125,-0.000014999999621068127,5.273279190063477,1,0.7029296159744263,-0.5246649384498596,-0.48022523522377014,0,0.2326483279466629,0.8076408505439758,-0.5418404340744019,0,0.6721343398094177,0.2691521644592285,0.6897771954536438,0,17.011240005493164,0,0,1,0.27784478664398193,-0.9606263637542725,0,0,0.9606263637542725,0.27784478664398193,0,0,0,0,1,0,30.461719512939453,0,0,1,0.9559561014175415,-0.23787866532802582,0.17193466424942017,0,-0.0936252698302269,-0.802327036857605,-0.5894960761070251,0,0.27817636728286743,0.5474349856376648,-0.789260983467102,0,23.335853576660156,0,0,1,0.5458928346633911,0.8356438279151917,0.060834851115942,0,-0.06377367675304413,-0.030956067144870758,0.9974844455718994,0,0.8354243040084839,-0.5483989119529724,0.036393340677022934,0,8.067468643188477,2.3141329288482666,-7.4285149574279785,1,0.8350664973258972,0.5272290706634521,0.15714015066623688,0,-0.5170238614082336,0.8497080206871033,-0.10335669666528702,0,-0.1880159229040146,0.005064511671662331,0.9821528792381287,0,13.961370468139648,1.6899869441986084,0.11770199984312057,1,0.07047179341316223,0.24283713102340698,-0.9675037860870361,0,0.24784472584724426,-0.9437633156776428,-0.21882569789886475,0,-0.9662337899208069,-0.22436971962451935,-0.1266946941614151,0,16.727813720703125,0.000014999999621068127,-5.273279190063477,1,0.6867072582244873,-0.17211565375328064,0.7062642574310303,0,-0.14623397588729858,0.9189963340759277,0.3661428689956665,0,-0.7120738625526428,-0.35471311211586,0.6059128642082214,0,17.011240005493164,0,0,1,0.37122857570648193,-0.9285414218902588,0,0,0.9285414218902588,0.37122857570648193,0,0,0,0,1,0,30.46172332763672,0,0,1,0.9868716597557068,-0.11527153849601746,0.11312630772590637,0,-0.1358698010444641,-0.213851198554039,0.967370867729187,0,-0.08731810003519058,-0.9700409770011902,-0.22670553624629974,0,23.335853576660156,0,0,1,0.30414849519729614,0.9231840372085571,-0.23500174283981323,0,0.4507426619529724,-0.3567900061607361,-0.8182500004768372,0,-0.8392404913902283,0.14294397830963135,-0.524634838104248,0,8.067472457885742,2.3141400814056396,7.428515911102295,1,-0.32305604219436646,0.9160856008529663,-0.2375333160161972,0,-0.9356365203857422,-0.34687671065330505,-0.06527802348136902,0,-0.1421949565410614,0.20115625858306885,0.9691832065582275,0,13.961372375488281,1.6899869441986084,-0.11770199984312057,1,-0.645315945148468,0.5789657235145569,0.4983631372451782,0,0.5963810682296753,0.7895048260688782,-0.14495854079723358,0,-0.47738584876060486,0.2036701738834381,-0.8547637462615967,0,-0.000012999999853491317,0.000014000000192027073,9.454963684082031,1,0.2637861371040344,-0.964580774307251,0,0,0.964580774307251,0.2637861371040344,0,0,0,0,1,0,13.568222045898438,0,0,1,0.8110082745552063,0.49208036065101624,0.31642112135887146,0,-0.5428791046142578,0.8345857858657837,0.09353408217430115,0,-0.21805423498153687,-0.24763526022434235,0.9439958930015564,0,9.601009368896484,0,0,1,-0.5689470171928406,0.6718255877494812,-0.47428861260414124,0,0.7413463592529297,0.6686294078826904,0.05780370905995369,0,0.35595715045928955,-0.31872469186782837,-0.878469705581665,0,0.000012999999853491317,-0.000012000000424450263,-9.454963684082031,1,0.22018396854400635,-0.9754581451416016,0,0,0.9754581451416016,0.22018396854400635,0,0,0,0,1,0,13.568220138549805,0,0,1,0.8239305019378662,0.4003323018550873,-0.40108975768089294,0,-0.43687012791633606,0.8995245099067688,0.0003941517788916826,0,0.36094769835472107,0.17489930987358093,0.916038453578949,0,9.601009368896484,0,0,1
K0.170,-0.00009074769332073629,-0.0004535761254373938,-0.009989295154809952,0,-0.009997871704399586,0.0001889832637971267,0.0000822447836981155,0,0.000185050826985389,0.009987924247980118,-0.0004551946767605841,0,-0.0010503126541152596,0.21342919766902924,-0.005112449638545513,1,0,0,0.9999999403953552,0,0.9999999403953552,0.000002026556785494904,0,0,-0.0000019669532775878906,0.9999999403953552,0,0,0,0,0,1,0.965558648109436,0.2601269781589508,-0.005545853171497583,0,-0.26002898812294006,0.9640160799026489,-0.05529164895415306,0,-0.009036562405526638,0.054829441010951996,0.9984552264213562,0,10.873231887817383,-0.013318000361323357,0.000014999999621068127,1,0.865536093711853,0.5002999305725098,-0.02339307963848114,0,-0.49966901540756226,0.8593582510948181,-0.1087798923254013,0,-0.03431955724954605,0.10584178566932678,0.9937905669212341,0,16.72780990600586,-0.013319999910891056,0,1,0.9812812805175781,-0.05253066122531891,0.18527662754058838,0,0.05370083078742027,0.9985560774803162,-0.0012997270096093416,0,-0.1849408596754074,0.011224908754229546,0.9826855063438416,0,16.727813720703125,-0.0065910001285374165,0,1,0.11734376102685928,0.21811653673648834,0.9688428640365601,0,0.2465309053659439,-0.951441764831543,0.18433980643749237,0,0.9620043635368347,0.21721841394901276,-0.16541823744773865,0,16.727813720703125,-0.000014999999621068127,5.273279190063477,1,0.6837745308876038,-0.55218505859375,-0.47701552510261536,0,0.2595118582248688,0.7950050234794617,-0.5482888221740723,0,0.6819868683815002,0.25111478567123413,0.6869029998779297,0,17.011240005493164,0,0,1,0.21679459512233734,-0.9762169718742371,0,0,0.9762169718742371,0.21679459512233734,0,0,0,0,1,0,30.461719512939453,0,0,1,0.955955982208252,-0.23787815868854523,0.17193478345870972,0,-0.09362484514713287,-0.802327036857605,-0.5894959568977356,0,0.2781762182712555,0.5474349856376648,-0.7892608642578125,0,23.335853576660156,0,0,1,0.5404767990112305,0.8398305773735046,0.05070572718977928,0,-0.0595540888607502,-0.021928155794739723,0.997984766960144,0,0.839248776435852,-0.5424064993858337,0.03816363215446472,0,8.067468643188477,2.3141329288482666,-7.4285149574279785,1,0.8327473402023315,0.5308598875999451,0.15722563862800598,0,-0.5205890536308289,0.8474460244178772,-0.10402826964855194,0,-0.18846477568149567,0.004779323004186153,0.9820688366889954,0,13.961370468139648,1.6899869441986084,0.11770199984312057,1,0.0505303330719471,0.22934190928936005,-0.9720338582992554,0,0.23532560467720032,-0.9486072063446045,-0.21158145368099213,0,-0.9706017374992371,-0.2180529236793518,-0.10190323740243912,0,16.727813720703125,0.000014999999621068127,-5.273279190063477,1,0.6296446919441223,-0.08421126008033752,0.7723058462142944,0,-0.23161981999874115,0.9285491108894348,0.2900826334953308,0,-0.7415523529052734,-0.36153048276901245,0.5651512742042542,0,17.011240005493164,0,0,1,0.4623335301876068,-0.886706531047821,0,0,0.8867064714431763,0.46233347058296204,0,0,0,0,1,0,30.46172332763672,0,0,1,0.98396897315979,-0.15877291560173035,0.08121318370103836,0,-0.11772714555263519,-0.23622755706310272,0.9645394086837769,0,-0.13395801186561584,-0.9586383700370789,-0.2511325776576996,0,23.335853576660156,0,0,1,0.2979882061481476,0.9251783490180969,-0.23504970967769623,0,0.467172771692276,-0.3560788631439209,-0.8092944622039795,0,-0.8324378132820129,0.13135138154029846,-0.5383253693580627,0,8.067472457885742,2.3141400814056396,7.428515911102295,1,-0.40351200103759766,0.8828652501106262,-0.24026262760162354,0,-0.9053636789321899,-0.4232219457626343,-0.03464054688811302,0,-0.13226741552352905,0.20354726910591125,0.9700897336006165,0,13.961372375488281,1.6899869441986084,-0.11770199984312057,1,-0.606777548789978,0.6367126107215881,0.47583407163619995,0,0.6272428631782532,0.7512518763542175,-0.2053966373205185,0,-0.48824968934059143,0.17383337020874023,-0.8552159070968628,0,-0.000012999999853491317,0.000014000000192027073,9.454963684082031,1,0.2300463318824768,-0.9731799364089966,0,0,0.9731799364089966,0.2300463318824768,0,0,0,0,1,0,13.568222045898438,0,0,1,0.813194751739502,0.4826515018939972,0.3252110779285431,0,-0.5351795554161072,0.8397150039672852,0.09198799729347229,0,-0.22868643701076508,-0.24885044991970062,0.9411569833755493,0,9.601009368896484,0,0,1,-0.5543490648269653,0.6751149296760559,-0.48674169182777405,0,0.7472977042198181,0.6612043976783752,0.06600019335746765,0,0.3663932979106903,-0.32715365290641785,-0.8710494637489319,0,0.000012999999853491317,-0.000012000000424450263,-9.454963684082031,1,0.16224533319473267,-0.9867501854896545,0,0,0.9867501854896545,0.16224533319473267,0,0,0,0,1,0,13.568220138549805,0,0,1,0.8061577081680298,0.4167265295982361,-0.4200575649738312,0,-0.45600369572639465,0.8899445533752441,0.007743316702544689,0,0.3770548403263092,0.18530549108982086,0.9074646234512329,0,9.601009368896484,0,0,1
