5.267,30,158,30
B0,Bip01,-1,0.0004100249207112938,0.004396056290715933,0.9999900460243225,0,0.9998300075531006,-0.018416285514831543,-0.00032901944359764457,0,0.018414650112390518,0.9998210072517395,-0.004402883816510439,0,-0.04415399953722954,23.253894805908203,1.1400690078735352,1
B1,Bip01_Pelvis,0,5.960367843726999e-8,-5.9604584379258085e-8,1,0,1,0.000002026556785494904,-5.9604584379258085e-8,0,-0.0000020265579223632812,1,5.960367843726999e-8,0,0,0,0,1
B2,Bip01_Spine,1,0.9588260650634766,0.2837038040161133,-0.012833920307457447,0,-0.2836681604385376,0.9589118957519531,0.004559138789772987,0,0.01360003836452961,-0.0007308460772037506,0.9999070167541504,0,10.873231887817383,-0.013318000361323357,0.000014999999621068127,1
B3,Bip01_Spine1,2,0.8395339846611023,0.542755126953125,-0.024501029402017593,0,-0.5425858497619629,0.8398891091346741,0.013667006976902485,0,0.027995968237519264,0.0018199922051280737,0.9996060132980347,0,16.72780990600586,-0.013319999910891056,0,1
B4,Bip01_Neck,3,0.9986459612846375,0.051979921758174896,-0.0022353280801326036,0,-0.05200906842947006,0.9985189437866211,-0.01597418077290058,0,0.00140168028883636,0.016068803146481514,0.9998700022697449,0,16.727813720703125,-0.0065910001285374165,0,1
B5,Bip01_Head,4,1,-0.000797999557107687,0,0,0.000797999557107687,1,0,0,0,0,1,0,8.276847839355469,0,0,1
B6,Bip01_L_Clavicle,3,0.1979660540819168,0.37996408343315125,0.9035688638687134,0,0.33220911026000977,-0.8932639360427856,0.30284586548805237,0,0.9221970438957214,0.24022087454795837,-0.3030637502670288,0,16.727813720703125,-0.000014999999621068127,5.273279190063477,1
B7,Bip01_L_UpperArm,6,0.758466899394989,-0.49659571051597595,-0.42204344272613525,0,0.20579838752746582,0.7969598174095154,-0.5678930878639221,0,0.6183648109436035,0.34387221932411194,0.7066660523414612,0,17.011240005493164,0,0,1
B8,Bip01_L_Forearm,7,0.5908600091934204,-0.8067739605903625,0,0,0.8067739605903625,0.5908600091934204,0,0,0,0,1,0,30.461719512939453,0,0,1
B9,Bip01_L_Hand,8,0.9571729898452759,-0.23406802117824554,0.170390784740448,0,-0.09162886440753937,-0.8031930923461914,-0.5886300802230835,0,0.2746361196041107,0.5478079915046692,-0.7902420163154602,0,23.335853576660156,0,0,1
B10,Bip01_L_Finger0,9,0.5550700426101685,0.8280030488967896,0.07943481206893921,0,-0.0689149796962738,-0.04939126595854759,0.99639892578125,0,0.8289440870285034,-0.558544933795929,0.02964618057012558,0,8.067468643188477,2.3141329288482666,-7.4285149574279785,1
B11,Bip01_L_Finger01,10,0.9813929796218872,0.1076207309961319,0.15901106595993042,0,-0.005578204989433289,0.843782901763916,-0.5366552472114563,0,-0.19192609190940857,0.5257828235626221,0.8286831378936768,0,4.314496994018555,0.000003999999989900971,-0.000003999999989900971,1
B12,Bip01_L_Finger1,9,0.8395988345146179,0.5200353264808655,0.15696194767951965,0,-0.5099586844444275,0.8541260957717896,-0.10203096270561218,0,-0.18712502717971802,0.0056209685280919075,0.9823200106620789,0,13.961370468139648,1.6899869441986084,0.11770199984312057,1
B13,Bip01_L_Finger11,12,0.9393730163574219,0.3428969979286194,0,0,-0.3428969979286194,0.9393730163574219,0,0,0,0,1,0,5.817234039306641,0,0,1
B14,Bip01_R_Clavicle,3,0.2208908051252365,0.30690792202949524,-0.9257510900497437,0,0.30477631092071533,-0.9233830571174622,-0.23340104520320892,0,-0.9264550805091858,-0.23059074580669403,-0.2975049912929535,0,16.727813720703125,0.000014999999621068127,-5.273279190063477,1
B15,Bip01_R_UpperArm,14,0.6879092454910278,-0.4220336973667145,0.5904809236526489,0,0.09632419794797897,0.8594529032707214,0.5020581483840942,0,-0.7193762063980103,-0.28849291801452637,0.6318777799606323,0,17.011240005493164,0,0,1
B16,Bip01_R_Forearm,15,0.4107849895954132,-0.911732017993927,0,0,0.911732017993927,0.4107849895954132,0,0,0,0,1,0,30.46172332763672,0,0,1
B17,Bip01_R_Hand,16,0.9916419982910156,-0.012804948724806309,0.12838102877140045,0,-0.12749996781349182,-0.2494613081216812,0.9599548578262329,0,0.01973392255604267,-0.9683000445365906,-0.249008908867836,0,23.335853576660156,0,0,1
B18,Bip01_R_Finger0,17,0.4273160696029663,0.9024558663368225,-0.05454820394515991,0,0.04204520583152771,-0.08010482043027878,-0.995898962020874,0,-0.9031239748001099,0.4232698976993561,-0.07217396795749664,0,8.067472457885742,2.3141400814056396,7.428515911102295,1
B19,Bip01_R_Finger01,18,0.9813929796218872,0.10762068629264832,-0.15901099145412445,0,-0.0055782608687877655,0.8437830805778503,0.5366550087928772,0,0.19192615151405334,-0.5257829427719116,0.8286839127540588,0,4.314495086669922,0.000003999999989900971,0.000003999999989900971,1
B20,Bip01_R_Finger1,17,0.6985751390457153,0.6971768140792847,-0.16105100512504578,0,-0.7146801352500916,0.6688239574432373,-0.20471273362636566,0,-0.03500621020793915,0.25810712575912476,0.9654819965362549,0,13.961372375488281,1.6899869441986084,-0.11770199984312057,1
B21,Bip01_R_Finger11,20,0.9393730163574219,0.3428969979286194,0,0,-0.3428969979286194,0.9393730163574219,0,0,0,0,1,0,5.817235946655273,0,0,1
B22,Bip01_L_Thigh,1,-0.6856262683868408,0.4854987859725952,0.54240882396698,0,0.5720041990280151,0.8201759457588196,-0.011086252517998219,0,-0.45025312900543213,0.30265921354293823,-0.8400418162345886,0,-0.000012999999853491317,0.000014000000192027073,9.454963684082031,1
B23,Bip01_L_Calf,22,0.4339689612388611,-0.9009281396865845,0,0,0.9009281396865845,0.4339689612388611,0,0,0,0,1,0,13.568222045898438,0,-9.999999974752427e-7,1
B24,Bip01_L_Foot,23,0.8771530389785767,0.4040238857269287,0.25955307483673096,0,-0.4439000189304352,0.8883649706840515,0.1173076182603836,0,-0.1831827461719513,-0.2181122899055481,0.9585780501365662,0,9.601009368896484,0,9.999999974752427e-7,1
B25,Bip01_L_Toe0,24,3.422854177870249e-8,0.9999999403953552,0,0,-0.9999999403953552,3.422854177870249e-8,0,0,0,0,1,0,4.950390815734863,6.207172870635986,-9.999999974752427e-7,1
B26,Bip01_R_Thigh,1,-0.7540002465248108,0.4557758867740631,-0.473023921251297,0,0.5804849863052368,0.7993680834770203,-0.15507270395755768,0,0.30744192004203796,-0.3915082514286041,-0.86729496717453,0,0.000012999999853491317,-0.000012000000424450263,-9.454963684082031,1
B27,Bip01_R_Calf,26,0.46026700735092163,-0.8877800703048706,0,0,0.8877800703048706,0.46026700735092163,0,0,0,0,1,0,13.568220138549805,0,-9.999999974752427e-7,1
B28,Bip01_R_Foot,27,0.8431988954544067,0.4143601953983307,-0.34252190589904785,0,-0.4483947455883026,0.8935431241989136,-0.022880971431732178,0,0.29657697677612305,0.17287813127040863,0.9392309188842773,0,9.601009368896484,0,-9.999999974752427e-7,1
B29,Bip01_R_Toe0,28,3.422854177870249e-8,0.9999999403953552,0,0,-0.9999999403953552,3.422854177870249e-8,0,0,0,0,1,0,4.950390815734863,6.207172870635986,-9.999999974752427e-7,1
@23,0,1,2,3,4,6,7,8,9,10,12,14,15,16,17,18,20,22,23,24,26,27,28
K0,0.000007044740868877852,0.00004395849828142673,-0.0099998963996768,0,-0.00999829638749361,-0.00018416282546240836,-0.000007853275747038424,0,-0.0001841957273427397,0.009998208843171597,0.000043821204599225894,0,0.00045424309791997075,0.23253893852233887,-0.011400189250707626,1,0,0,0.9999999403953552,0,0.9999999403953552,0.000002026556785494904,0,0,-0.0000019669532775878906,0.9999999403953552,0,0,0,0,0,1,0.9588260650634766,0.2837038040161133,-0.012833940796554089,0,-0.2836681604385376,0.9589118957519531,0.004559149034321308,0,0.0136000607162714,-0.0007308503845706582,0.9999070167541504,0,10.873231887817383,-0.013318000361323357,0.000014999999621068127,1,0.8395339250564575,0.542755126953125,-0.024501033127307892,0,-0.5425858497619629,0.8398890495300293,0.013667001388967037,0,0.027995968237519264,0.0018200016347691417,0.9996060132980347,0,16.72780990600586,-0.013319999910891056,0,1,0.9986459612846375,0.051979921758174896,-0.002235323889181018,0,-0.05200906842947006,0.9985189437866211,-0.01597418822348118,0,0.0014016757486388087,0.01606881059706211,0.9998700022697449,0,16.727813720703125,-0.0065910001285374165,0,1,0.19796611368656158,0.37996402382850647,0.9035689234733582,0,0.3322090208530426,-0.8932641744613647,0.3028458058834076,0,0.922197163105011,0.2402207851409912,-0.30306389927864075,0,16.727813720703125,-0.000014999999621068127,5.273279190063477,1,0.7584670186042786,-0.496595561504364,-0.4220433533191681,0,0.2057984322309494,0.7969599366188049,-0.5678929090499878,0,0.6183645725250244,0.3438721001148224,0.7066662311553955,0,17.011240005493164,0,0,1,0.5908599495887756,-0.8067740201950073,0,0,0.8067740201950073,0.5908599495887756,0,0,0,0,1,0,30.461719512939453,0,0,1,0.9571729898452759,-0.2340680956840515,0.1703907996416092,0,-0.09162890166044235,-0.8031930923461914,-0.5886300802230835,0,0.2746361792087555,0.5478079915046692,-0.7902420163154602,0,23.335853576660156,0,0,1,0.555070161819458,0.8280029296875,0.07943492382764816,0,-0.06891509145498276,-0.04939126595854759,0.9963988661766052,0,0.8289439678192139,-0.5585449934005737,0.029646288603544235,0,8.067468643188477,2.3141329288482666,-7.4285149574279785,1,0.8395988345146179,0.5200353264808655,0.15696194767951965,0,-0.5099586844444275,0.8541260957717896,-0.10203099995851517,0,-0.1871250569820404,0.005621000193059444,0.9823200106620789,0,13.961370468139648,1.6899869441986084,0.11770199984312057,1,0.22089098393917084,0.3069077730178833,-0.9257510900497437,0,0.3047763407230377,-0.9233830571174622,-0.2334008365869522,0,-0.926455020904541,-0.2305908054113388,-0.29750514030456543,0,16.727813720703125,0.000014999999621068127,-5.273279190063477,1,0.6879092454910278,-0.42203372716903687,0.5904808640480042,0,0.09632427990436554,0.8594529032707214,0.5020581483840942,0,-0.7193761467933655,-0.288492888212204,0.6318778395652771,0,17.011240005493164,0,0,1,0.4107849895954132,-0.9117319583892822,0,0,0.9117319583892822,0.4107849895954132,0,0,0,0,1,0,30.46172332763672,0,0,1,0.9916419982910156,-0.012804883532226086,0.1283809393644333,0,-0.12749987840652466,-0.2494611144065857,0.9599549174308777,0,0.019733941182494164,-0.9683000445365906,-0.24900871515274048,0,23.335853576660156,0,0,1,0.4273158311843872,0.9024560451507568,-0.05454831197857857,0,0.042045388370752335,-0.08010505884885788,-0.9958990216255188,0,-0.9031241536140442,0.42326968908309937,-0.07217425107955933,0,8.067472457885742,2.3141400814056396,7.428515911102295,1,0.6985751390457153,0.6971768140792847,-0.16105113923549652,0,-0.7146801352500916,0.6688239574432373,-0.20471277832984924,0,-0.03500613942742348,0.2581072449684143,0.9654819965362549,0,13.961372375488281,1.6899869441986084,-0.11770199984312057,1,-0.6856263279914856,0.4854987561702728,0.54240882396698,0,0.5720041990280151,0.8201759457588196,-0.011086225509643555,0,-0.45025312900543213,0.3026592433452606,-0.8400418162345886,0,-0.000012999999853491317,0.000014000000192027073,9.454963684082031,1,0.4339689612388611,-0.9009281396865845,0,0,0.9009281396865845,0.4339689612388611,0,0,0,0,1,0,13.568222045898438,0,0,1,0.8771529793739319,0.4040239155292511,0.2595531642436981,0,-0.44390007853507996,0.8883649706840515,0.1173076331615448,0,-0.18318282067775726,-0.21811236441135406,0.9585779905319214,0,9.601009368896484,0,0,1,-0.7540000081062317,0.4557758867740631,-0.47302404046058655,0,0.5804850459098816,0.7993680238723755,-0.1550726741552353,0,0.30744197964668274,-0.3915083110332489,-0.8672947883605957,0,0.000012999999853491317,-0.000012000000424450263,-9.454963684082031,1,0.46026700735092163,-0.8877800107002258,0,0,0.8877800107002258,0.46026700735092163,0,0,0,0,1,0,13.568220138549805,0,0,1,0.843198835849762,0.41436025500297546,-0.3425219655036926,0,-0.4483947455883026,0.8935431241989136,-0.022880902513861656,0,0.2965770363807678,0.17287808656692505,0.9392309188842773,0,9.601009368896484,0,0,1
K0.033,0.0000054406382332672365,0.00003814773663179949,-0.009999928995966911,0,-0.00999824795871973,-0.00018694825121201575,-0.000006152713467599824,0,-0.00018697016639634967,0.009998180903494358,0.00003803951767622493,0,0.0004737933340948075,0.23249392211437225,-0.011462979018688202,1,0,0,0.9999999403953552,0,0.9999999403953552,0.000002026556785494904,0,0,-0.0000019669532775878906,0.9999999403953552,0,0,0,0,0,1,0.9588239192962646,0.28371304273605347,-0.012799857184290886,0,-0.28367793560028076,0.9589089751243591,0.004515993408858776,0,0.01355514395982027,-0.0006990058463998139,0.9999079704284668,0,10.873231887817383,-0.013318000361323357,0.000014999999621068127,1,0.8395240306854248,0.5427708625793457,-0.024468399584293365,0,-0.5426041483879089,0.8398788571357727,0.013589738868176937,0,0.027926599606871605,0.0018677425105124712,0.9996079802513123,0,16.72780990600586,-0.013319999910891056,0,1,0.9986299872398376,0.05228504538536072,-0.0022253277711570263,0,-0.05231395363807678,0.9985030293464661,-0.015957225114107132,0,0.001387671916745603,0.016051774844527245,0.9998700022697449,0,16.727813720703125,-0.0065910001285374165,0,1,0.19797691702842712,0.37988001108169556,0.9036020040512085,0,0.33224305510520935,-0.8932850360870361,0.30274903774261475,0,0.9221819639205933,0.24027802050113678,-0.30306217074394226,0,16.727813720703125,-0.000014999999621068127,5.273279190063477,1,0.7587039470672607,-0.4970967173576355,-0.4210263192653656,0,0.205850288271904,0.796134889125824,-0.5690299868583679,0,0.6180567145347595,0.3450569808483124,0.7063582539558411,0,17.011240005493164,0,0,1,0.5907509922981262,-0.8068540692329407,0,0,0.8068540692329407,0.5907509922981262,0,0,0,0,1,0,30.461719512939453,0,0,1,0.9572820067405701,-0.23368984460830688,0.17029304802417755,0,-0.09136012196540833,-0.8032059669494629,-0.5886539220809937,0,0.27434295415878296,0.5479500889778137,-0.7902449369430542,0,23.335853576660156,0,0,1,0.5550704002380371,0.8280028700828552,0.07943465560674667,0,-0.06891537457704544,-0.04939083755016327,0.9963989853858948,0,0.8289438486099243,-0.5585453510284424,0.029646696522831917,0,8.067468643188477,2.3141329288482666,-7.4285149574279785,1,0.8395991325378418,0.5200347900390625,0.15696296095848083,0,-0.5099583268165588,0.8541268110275269,-0.10203123092651367,0,-0.1871260106563568,0.005620769690722227,0.9823199510574341,0,13.961370468139648,1.6899869441986084,0.11770199984312057,1,0.220860093832016,0.30685922503471375,-0.9257739186286926,0,0.3047906756401062,-0.9233890175819397,-0.23335541784763336,0,-0.9264569878578186,-0.23062841594219208,-0.2974676787853241,0,16.727813720703125,0.000014999999621068127,-5.273279190063477,1,0.6878129839897156,-0.4228782653808594,0.5899888873100281,0,0.09687972068786621,0.8589897751808167,0.5027433633804321,0,-0.7193941473960876,-0.2886356711387634,0.6317930817604065,0,17.011240005493164,0,0,1,0.41004806756973267,-0.9120640754699707,0,0,0.9120640754699707,0.41004806756973267,0,0,0,0,1,0,30.46172332763672,0,0,1,0.9927260279655457,-0.013308562338352203,0.11965401470661163,0,-0.11911146342754364,-0.2531398832798004,0.9600690007209778,0,0.01751207746565342,-0.9673380255699158,-0.25288382172584534,0,23.335853576660156,0,0,1,0.4269752502441406,0.9026869535446167,-0.053375184535980225,0,0.04316793382167816,-0.07930631190538406,-0.9959149956703186,0,-0.9032320976257324,0.42292678356170654,-0.07282892614603043,0,8.067472457885742,2.3141400814056396,7.428515911102295,1,0.7097520232200623,0.6868399381637573,-0.1565333604812622,0,-0.7036557793617249,0.6806672215461731,-0.20386485755443573,0,-0.03347538411617279,0.25483912229537964,0.9664039611816406,0,13.961372375488281,1.6899869441986084,-0.11770199984312057,1,-0.6850058436393738,0.4861660599708557,0.5425959229469299,0,0.5726108551025391,0.8197460174560547,-0.011594017967581749,0,-0.45042699575424194,0.3027540147304535,-0.8399139046669006,0,-0.000012999999853491317,0.000014000000192027073,9.454963684082031,1,0.43302401900291443,-0.9013820290565491,0,0,0.9013820290565491,0.43302401900291443,0,0,0,0,1,0,13.568222045898438,0,0,1,0.8767620325088501,0.4047360122203827,0.2597658932209015,0,-0.4446589946746826,0.8879929780960083,0.1172492653131485,0,-0.18321512639522552,-0.2183067351579666,0.9585270881652832,0,9.601009368896484,0,0,1,-0.753906786441803,0.45597609877586365,-0.4729802906513214,0,0.5806587934494019,0.7992520928382874,-0.15502294898033142,0,0.30734366178512573,-0.39151298999786377,-0.8673279881477356,0,0.000012999999853491317,-0.000012000000424450263,-9.454963684082031,1,0.4600989818572998,-0.8878669738769531,0,0,0.8878669738769531,0.4600989818572998,0,0,0,0,1,0,13.568220138549805,0,0,1,0.8429059386253357,0.41497981548309326,-0.34249347448349,0,-0.44892922043800354,0.8932839632034302,-0.022512175142765045,0,0.2966015636920929,0.17273081839084625,0.939250111579895,0,9.601009368896484,0,0,1
K0.067,0.000003579520580387907,0.00003089667370659299,-0.009999950416386127,0,-0.009998200461268425,-0.00018951956008095294,-0.000004163898211118067,0,-0.00018953105609398335,0.009998160414397717,0.00003082385228481144,0,0.0005016866489313543,0.2324657142162323,-0.011529235169291496,1,0,0,0.9999999403953552,0,0.9999999403953552,0.000002026556785494904,0,0,-0.0000019669532775878906,0.9999999403953552,0,0,0,0,0,1,0.9588509202003479,0.2836231589317322,-0.012770935893058777,0,-0.2835889160633087,0.9589360952377319,0.004462155979126692,0,0.013512065634131432,-0.0006568457465618849,0.9999079704284668,0,10.873231887817383,-0.013318000361323357,0.000014999999621068127,1,0.8396261930465698,0.542613685131073,-0.024450024589896202,0,-0.5424492955207825,0.8399798274040222,0.013492904603481293,0,0.027858976274728775,0.001933903549797833,0.9996100068092346,0,16.72780990600586,-0.013319999910891056,0,1,0.9986130595207214,0.05260905623435974,-0.0022289790213108063,0,-0.052637938410043716,0.9984859824180603,-0.015939893200993538,0,0.0013870211550965905,0.016035107895731926,0.9998700022697449,0,16.727813720703125,-0.0065910001285374165,0,1,0.19798500835895538,0.3797069489955902,0.903672993183136,0,0.33231809735298157,-0.8933240175247192,0.30255115032196045,0,0.9221529364585876,0.24040614068508148,-0.30304810404777527,0,16.727813720703125,-0.000014999999621068127,5.273279190063477,1,0.758881688117981,-0.497648149728775,-0.42005330324172974,0,0.20585885643959045,0.7952580451965332,-0.5702518820762634,0,0.6178357005119324,0.34628209471702576,0.7059521675109863,0,17.011240005493164,0,0,1,0.5902889370918274,-0.8071920275688171,0,0,0.8071920275688171,0.5902889370918274,0,0,0,0,1,0,30.461719512939453,0,0,1,0.9574329257011414,-0.2331189066171646,0.17022529244422913,0,-0.09090007841587067,-0.803214967250824,-0.5887130498886108,0,0.2739677131175995,0.5481799244880676,-0.7902151346206665,0,23.335853576660156,0,0,1,0.5550699234008789,0.8280031681060791,0.0794350877404213,0,-0.06891589611768723,-0.04939106106758118,0.9963991045951843,0,0.8289441466331482,-0.558544933795929,0.02964703179895878,0,8.067468643188477,2.3141329288482666,-7.4285149574279785,1,0.8395990133285522,0.5200349688529968,0.15696293115615845,0,-0.509958028793335,0.8541259765625,-0.10203120857477188,0,-0.1871260404586792,0.005620791111141443,0.9823199510574341,0,13.961370468139648,1.6899869441986084,0.11770199984312057,1,0.22082611918449402,0.30678996443748474,-0.9258050322532654,0,0.30480313301086426,-0.9234011769294739,-0.23329070210456848,0,-0.9264611601829529,-0.2306717038154602,-0.297421932220459,0,16.727813720703125,0.000014999999621068127,-5.273279190063477,1,0.6875399351119995,-0.4239722490310669,0.5895220041275024,0,0.09744775295257568,0.858377993106842,0.503678023815155,0,-0.7195779085159302,-0.2888510227203369,0.6314840316772461,0,17.011240005493164,0,0,1,0.40922990441322327,-0.9124310612678528,0,0,0.9124310612678528,0.40922990441322327,0,0,0,0,1,0,30.46172332763672,0,0,1,0.9938899278640747,-0.014028538018465042,0.10947622358798981,0,-0.10938363522291183,-0.25760024785995483,0.9600399136543274,0,0.014733157120645046,-0.9661500453948975,-0.2575610876083374,0,23.335853576660156,0,0,1,0.42694294452667236,0.9027080535888672,-0.05328359082341194,0,0.04326679930090904,-0.07924868166446686,-0.9959160685539246,0,-0.903242826461792,0.42289331555366516,-0.07289184629917145,0,8.067472457885742,2.3141400814056396,7.428515911102295,1,0.721396803855896,0.6757131218910217,-0.1516513228416443,0,-0.6917811632156372,0.6930097341537476,-0.2029191553592682,0,-0.032019298523664474,0.251294881105423,0.9673810601234436,0,13.961372375488281,1.6899869441986084,-0.11770199984312057,1,-0.6843677759170532,0.4868564009666443,0.5427817702293396,0,0.5732216238975525,0.8193102478981018,-0.012144718319177628,0,-0.45061925053596497,0.3028227388858795,-0.8397858142852783,0,-0.000012999999853491317,0.000014000000192027073,9.454963684082031,1,0.4323429465293884,-0.9017090201377869,0,0,0.9017090201377869,0.4323429465293884,0,0,0,0,1,0,13.568222045898438,0,0,1,0.8764259219169617,0.40531012415885925,0.26000306010246277,0,-0.44526687264442444,0.8877081274986267,0.11709994822740555,0,-0.18334494531154633,-0.2184000462293625,0.9584810137748718,0,9.601009368896484,0,0,1,-0.7538611888885498,0.4561597406864166,-0.47287681698799133,0,0.5808162093162537,0.7991297841072083,-0.15505927801132202,0,0.3071581721305847,-0.39154770970344543,-0.8673779964447021,0,0.000012999999853491317,-0.000012000000424450263,-9.454963684082031,1,0.46015700697898865,-0.8878370523452759,0,0,0.8878370523452759,0.46015700697898865,0,0,0,0,1,0,13.568220138549805,0,0,1,0.842663049697876,0.4155483543872833,-0.34240052103996277,0,-0.44937369227409363,0.893071174621582,-0.022068707272410393,0,0.2966174781322479,0.17246229946613312,0.9392947554588318,0,9.601009368896484,0,0,1
K0.100,0.0000019966382751590572,0.000022612402972299606,-0.009999973699450493,0,-0.009998162277042866,-0.00019145266560371965,-0.0000024286898678838043,0,-0.00019145717669744045,0.009998139925301075,0.000022570538931176998,0,0.0005360566428862512,0.23245522379875183,-0.011600768193602562,1,0,0,0.9999999403953552,0,0.9999999403953552,0.000002026556785494904,0,0,-0.0000019669532775878906,0.9999999403953552,0,0,0,0,0,1,0.9589110612869263,0.2834218740463257,-0.01274988241493702,0,-0.2833881676197052,0.9589949250221252,0.004399978090077639,0,0.01347411796450615,-0.0006060219602659345,0.999908983707428,0,10.873231887817383,-0.013318000361323357,0.000014999999621068127,1,0.8398560881614685,0.5422587990760803,-0.024445373564958572,0,-0.5420971512794495,0.840208888053894,0.013378094881772995,0,0.027793623507022858,0.002016095444560051,0.999612033367157,0,16.72780990600586,-0.013319999910891056,0,1,0.9985940456390381,0.05295395851135254,-0.0022428305819630623,0,-0.05298303812742233,0.9984679818153381,-0.015923768281936646,0,0.0013961696531623602,0.01602023094892502,0.9998710751533508,0,16.727813720703125,-0.0065910001285374165,0,1,0.19799135625362396,0.3794538080692291,0.9037779569625854,0,0.3324202001094818,-0.8933828473091125,0.30226588249206543,0,0.9221150279045105,0.24058787524700165,-0.3030198812484741,0,16.727813720703125,-0.000014999999621068127,5.273279190063477,1,0.7589348554611206,-0.49835005402565,-0.4191250801086426,0,0.20601093769073486,0.7943480014801025,-0.5714630484580994,0,0.6177199482917786,0.34735894203186035,0.7055241465568542,0,17.011240005493164,0,0,1,0.5898180603981018,-0.8075370788574219,0,0,0.8075370788574219,0.5898180603981018,0,0,0,0,1,0,30.461719512939453,0,0,1,0.9575690031051636,-0.23256772756576538,0.17021621763706207,0,-0.0904182568192482,-0.803216814994812,-0.5887840986251831,0,0.2736527919769287,0.5484108924865723,-0.7901641130447388,0,23.335853576660156,0,0,1,0.555070161819458,0.8280029296875,0.07943492382764816,0,-0.06891509145498276,-0.04939126595854759,0.9963988661766052,0,0.8289439678192139,-0.5585449934005737,0.029646288603544235,0,8.067468643188477,2.3141329288482666,-7.4285149574279785,1,0.8395992517471313,0.5200347900390625,0.15696246922016144,0,-0.5099583268165588,0.8541268110275269,-0.10203108936548233,0,-0.18712550401687622,0.005620905663818121,0.9823199510574341,0,13.961370468139648,1.6899869441986084,0.11770199984312057,1,0.22075343132019043,0.3067130744457245,-0.9258481860160828,0,0.3048029839992523,-0.9234170317649841,-0.233232319355011,0,-0.9264788627624512,-0.23071430623531342,-0.2973344922065735,0,16.727813720703125,0.000014999999621068127,-5.273279190063477,1,0.6871722936630249,-0.42523860931396484,0.5890378952026367,0,0.09802338480949402,0.8576517701148987,0.5048022866249084,0,-0.7198510766029358,-0.2891467213630676,0.6310381293296814,0,17.011240005493164,0,0,1,0.4084359407424927,-0.9127869606018066,0,0,0.9127869606018066,0.4084359407424927,0,0,0,0,1,0,30.46172332763672,0,0,1,0.9950720071792603,-0.015010416507720947,0.09800982475280762,0,-0.09849942475557327,-0.26292717456817627,0.9597749710083008,0,0.011362819001078606,-0.9646989703178406,-0.2631099820137024,0,23.335853576660156,0,0,1,0.42659732699394226,0.9029428958892822,-0.052051443606615067,0,0.04441254585981369,-0.07839483767747879,-0.9959329962730408,0,-0.9033508896827698,0.4225504994392395,-0.07354500889778137,0,8.067472457885742,2.3141400814056396,7.428515911102295,1,0.7334399223327637,0.6637970209121704,-0.146421879529953,0,-0.6790619492530823,0.7057741284370422,-0.20188499987125397,0,-0.030669884756207466,0.2475000023841858,0.9684020280838013,0,13.961372375488281,1.6899869441986084,-0.11770199984312057,1,-0.6838286519050598,0.4874899983406067,0.5428922176361084,0,0.573732852935791,0.818943977355957,-0.012694895267486572,0,-0.4507867693901062,0.30279386043548584,-0.8397061228752136,0,-0.000012999999853491317,0.000014000000192027073,9.454963684082031,1,0.4319770634174347,-0.9018849730491638,0,0,0.9018849730491638,0.4319770634174347,0,0,0,0,1,0,13.568222045898438,0,0,1,0.8761339783668518,0.40577518939971924,0.26025980710983276,0,-0.4457588493824005,0.8874881267547607,0.1168978288769722,0,-0.18354319036006927,-0.21843117475509644,0.9584359526634216,0,9.601009368896484,0,0,1,-0.7538201808929443,0.4563429057598114,-0.4727659821510315,0,0.5809750556945801,0.799004852771759,-0.15510940551757812,0,0.3069590628147125,-0.39158961176872253,-0.867429256439209,0,0.000012999999853491317,-0.000012000000424450263,-9.454963684082031,1,0.46040797233581543,-0.8877070546150208,0,0,0.8877070546150208,0.46040797233581543,0,0,0,0,1,0,13.568220138549805,0,0,1,0.842456042766571,0.4160318970680237,-0.34232407808303833,0,-0.44973307847976685,0.8929009437561035,-0.021631760522723198,0,0.29666197299957275,0.1721782386302948,0.9393330812454224,0,9.601009368896484,0,0,1
K0.133,0,0.0000144079440360656,-0.009999985806643963,0,-0.009998145513236523,-0.0001923150848597288,0,0,-0.00019231416808906943,0.009998139925301075,0.000014420559637073893,0,0.0005767637048847973,0.2324579805135727,-0.011678504757583141,1,0,0,0.9999999403953552,0,0.9999999403953552,0.000002026556785494904,0,0,-0.0000019669532775878906,0.9999999403953552,0,0,0,0,0,1,0.95899897813797,0.2831228971481323,-0.012742666527628899,0,-0.28309011459350586,0.9590829610824585,0.004334010183811188,0,0.013448333367705345,-0.0005489886971190572,0.999908983707428,0,10.873231887817383,-0.013318000361323357,0.000014999999621068127,1,0.8401930928230286,0.5417348742485046,-0.024461083114147186,0,-0.5415771007537842,0.8405469655990601,0.013255979865789413,0,0.027741918340325356,0.002109980909153819,0.9996129870414734,0,16.72780990600586,-0.013319999910891056,0,1,0.9985749125480652,0.05332571640610695,-0.0022783956956118345,0,-0.05335528776049614,0.9984490275382996,-0.015907056629657745,0,0.0014266063226386905,0.016005946323275566,0.999871015548706,0,16.727813720703125,-0.0065910001285374165,0,1,0.19799686968326569,0.37919002771377563,0.9038869738578796,0,0.33250588178634644,-0.8934488296508789,0.3019755184650421,0,0.9220829010009766,0.2407575398683548,-0.30298298597335815,0,16.727813720703125,-0.000014999999621068127,5.273279190063477,1,0.7588170170783997,-0.4994100034236908,-0.41807398200035095,0,0.2065589725971222,0.793298065662384,-0.5727229118347168,0,0.6176810264587402,0.3482351005077362,0.7051259875297546,0,17.011240005493164,0,0,1,0.5898230075836182,-0.8075330257415771,0,0,0.8075330257415771,0.5898230075836182,0,0,0,0,1,0,30.461719512939453,0,0,1,0.9576671123504639,-0.23220883309841156,0.17015886306762695,0,-0.09013016521930695,-0.8032060861587524,-0.5888429284095764,0,0.27340713143348694,0.5485789775848389,-0.790132999420166,0,23.335853576660156,0,0,1,0.5550692677497864,0.8280028104782104,0.07943546026945114,0,-0.06891598552465439,-0.04939151182770729,0.9963990449905396,0,0.8289443254470825,-0.5585446357727051,0.02964688278734684,0,8.067468643188477,2.3141329288482666,-7.4285149574279785,1,0.8395991325378418,0.5200347900390625,0.15696296095848083,0,-0.5099583268165588,0.8541268110275269,-0.10203123092651367,0,-0.1871260106563568,0.005620769690722227,0.9823199510574341,0,13.961370468139648,1.6899869441986084,0.11770199984312057,1,0.2205946445465088,0.30662232637405396,-0.9259159564971924,0,0.3047715723514557,-0.9234369993209839,-0.23319119215011597,0,-0.9265269041061401,-0.23075219988822937,-0.2971550524234772,0,16.727813720703125,0.000014999999621068127,-5.273279190063477,1,0.6868952512741089,-0.42644116282463074,0.5884916186332703,0,0.09857286512851715,0.8569357395172119,0.5059093832969666,0,-0.7200403213500977,-0.2894975543022156,0.6306608319282532,0,17.011240005493164,0,0,1,0.407772034406662,-0.9130839109420776,0,0,0.9130839109420776,0.407772034406662,0,0,0,0,1,0,30.46172332763672,0,0,1,0.9962199926376343,-0.016348818317055702,0.08530916273593903,0,-0.08655567467212677,-0.26920661330223083,0.9591850638389587,0,0.007284258492290974,-0.9629438519477844,-0.26960423588752747,0,23.335853576660156,0,0,1,0.42506200075149536,0.9039590358734131,-0.046699415892362595,0,0.049424801021814346,-0.07469400763511658,-0.9959810376167297,0,-0.9038138389587402,0.4210453927516937,-0.07642754167318344,0,8.067472457885742,2.3141400814056396,7.428515911102295,1,0.7458119988441467,0.6510929465293884,-0.14086371660232544,0,-0.6655047535896301,0.7188841104507446,-0.20076926052570343,0,-0.02945476956665516,0.24348165094852448,0.9694581031799316,0,13.961372375488281,1.6899869441986084,-0.11770199984312057,1,-0.6834845542907715,0.48808902502059937,0.5427873134613037,0,0.5741199851036072,0.818665087223053,-0.013226686045527458,0,-0.45081663131713867,0.302584707736969,-0.839766263961792,0,-0.000012999999853491317,0.000014000000192027073,9.454963684082031,1,0.43193602561950684,-0.9019039869308472,0,0,0.9019039869308472,0.43193602561950684,0,0,0,0,1,0,13.568222045898438,0,0,1,0.8759320378303528,0.4060699939727783,0.2604808211326599,0,-0.44605398178100586,0.8873760104179382,0.11661592125892639,0,-0.1837901771068573,-0.2183360904455185,0.9584099650382996,0,9.601009368896484,0,0,1,-0.7537549138069153,0.4564179480075836,-0.4727970361709595,0,0.5810770988464355,0.7989269495010376,-0.1551302820444107,0,0.3069259822368622,-0.391661673784256,-0.8674090504646301,0,0.000012999999853491317,-0.000012000000424450263,-9.454963684082031,1,0.4607250690460205,-0.8875430226325989,0,0,0.8875430226325989,0.4607250690460205,0,0,0,0,1,0,13.568220138549805,0,0,1,0.8422160744667053,0.4165460765361786,-0.34228894114494324,0,-0.4501359462738037,0.8927080631256104,-0.02120344527065754,0,0.2967320680618286,0.1719345599412918,0.9393559694290161,0,9.601009368896484,0,0,1
K0.167,-0.0000056242297432618216,0.0000075199350249022245,-0.009999990463256836,0,-0.009998150169849396,-0.00019211290054954588,0.0000054788729357824195,0,-0.00019210850587114692,0.009998149238526821,0.0000076267447184363846,0,0.000616014760453254,0.232464998960495,-0.011760947294533253,1,0,0,0.9999999403953552,0,0.9999999403953552,0.000002026556785494904,0,0,-0.0000019669532775878906,0.9999999403953552,0,0,0,0,0,1,0.959102988243103,0.2827698588371277,-0.012752777896821499,0,-0.2827381193637848,0.9591879844665527,0.004271698649972677,0,0.013440221548080444,-0.0004913025768473744,0.9999100565910339,0,10.873231887817383,-0.013318000361323357,0.000014999999621068127,1,0.8405910134315491,0.5411170125007629,-0.02450018934905529,0,-0.5409619212150574,0.8409450650215149,0.013142337091267109,0,0.027714813128113747,0.002206336008384824,0.9996130466461182,0,16.72780990600586,-0.013319999910891056,0,1,0.9985530376434326,0.05372992530465126,-0.002383728977292776,0,-0.0537610724568367,0.9984269738197327,-0.015888918191194534,0,0.0015262692468240857,0.015994083136320114,0.999871015548706,0,16.727813720703125,-0.0065910001285374165,0,1,0.19800284504890442,0.37899014353752136,0.9039700627326965,0,0.33254876732826233,-0.8935049176216125,0.301762193441391,0,0.9220659136772156,0.24086418747901917,-0.3029489815235138,0,16.727813720703125,-0.000014999999621068127,5.273279190063477,1,0.7586212158203125,-0.5007016062736511,-0.4168820083141327,0,0.2073204219341278,0.7921050190925598,-0.5740968585014343,0,0.6176660656929016,0.3490941822528839,0.7047139406204224,0,17.011240005493164,0,0,1,0.5902919173240662,-0.8071900010108948,0,0,0.8071900010108948,0.5902919173240662,0,0,0,0,1,0,30.461719512939453,0,0,1,0.9577619433403015,-0.23194782435894012,0.16997425258159637,0,-0.09000317752361298,-0.803187370300293,-0.5888887047767639,0,0.27311277389526367,0.5487173795700073,-0.7901389002799988,0,23.335853576660156,0,0,1,0.5550699234008789,0.8280020356178284,0.07943462580442429,0,-0.06891510635614395,-0.04939104989171028,0.9963989853858948,0,0.8289438486099243,-0.5585453510284424,0.029646361246705055,0,8.067468643188477,2.3141329288482666,-7.4285149574279785,1,0.8395991325378418,0.5200347900390625,0.15696296095848083,0,-0.5099583268165588,0.8541268110275269,-0.10203123092651367,0,-0.1871260106563568,0.005620769690722227,0.9823199510574341,0,13.961370468139648,1.6899869441986084,0.11770199984312057,1,0.22037525475025177,0.3064897358417511,-0.9260119795799255,0,0.3047143518924713,-0.9234709143638611,-0.2331317812204361,0,-0.9265980124473572,-0.23079276084899902,-0.2969020903110504,0,16.727813720703125,0.000014999999621068127,-5.273279190063477,1,0.6868812441825867,-0.4273850917816162,0.5878236293792725,0,0.09906686842441559,0.8563270568847656,0.5068429112434387,0,-0.7199862599372864,-0.2899070084095001,0.6305345892906189,0,17.011240005493164,0,0,1,0.4073679745197296,-0.9132639765739441,0,0,0.9132639765739441,0.4073679745197296,0,0,0,0,1,0,30.46172332763672,0,0,1,0.9972860217094421,-0.018147319555282593,0.07134898006916046,0,-0.0735834613442421,-0.2765199840068817,0.95818692445755,0,0.0023408967535942793,-0.9608370661735535,-0.2771050035953522,0,23.335853576660156,0,0,1,0.4220872223377228,0.9058078527450562,-0.03681054711341858,0,0.058809421956539154,-0.06787808239459991,-0.9959589838981628,0,-0.9046457409858704,0.41821661591529846,-0.08192047476768494,0,8.067472457885742,2.3141400814056396,7.428515911102295,1,0.7584418654441833,0.6376071572303772,-0.13499592244625092,0,-0.6511220932006836,0.7322627902030945,-0.19957810640335083,0,-0.028399892151355743,0.2392670065164566,0.9705380201339722,0,13.961372375488281,1.6899869441986084,-0.11770199984312057,1,-0.6832758188247681,0.48865312337875366,0.5425419807434082,0,0.5743928551673889,0.8184640407562256,-0.013779939152300358,0,-0.45078498125076294,0.30221694707870483,-0.8399159908294678,0,-0.000012999999853491317,0.000014000000192027073,9.454963684082031,1,0.4321500360965729,-0.9018020033836365,0,0,0.9018020033836365,0.4321500360965729,0,0,0,0,1,0,13.568222045898438,0,0,1,0.8758119344711304,0.40616023540496826,0.26074469089508057,0,-0.4461587071418762,0.8873561024665833,0.11636799573898315,0,-0.18410933017730713,-0.21824999153614044,0.9583690166473389,0,9.601009368896484,0,0,1,-0.7537550926208496,0.45625314116477966,-0.47295480966567993,0,0.5810299515724182,0.7989330887794495,-0.15527594089508057,0,0.30701422691345215,-0.3918410539627075,-0.8672969937324524,0,0.000012999999853491317,-0.000012000000424450263,-9.454963684082031,1,0.46089401841163635,-0.8874549269676208,0,0,0.8874549269676208,0.46089401841163635,0,0,0,0,1,0,13.568220138549805,0,0,1,0.8418869972229004,0.4172619581222534,-0.3422277569770813,0,-0.4507339894771576,0.8924180865287781,-0.020731767639517784,0,0.2967591881752014,0.17170722782611847,0.939387857913971,0,9.601009368896484,0,0,1
