1.400,30,41,25
B0,mixamorig_Hips,-1,-0.9904289245605469,-0.09985693544149399,0.09528212994337082,0,-0.08838310092687607,0.9890890121459961,0.11786270886659622,0,-0.10601190477609634,0.10831330716609955,-0.9884479641914368,0,0.014894000254571438,0.4057700037956238,-0.009584999643266201,1
B1,mixamorig_Spine,0,0.9996470212936401,0.014551877975463867,-0.022223133593797684,0,-0.01442012470215559,0.9998780488967896,0.0060778046026825905,0,0.022308869287371635,-0.005755200050771236,0.9997350573539734,0,0,0.08217599987983704,0.007162000052630901,1
B2,mixamorig_Spine1,1,0.9982240200042725,0.03913313150405884,-0.04491771385073662,0,-0.04626692086458206,0.9842309951782227,-0.17072796821594238,0,0.037528298795223236,0.1725030243396759,0.9842939376831055,0,0,0.09623599797487259,0,1
B3,mixamorig_Spine2,2,0.998354971408844,0.038742732256650925,-0.042261283844709396,0,-0.045451223850250244,0.984131932258606,-0.17151613533496857,0,0.03494568541646004,0.1731548309326172,0.9842740893363953,0,0,0.10998400300741196,0,1
B4,mixamorig_Neck,3,0.9962159991264343,-0.050964973866939545,0.07040614634752274,0,0.057823002338409424,0.9933980107307434,-0.09907790273427963,0,-0.06489183753728867,0.10277409106492996,0.9925860166549683,0,0,0.12373200058937073,0,1
B5,mixamorig_Head,4,0.9840399622917175,-0.013512753881514072,0.17743231356143951,0,-0.05048060789704323,0.9349501132965088,0.35116875171661377,0,-0.17063575983047485,-0.3545212745666504,0.9193469882011414,0,0,0.07062999904155731,-0.00417400011792779,1
B6,mixamorig_HeadTop_End,5,1,0,0,0,0,1,0,0,0,0,1,0,0,0.15726099908351898,-0.009294000454246998,1
B7,mixamorig_LeftShoulder,3,-0.001976038096472621,0.008114009164273739,0.9999650120735168,0,-0.9729760885238647,-0.23090580105781555,-0.000049043614126276225,0,0.23089724779129028,-0.9729419350624084,0.008350983262062073,0,-0.05899199843406677,0.10542000085115433,0.0011210000375285745,1
B8,mixamorig_LeftArm,7,0.9586519598960876,0.2786100506782532,0.05799029394984245,0,-0.2789258062839508,0.8794638514518738,0.3856734037399292,0,0.056452106684446335,-0.3859015107154846,0.9208111763000488,0,0,0.1184300035238266,0,1
B9,mixamorig_LeftForeArm,8,0.10282598435878754,0.24273890256881714,-0.9646271467208862,0,-0.8508320450782776,0.5238270163536072,0.04112005978822708,0,0.5152790546417236,0.81650710105896,0.2603929340839386,0,0,0.21282200515270233,0,1
B10,mixamorig_LeftHand,9,1,0,0,0,0,1,0,0,0,0,1,0,0,0.20104500651359558,0,1
B11,mixamorig_RightShoulder,3,-0.019052181392908096,-0.01380196027457714,-0.999722957611084,0,0.9413319230079651,-0.33722180128097534,-0.013283838517963886,0,-0.3369450271129608,-0.9413238763809204,0.019417108967900276,0,0.05899199843406677,0.10550200194120407,0.0020639998838305473,1
B12,mixamorig_RightArm,11,0.9683330059051514,0.19007590413093567,0.1618679016828537,0,-0.23608507215976715,0.9080240726470947,0.3460567593574524,0,-0.08120300620794296,-0.37331321835517883,0.9241449236869812,0,0,0.1184300035238266,0,1
B13,mixamorig_RightForeArm,12,0.09075984358787537,-0.42075812816619873,0.9026209712028503,0,0.9429730176925659,0.3277820944786072,0.05797881260514259,0,-0.3202580213546753,0.8458849787712097,0.4265129566192627,0,0,0.21330900490283966,0,1
B14,mixamorig_RightHand,13,1,0,0,0,0,1,0,0,0,0,1,0,0,0.20100100338459015,0,1
B15,mixamorig_LeftUpLeg,0,-0.9843390583992004,0.006640203762799501,0.1761598289012909,0,-0.10926792025566101,-0.8071561455726624,-0.5801379084587097,0,0.13833624124526978,-0.5903010368347168,0.7952408790588379,0,-0.11737799644470215,-0.0457179993391037,0.0076790000312030315,1
B16,mixamorig_LeftLeg,15,0.951016902923584,-0.2616282105445862,0.16467393934726715,0,-0.13527406752109528,0.12678693234920502,0.9826630353927612,0,-0.2779708206653595,-0.9568051695823669,0.0851849913597107,0,0,0.1913290023803711,0,1
B17,mixamorig_LeftFoot,16,-0.9592018127441406,-0.013541135936975479,0.28239625692367554,0,-0.28225669264793396,-0.01135004311800003,-0.9592720866203308,0,0.01619485765695572,-0.999843955039978,0.00706498883664608,0,0,0.1522729992866516,0,1
B18,mixamorig_LeftToeBase,17,0.9096691012382507,-0.004443108569830656,0.41531074047088623,0,-0.21263304352760315,0.853980302810669,0.47487348318099976,0,-0.3567770719528198,-0.520286500453949,0.7758947014808655,0,0,0.09855499863624573,0,1
B19,mixamorig_LeftToe_End,18,1,0,0,0,0,1,0,0,0,0,1,0,0,0.061827998608350754,0,1
B20,mixamorig_RightUpLeg,0,-0.936583936214447,-0.264939546585083,-0.22938619554042816,0,0.3331734836101532,-0.8761222958564758,-0.34843194484710693,0,-0.10865695774555206,-0.4027612507343292,0.9088329672813416,0,0.11737799644470215,-0.0457179993391037,0.007526000030338764,1
B21,mixamorig_RightLeg,20,0.8236679434776306,0.3214619755744934,-0.4671541154384613,0,0.23446784913539886,0.5570260286331177,0.7967100143432617,0,0.5163289308547974,-0.7657570838928223,0.38343197107315063,0,0,0.19156700372695923,0,1
B22,mixamorig_RightFoot,21,-0.9474219679832458,0.12389831244945526,-0.2950255274772644,0,0.280815452337265,-0.1200852245092392,-0.9522197842597961,0,-0.15340667963027954,-0.9850019216537476,0.07897898554801941,0,0,0.1521649956703186,0,1
B23,mixamorig_RightToeBase,22,0.9245008826255798,-0.00007023272337391973,-0.3811810314655304,0,0.19860582053661346,0.8536278605461121,0.48153313994407654,0,0.32535308599472046,-0.5208828449249268,0.7891941070556641,0,0,0.09497799724340439,0,1
B24,mixamorig_RightToe_End,23,1,0,0,0,0,1,0,0,0,0,1,0,0,0.06151000037789345,0,1
@20,0,1,2,3,4,5,7,8,9,11,12,13,15,16,17,18,20,21,22,23
K0,0.9905343651771545,-0.0998569130897522,-0.09417843818664551,0,0.08851434290409088,0.9890890121459961,-0.11776413768529892,0,0.10491041839122772,0.10831329971551895,0.9885653853416443,0,-0.014904669485986233,0.4057700037956238,0.009568396955728531,1,0.9996470212936401,0.014551875181496143,-0.022223131731152534,0,-0.014420121908187866,0.9998780488967896,0.006077802274376154,0,0.022308867424726486,-0.0057551977224648,0.9997350573539734,0,0,0.08217599987983704,0.007162000052630901,1,0.9982240200042725,0.03913310542702675,-0.04491770267486572,0,-0.04626689478754997,0.9842309951782227,-0.1707279533147812,0,0.03752829134464264,0.1725030094385147,0.9842939376831055,0,0,0.09623599797487259,0,1,0.998354971408844,0.03874275088310242,-0.04226130247116089,0,-0.045451246201992035,0.984131932258606,-0.17151613533496857,0,0.03494569659233093,0.17315484583377838,0.9842740893363953,0,0,0.10998400300741196,0,1,0.9962159991264343,-0.05096498131752014,0.07040614634752274,0,0.05782300978899002,0.9933980107307434,-0.09907790273427963,0,-0.06489183753728867,0.10277409106492996,0.9925860166549683,0,0,0.12373200058937073,0,1,0.9840400218963623,-0.013512668199837208,0.17743228375911713,0,-0.0504806712269783,0.9349501132965088,0.3511687219142914,0,-0.17063571512699127,-0.354521244764328,0.9193469882011414,0,0,0.07062999904155731,-0.00417400011792779,1,-0.00197630375623703,0.008114185184240341,0.9999650120735168,0,-0.97297602891922,-0.23090580105781555,-0.000049285627028439194,0,0.23089727759361267,-0.9729419350624084,0.008351245895028114,0,-0.05899199843406677,0.10542000085115433,0.0011210000375285745,1,0.9586519002914429,0.27861014008522034,0.05799022316932678,0,-0.2789258658885956,0.8794638514518738,0.385673463344574,0,0.05645222216844559,-0.3859015107154846,0.9208111763000488,0,0,0.1184300035238266,0,1,0.10282598435878754,0.24273890256881714,-0.9646271467208862,0,-0.8508320450782776,0.5238270163536072,0.04112005978822708,0,0.5152790546417236,0.81650710105896,0.2603929340839386,0,0,0.21282200515270233,0,1,-0.019052186980843544,-0.013801844790577888,-0.9997230172157288,0,0.9413320422172546,-0.3372216820716858,-0.013283860869705677,0,-0.3369448482990265,-0.94132399559021,0.019416963681578636,0,0.05899199843406677,0.10550200194120407,0.0020639998838305473,1,0.9683330059051514,0.19007588922977448,0.16186794638633728,0,-0.23608508706092834,0.9080240726470947,0.3460567891597748,0,-0.08120305091142654,-0.3733132779598236,0.9241449236869812,0,0,0.1184300035238266,0,1,0.09075991064310074,-0.42075806856155396,0.9026209115982056,0,0.9429728984832764,0.3277822732925415,0.05797887220978737,0,-0.32025817036628723,0.8458848595619202,0.4265129864215851,0,0,0.21330900490283966,0,1,-0.9843390583992004,0.0066401539370417595,0.17615975439548492,0,-0.10926783829927444,-0.8071560859680176,-0.5801379084587097,0,0.13833622634410858,-0.5903010368347168,0.7952408790588379,0,-0.11737799644470215,-0.0457179993391037,0.0076790000312030315,1,0.951016902923584,-0.26162824034690857,0.1646740883588791,0,-0.1352742314338684,0.12678693234920502,0.9826629161834717,0,-0.2779708504676819,-0.9568051099777222,0.08518494665622711,0,0,0.1913290023803711,0,1,-0.9592018127441406,-0.013540852814912796,0.2823964059352875,0,-0.2822568416595459,-0.01135002076625824,-0.9592720866203308,0,0.016194576397538185,-0.9998440146446228,0.007065011188387871,0,0,0.1522729992866516,0,1,0.909669041633606,-0.0044431318528950214,0.4153108596801758,0,-0.21263311803340912,0.853980302810669,0.47487351298332214,0,-0.356777161359787,-0.5202865600585938,0.7758945822715759,0,0,0.09855499863624573,0,1,-0.9365838766098022,-0.264939546585083,-0.2293860912322998,0,0.3331734538078308,-0.8761222958564758,-0.34843188524246216,0,-0.10865690559148788,-0.4027611315250397,0.9088329672813416,0,0.11737799644470215,-0.0457179993391037,0.007526000030338764,1,0.8236680030822754,0.32146188616752625,-0.4671540856361389,0,0.23446784913539886,0.5570260882377625,0.7967099547386169,0,0.5163288712501526,-0.7657570242881775,0.3834320604801178,0,0,0.19156700372695923,0,1,-0.9474219083786011,0.12389875203371048,-0.2950258255004883,0,0.2808157205581665,-0.120085209608078,-0.9522197842597961,0,-0.15340709686279297,-0.9850019812583923,0.07897868007421494,0,0,0.1521649956703186,0,1,0.9245009422302246,-0.000070221271016635,-0.38118094205856323,0,0.1986057609319687,0.8536278605461121,0.4815331697463989,0,0.3253530263900757,-0.5208828449249268,0.7891941070556641,0,0,0.09497799724340439,0,1
K0.034,0.9908378720283508,-0.10481700301170349,-0.08516495674848557,0,0.09652331471443176,0.9906638860702515,-0.09627728909254074,0,0.0944613441824913,0.08717479556798935,0.9917046427726746,0,-0.013559357263147831,0.40614596009254456,-0.015135369263589382,1,0.9992653727531433,0.017389794811606407,-0.034149304032325745,0,-0.017258938401937485,0.9998422265052795,0.004122813232243061,0,0.03421562910079956,-0.0035304054617881775,0.9994083642959595,0,0,0.08217599987983704,0.007162000052630901,1,0.9966834783554077,0.04630648344755173,-0.0669129267334938,0,-0.05752682313323021,0.982543408870697,-0.17691509425640106,0,0.057552579790353775,0.18017777800559998,0.9819493889808655,0,0,0.09623599797487259,0,1,0.9968850612640381,0.046007122844457626,-0.06406226009130478,0,-0.05678144469857216,0.982375979423523,-0.17808111011981964,0,0.054740216583013535,0.18116390705108643,0.9819281101226807,0,0,0.10998400300741196,0,1,0.9958242774009705,-0.05684932321310043,0.0714329183101654,0,0.06331951916217804,0.9937580227851868,-0.09184347838163376,0,-0.06576580554246902,0.09598307311534882,0.993208110332489,0,0,0.12373200058937073,0,1,0.9773290157318115,-0.025043994188308716,0.21023951470851898,0,-0.0509783960878849,0.9359321594238281,0.34846988320350647,0,-0.2054971307516098,-0.3512876331806183,0.91343754529953,0,0,0.07062999904155731,-0.00417400011792779,1,0.001449128147214651,0.008980906568467617,0.9999585151672363,0,-0.9669637084007263,-0.25488755106925964,0.003690554993227124,0,0.2549102306365967,-0.9669293761253357,0.00831481534987688,0,-0.05899199843406677,0.10542000085115433,0.0011210000375285745,1,0.9723433256149292,0.23355479538440704,-0.00026339280884712934,0,-0.2225227952003479,0.9267559051513672,0.30266648530960083,0,0.07093331962823868,-0.2942371964454651,0.953096330165863,0,0,0.1184300035238266,0,1,0.08648355305194855,0.24207262694835663,-0.9663960933685303,0,-0.8819525241851807,0.469744473695755,0.038739703595638275,0,0.4633368253707886,0.8489647507667542,0.2541216313838959,0,0,0.21282200515270233,0,1,-0.025238607078790665,-0.013140702620148659,-0.9995955228805542,0,0.945151686668396,-0.32604339718818665,-0.019577817991375923,0,-0.3256543278694153,-0.9452636241912842,0.020648878067731857,0,0.05899199843406677,0.10550200194120407,0.0020639998838305473,1,0.9686731100082397,0.17865894734859467,0.17249315977096558,0,-0.22784684598445892,0.9156623482704163,0.33113107085227966,0,-0.09878592938184738,-0.3600596785545349,0.9276840686798096,0,0,0.1184300035238266,0,1,0.07067295908927917,-0.4005633294582367,0.9135393500328064,0,0.9536736011505127,0.2956143021583557,0.05584140494465828,0,-0.29242363572120667,0.8672727346420288,0.40289899706840515,0,0,0.21330900490283966,0,1,-0.9861977696418762,-0.006864421535283327,0.16542628407478333,0,-0.10189082473516464,-0.762376070022583,-0.6390627026557922,0,0.13050393760204315,-0.647098183631897,0.7511548399925232,0,-0.11737799644470215,-0.0457179993391037,0.0076790000312030315,1,0.9340953826904297,-0.2654922604560852,0.2387024164199829,0,-0.17660339176654816,0.23746763169765472,0.9552071690559387,0,-0.31028419733047485,-0.9344102144241333,0.17493058741092682,0,0,0.1913290023803711,0,1,-0.9585237503051758,-0.004428471438586712,0.28497642278671265,0,-0.28488150238990784,0.04501701891422272,-0.9575048685073853,0,-0.008588507771492004,-0.9989763498306274,-0.04441147297620773,0,0,0.1522729992866516,0,1,0.9074493050575256,-0.030252084136009216,0.41907092928886414,0,-0.19774682819843292,0.8492820262908936,0.4895060658454895,0,-0.37071797251701355,-0.5270717740058899,0.7646980881690979,0,0,0.09855499863624573,0,1,-0.9346809387207031,-0.2818851172924042,-0.21659471094608307,0,0.3306680917739868,-0.9130815267562866,-0.23862555623054504,0,-0.13050344586372375,-0.294659286737442,0.9466487765312195,0,0.11737799644470215,-0.0457179993391037,0.007526000030338764,1,0.8324854373931885,0.28525716066360474,-0.47496935725212097,0,0.23640644550323486,0.5924298763275146,0.7701543569564819,0,0.5010784268379211,-0.7534286379814148,0.4257528781890869,0,0,0.19156700372695923,0,1,-0.9437911510467529,0.13861651718616486,-0.3000734746456146,0,0.2762269675731659,-0.1678427755832672,-0.9463227391242981,0,-0.18154120445251465,-0.9760197997093201,0.12011899054050446,0,0,0.1521649956703186,0,1,0.9251421093940735,0.0001628941245144233,-0.379621297121048,0,0.19753538072109222,0.8537476062774658,0.48176267743110657,0,0.32417911291122437,-0.5206873416900635,0.7898054122924805,0,0,0.09497799724340439,0,1
K0.068,0.9918073415756226,-0.10483378916978836,-0.07299144566059113,0,0.09854327142238617,0.9914942383766174,-0.08502556383609772,0,0.08128407597541809,0.07713612169027328,0.9937011003494263,0,-0.013074192218482494,0.40316149592399597,-0.040260907262563705,1,0.9988020658493042,0.019484760239720345,-0.04489382356405258,0,-0.01936836540699005,0.9998078346252441,0.0030260756611824036,0,0.044944148510694504,-0.002152930246666074,0.9989873170852661,0,0,0.08217599987983704,0.007162000052630901,1,0.9951835870742798,0.05113151669502258,-0.08364176750183105,0,-0.0656793862581253,0.9811650514602661,-0.1816626489162445,0,0.07277770340442657,0.1862812489271164,0.9797977805137634,0,0,0.09623599797487259,0,1,0.9954596161842346,0.050707925111055374,-0.08055788278579712,0,-0.06479497998952866,0.9809343218803406,-0.18321779370307922,0,0.06973142921924591,0.18760573863983154,0.9797666072845459,0,0,0.10998400300741196,0,1,0.9954090714454651,-0.059784796088933945,0.07474213093519211,0,0.06617908179759979,0.9940757155418396,-0.08622511476278305,0,-0.0691443681716919,0.09077559411525726,0.9934682250022888,0,0,0.12373200058937073,0,1,0.9727538824081421,-0.030595913529396057,0.2298140674829483,0,-0.05441319942474365,0.9334368705749512,0.3545910120010376,0,-0.22536589205265045,-0.35743460059165955,0.9063392877578735,0,0,0.07062999904155731,-0.00417400011792779,1,0.010833780281245708,0.0101335933431983,0.999890148639679,0,-0.9585925340652466,-0.28447121381759644,0.013269311748445034,0,0.28457438945770264,-0.9586308002471924,0.006632142700254917,0,-0.05899199843406677,0.10542000085115433,0.0011210000375285745,1,0.9843496084213257,0.17120309174060822,-0.041782841086387634,0,-0.15820103883743286,0.9629237651824951,0.21852003037929535,0,0.07764492928981781,-0.20848985016345978,0.974937379360199,0,0,0.1184300035238266,0,1,0.0761333480477333,0.23770052194595337,-0.9683504104614258,0,-0.8975589871406555,0.43931594491004944,0.03727102652192116,0,0.4342711567878723,0.8663140535354614,0.24679678678512573,0,0,0.21282200515270233,0,1,-0.03677711635828018,-0.012254091911017895,-0.9992483258247375,0,0.9493516087532043,-0.31267139315605164,-0.031106268987059593,0,-0.31205520033836365,-0.949782133102417,0.023132560774683952,0,0.05899199843406677,0.10550200194120407,0.0020639998838305473,1,0.9727432727813721,0.1551162302494049,0.1723616123199463,0,-0.20343340933322906,0.9276068210601807,0.31330418586730957,0,-0.11128542572259903,-0.3398291766643524,0.9338805079460144,0,0,0.1184300035238266,0,1,0.05775464326143265,-0.3857228755950928,0.9208049774169922,0,0.9603244066238403,0.273537278175354,0.05435068905353546,0,-0.2728389501571655,0.8811329007148743,0.38621729612350464,0,0,0.21330900490283966,0,1,-0.9879741668701172,-0.010815023444592953,0.15424279868602753,0,-0.10165154188871384,-0.7062472701072693,-0.7006303071975708,0,0.11651083081960678,-0.7078834176063538,0.6966543793678284,0,-0.11737799644470215,-0.0457179993391037,0.0076790000312030315,1,0.9185138940811157,-0.2532585859298706,0.303633451461792,0,-0.20776315033435822,0.3442223072052002,0.9156126379966736,0,-0.3364039659500122,-0.9040862321853638,0.26355499029159546,0,0,0.1913290023803711,0,1,-0.9577097296714783,0.0074219233356416225,0.2876393795013428,0,-0.28560829162597656,0.09680189937353134,-0.9534449577331543,0,-0.03492044284939766,-0.9952762126922607,-0.09058836102485657,0,0,0.1522729992866516,0,1,0.9045807123184204,-0.05879899859428406,0.42222827672958374,0,-0.18286029994487762,0.8411788940429688,0.5089009404182434,0,-0.38509246706962585,-0.5375508666038513,0.7501623630523682,0,0,0.09855499863624573,0,1,-0.9336320161819458,-0.29475322365760803,-0.20359554886817932,0,0.3257703483104706,-0.9349840879440308,-0.14027829468250275,0,-0.14901120960712433,-0.19729380309581757,0.9689533710479736,0,0.11737799644470215,-0.0457179993391037,0.007526000030338764,1,0.8406777381896973,0.25383850932121277,-0.47835859656333923,0,0.23794569075107574,0.6203529238700867,0.747357964515686,0,0.48645949363708496,-0.7421107292175293,0.4611172378063202,0,0,0.19156700372695923,0,1,-0.9384220838546753,0.15604020655155182,-0.3082464635372162,0,0.2720809876918793,-0.21607409417629242,-0.9377011060714722,0,-0.2129231095314026,-0.9638271927833557,0.16031312942504883,0,0,0.1521649956703186,0,1,0.9263962507247925,0.00010290122008882463,-0.37655046582221985,0,0.19624757766723633,0.8533203601837158,0.4830450117588043,0,0.3213677406311035,-0.5213879346847534,0.7904921770095825,0,0,0.09497799724340439,0,1
K0.102,0.9933781027793884,-0.10122840106487274,-0.054333459585905075,0,0.0964575931429863,0.9917672872543335,-0.08422328531742096,0,0.06241197511553764,0.07842475920915604,0.9949647784233093,0,-0.013384940102696419,0.3975197672843933,-0.06555186957120895,1,0.9982701539993286,0.02188749425113201,-0.05456629768013954,0,-0.021743865683674812,0.9997581243515015,0.003224471816793084,0,0.05462367832660675,-0.002032411750406027,0.998504638671875,0,0,0.08217599987983704,0.007162000052630901,1,0.9939405918121338,0.0538448765873909,-0.0958235040307045,0,-0.0708564892411232,0.9803519248962402,-0.184090718626976,0,0.08402841538190842,0.18976496160030365,0.9782268404960632,0,0,0.09623599797487259,0,1,0.9943044781684875,0.05306028574705124,-0.09242819994688034,0,-0.06960002332925797,0.9800622463226318,-0.18610374629497528,0,0.08071067929267883,0.19147682189941406,0.9781733751296997,0,0,0.10998400300741196,0,1,0.9950499534606934,-0.05957326292991638,0.07954172044992447,0,0.06618491560220718,0.9943286180496216,-0.08325064182281494,0,-0.07413110136985779,0.08810300379991531,0.9933494925498962,0,0,0.12373200058937073,0,1,0.9709460735321045,-0.029860226437449455,0.23742914199829102,0,-0.06137983128428459,0.9279138445854187,0.36770644783973694,0,-0.23129357397556305,-0.37159645557403564,0.8991214632987976,0,0,0.07062999904155731,-0.00417400011792779,1,0.022969821467995644,0.011624661274254322,0.9996682405471802,0,-0.9494194388389587,-0.31297603249549866,0.025454670190811157,0,0.31316834688186646,-0.9496898055076599,0.0038476912304759026,0,-0.05899199843406677,0.10542000085115433,0.0011210000375285745,1,0.99339359998703,0.09600922465324402,-0.06285807490348816,0,-0.08581247925758362,0.9851696491241455,0.1485857367515564,0,0.07619142532348633,-0.14221003651618958,0.9868994951248169,0,0,0.1184300035238266,0,1,0.07319749146699905,0.23099379241466522,-0.9701983332633972,0,-0.8967397212982178,0.44098079204559326,0.03733741492033005,0,0.4364636242389679,0.8672824501991272,0.23941998183727264,0,0,0.21282200515270233,0,1,-0.052741456776857376,-0.01136512029916048,-0.9985433220863342,0,0.9533989429473877,-0.29803550243377686,-0.04696488380432129,0,-0.29706764221191406,-0.9544872045516968,0.02655436471104622,0,0.05899199843406677,0.10550200194120407,0.0020639998838305473,1,0.9795660972595215,0.11867738515138626,0.1623743772506714,0,-0.1629551351070404,0.9415234327316284,0.29492199420928955,0,-0.11787881702184677,-0.3153555691242218,0.9416243433952332,0,0,0.1184300035238266,0,1,0.05272049084305763,-0.3786139488220215,0.9240519404411316,0,0.962651252746582,0.2653465270996094,0.05379832908511162,0,-0.2655627429485321,0.8867034316062927,0.37846237421035767,0,0,0.21330900490283966,0,1,-0.9890628457069397,-0.003028707578778267,0.14746370911598206,0,-0.11113771051168442,-0.6420037150382996,-0.7586044073104858,0,0.09696982055902481,-0.766696035861969,0.6346452236175537,0,-0.11737799644470215,-0.0457179993391037,0.0076790000312030315,1,0.9015491604804993,-0.2340390980243683,0.3639148771762848,0,-0.23295007646083832,0.4462200105190277,0.8640725612640381,0,-0.3646131157875061,-0.8637784123420715,0.3477700650691986,0,0,0.1913290023803711,0,1,-0.9556955695152283,0.011782429181039333,0.29412052035331726,0,-0.28927916288375854,0.14718911051750183,-0.945860743522644,0,-0.05443587899208069,-0.989037811756134,-0.1372596174478531,0,0,0.1522729992866516,0,1,0.9020656943321228,-0.08587756007909775,0.42296937108039856,0,-0.17291797697544098,0.8260018229484558,0.536488950252533,0,-0.3954456150531769,-0.5570869445800781,0.7302576899528503,0,0,0.09855499863624573,0,1,-0.9329649806022644,-0.3049560785293579,-0.19125255942344666,0,0.3207605481147766,-0.9454296827316284,-0.05722178891301155,0,-0.16336587071418762,-0.1147323027253151,0.9798716902732849,0,0.11737799644470215,-0.0457179993391037,0.007526000030338764,1,0.850940465927124,0.22570906579494476,-0.47429460287094116,0,0.23549151420593262,0.6431984305381775,0.72858726978302,0,0.4695141911506653,-0.7316766381263733,0.4941709339618683,0,0,0.19156700372695923,0,1,-0.9313103556632996,0.17450083792209625,-0.31970277428627014,0,0.2686615288257599,-0.2635524868965149,-0.9264774918556213,0,-0.24592959880828857,-0.9487300515174866,0.19856765866279602,0,0,0.1521649956703186,0,1,0.9268913269042969,-0.0010761541780084372,-0.3753282427787781,0,0.1966552585363388,0.8531354665756226,0.48320356011390686,0,0.31968584656715393,-0.5216875076293945,0.7909755706787109,0,0,0.09497799724340439,0,1
K0.137,0.9949821829795837,-0.09557498246431351,-0.02957540936768055,0,0.09262257814407349,0.9917317628860474,-0.08882028609514236,0,0.03781988099217415,0.08563529700040817,0.9956080913543701,0,-0.014303946867585182,0.39037150144577026,-0.09044250845909119,1,0.9976648092269897,0.025714147835969925,-0.06327655166387558,0,-0.02547454833984375,0.9996649026870728,0.004590484779328108,0,0.0633733943104744,-0.0029678239952772856,0.9979857206344604,0,0,0.08217599987983704,0.007162000052630901,1,0.9929240345954895,0.055396754294633865,-0.10503970086574554,0,-0.07418666779994965,0.9800455570220947,-0.18441012501716614,0,0.09272795170545578,0.19089773297309875,0.9772202372550964,0,0,0.09623599797487259,0,1,0.9933888912200928,0.05413597822189331,-0.10122796148061752,0,-0.07244263589382172,0.9796902537345886,-0.18697617948055267,0,0.08904992043972015,0.1930733025074005,0.9771352410316467,0,0,0.10998400300741196,0,1,0.9947608709335327,-0.05715221166610718,0.08476495742797852,0,0.06424115598201752,0.9944431185722351,-0.08340666443109512,0,-0.07952696830034256,0.0884149894118309,0.9929035305976868,0,0,0.12373200058937073,0,1,0.971356213092804,-0.024623868986964226,0.23634867370128632,0,-0.07016893476247787,0.9205422401428223,0.3842896521091461,0,-0.22703169286251068,-0.38986656069755554,0.8924468159675598,0,0,0.07062999904155731,-0.00417400011792779,1,0.03276626393198967,0.013022718019783497,0.9993786811828613,0,-0.9414201974868774,-0.335389643907547,0.035236384719610214,0,0.3356401026248932,-0.9419897198677063,0.0012704067630693316,0,-0.05899199843406677,0.10542000085115433,0.0011210000375285745,1,0.997471272945404,0.013277965597808361,-0.0698137953877449,0,-0.006013327743858099,0.9946368336677551,0.10325513780117035,0,0.07081042230129242,-0.10257425904273987,0.9922019243240356,0,0,0.1184300035238266,0,1,0.07625442743301392,0.22475160658359528,-0.971427857875824,0,-0.8837071061134338,0.46645063161849976,0.03855038061738014,0,0.4617874026298523,0.8555179834365845,0.23418347537517548,0,0,0.21282200515270233,0,1,-0.07146728038787842,-0.010715313255786896,-0.9973856210708618,0,0.9562355279922485,-0.2851821482181549,-0.06545484066009521,0,-0.2837352156639099,-0.9584136009216309,0.030627528205513954,0,0.05899199843406677,0.10550200194120407,0.0020639998838305473,1,0.9863961338996887,0.07439296692609787,0.1465863585472107,0,-0.11338731646537781,0.9535548686981201,0.279064416885376,0,-0.11901768296957016,-0.2918890416622162,0.9490178823471069,0,0,0.1184300035238266,0,1,0.054273609071969986,-0.37862256169319153,0.9239583611488342,0,0.9613767862319946,0.2698650062084198,0.054114531725645065,0,-0.2698330879211426,0.8853352069854736,0.37864550948143005,0,0,0.21330900490283966,0,1,-0.9886605739593506,0.01652947999536991,0.14925698935985565,0,-0.1305394321680069,-0.5859127640724182,-0.7997907996177673,0,0.07423144578933716,-0.8102055191993713,0.5814266204833984,0,-0.11737799644470215,-0.0457179993391037,0.0076790000312030315,1,0.8775700926780701,-0.20875293016433716,0.43161630630493164,0,-0.2567926049232483,0.5555726885795593,0.7908203601837158,0,-0.4048802852630615,-0.8048361539840698,0.43394777178764343,0,0,0.1913290023803711,0,1,-0.9534868001937866,0.004815170541405678,0.3013947904109955,0,-0.29419684410095215,0.20290841162204742,-0.9339572787284851,0,-0.06565272808074951,-0.9791857600212097,-0.19205395877361298,0,0,0.1522729992866516,0,1,0.8995193839073181,-0.11802773922681808,0.42063644528388977,0,-0.16058389842510223,0.8060907125473022,0.5695878267288208,0,-0.4062981605529785,-0.5799025297164917,0.7061406970024109,0,0,0.09855499863624573,0,1,-0.9323530793190002,-0.3150230050086975,-0.17741945385932922,0,0.3172898590564728,-0.9481899738311768,0.016207270324230194,0,-0.1733330339193344,-0.0411824956536293,0.9840016961097717,0,0.11737799644470215,-0.0457179993391037,0.007526000030338764,1,0.861862301826477,0.1993865817785263,-0.46630337834358215,0,0.22921660542488098,0.6670454740524292,0.708879828453064,0,0.45238664746284485,-0.7178412675857544,0.5291985869407654,0,0,0.19156700372695923,0,1,-0.9229073524475098,0.19346559047698975,-0.3328860104084015,0,0.2657810151576996,-0.305428147315979,-0.9143704175949097,0,-0.278572142124176,-0.9323546290397644,0.2304626703262329,0,0,0.1521649956703186,0,1,0.9272975921630859,-0.0027846265584230423,-0.37431588768959045,0,0.1974760740995407,0.8531388640403748,0.4828633666038513,0,0.31799864768981934,-0.5216761827468872,0.7916631102561951,0,0,0.09497799724340439,0,1
K0.171,0.9960390329360962,-0.08888604491949081,-0.0022189165465533733,0,0.08828993886709213,0.9916943311691284,-0.09352941066026688,0,0.010513948276638985,0.0929630845785141,0.995614230632782,0,-0.015612772665917873,0.3819330632686615,-0.11469822376966476,1,0.996986448764801,0.030470004305243492,-0.07133933901786804,0,-0.030074700713157654,0.9995257258415222,0.006609025411307812,0,0.07150688022375107,-0.004443599376827478,0.9974300265312195,0,0,0.08217599987983704,0.007162000052630901,1,0.9920094013214111,0.05700426921248436,-0.11254893988370895,0,-0.07716897130012512,0.97991943359375,-0.18385563790798187,0,0.09980836510658264,0.19107186794281006,0.9764885306358337,0,0,0.09623599797487259,0,1,0.9925822615623474,0.055385272949934006,-0.10822411626577377,0,-0.07504573464393616,0.9794856905937195,-0.18701913952827454,0,0.09564586728811264,0.19375364482402802,0.9763765931129456,0,0,0.10998400300741196,0,1,0.9945484399795532,-0.05379160866141319,0.08933411538600922,0,0.06153281033039093,0.9943678975105286,-0.08629079908132553,0,-0.08418920636177063,0.0913173109292984,0.9922564625740051,0,0,0.12373200058937073,0,1,0.9730021357536316,-0.01840859092772007,0.23006193339824677,0,-0.07755672186613083,0.9127689599990845,0.4010469615459442,0,-0.21737591922283173,-0.40806204080581665,0.8866977095603943,0,0,0.07062999904155731,-0.00417400011792779,1,0.03713680058717728,0.013905057683587074,0.9992135167121887,0,-0.9353779554367065,-0.35141855478286743,0.03965457156300545,0,0.3516935408115387,-0.9361147880554199,-0.000043992851715302095,0,-0.05899199843406677,0.10542000085115433,0.0011210000375285745,1,0.9946722388267517,-0.07197050005197525,-0.07380366325378418,0,0.0778929740190506,0.9936836957931519,0.08078279346227646,0,0.0675235390663147,-0.0861012190580368,0.9939959049224854,0,0,0.1184300035238266,0,1,0.08194272965192795,0.22021806240081787,-0.972003161907196,0,-0.8657532334327698,0.498867005109787,0.04003828763961792,0,0.49371713399887085,0.838233470916748,0.23153287172317505,0,0,0.21282200515270233,0,1,-0.09134315699338913,-0.010345491580665112,-0.9957662224769592,0,0.9570422768592834,-0.2772352695465088,-0.08491060137748718,0,-0.27518290281295776,-0.9607459306716919,0.03522456809878349,0,0.05899199843406677,0.10550200194120407,0.0020639998838305473,1,0.9909346103668213,0.03137687221169472,0.13062842190265656,0,-0.06581458449363708,0.9610511660575867,0.26841914653778076,0,-0.11711844056844711,-0.27458304166793823,0.9544038772583008,0,0,0.1184300035238266,0,1,0.05880270153284073,-0.3823724389076233,0.9221354126930237,0,0.958577036857605,0.27951720356941223,0.05477805808186531,0,-0.27869826555252075,0.8807166814804077,0.38296979665756226,0,0,0.21330900490283966,0,1,-0.9861444234848022,0.04270687326788902,0.16029928624629974,0,-0.15763796865940094,-0.5422254800796509,-0.8253128528594971,0,0.051671791821718216,-0.8391464352607727,0.5414445400238037,0,-0.11737799644470215,-0.0457179993391037,0.0076790000312030315,1,0.8480147123336792,-0.17488408088684082,0.5002855658531189,0,-0.27683454751968384,0.6587880253791809,0.6995431780815125,0,-0.4519214630126953,-0.7317197918891907,0.5102483630180359,0,0,0.1913290023803711,0,1,-0.9534395933151245,-0.008198997937142849,0.30147188901901245,0,-0.2934441566467285,0.25589078664779663,-0.9210917353630066,0,-0.06959185004234314,-0.9666707515716553,-0.24638232588768005,0,0,0.1522729992866516,0,1,0.8950839638710022,-0.15602362155914307,0.41771072149276733,0,-0.1446455866098404,0.7845274209976196,0.6029885411262512,0,-0.42178550362586975,-0.6001447439193726,0.6796491146087646,0,0,0.09855499863624573,0,1,-0.9318991303443909,-0.32574477791786194,-0.15954238176345825,0,0.31544581055641174,-0.9449627995491028,0.08682970702648163,0,-0.17904600501060486,0.03058956377208233,0.9833651781082153,0,0.11737799644470215,-0.0457179993391037,0.007526000030338764,1,0.8707163333892822,0.17814768850803375,-0.45838412642478943,0,0.2199505716562271,0.6925944089889526,0.6869754195213318,0,0.4398573935031891,-0.6989825963973999,0.5638695955276489,0,0,0.19156700372695923,0,1,-0.9124000668525696,0.21504980325698853,-0.34825119376182556,0,0.26395806670188904,-0.3411160707473755,-0.9022002220153809,0,-0.31281229853630066,-0.9150920510292053,0.25447046756744385,0,0,0.1521649956703186,0,1,0.9280468821525574,-0.0036739835049957037,-0.3724442720413208,0,0.19778938591480255,0.8521715998649597,0.4844401478767395,0,0.315606951713562,-0.5232492089271545,0.7915825843811035,0,0,0.09497799724340439,0,1
K0.205,0.9963551163673401,-0.0814586728811264,0.025306036695837975,0,0.08354070037603378,0.9918106198310852,-0.09660286456346512,0,-0.017229657620191574,0.09836485981941223,0.9950008392333984,0,-0.017283271998167038,0.37191691994667053,-0.13821198046207428,1,0.9962407946586609,0.0344180129468441,-0.07949798554182053,0,-0.03381961211562157,0.9993883967399597,0.008861668407917023,0,0.07975435256958008,-0.006139763165265322,0.9967952966690063,0,0,0.08217599987983704,0.007162000052630901,1,0.9911320805549622,0.059419211000204086,-0.118853859603405,0,-0.08076214790344238,0.9796558022499084,-0.18371787667274475,0,0.10551949590444565,0.19168755412101746,0.9757670164108276,0,0,0.09623599797487259,0,1,0.9918068647384644,0.05775899440050125,-0.11394333094358444,0,-0.07855474948883057,0.9791294932365417,-0.18744058907032013,0,0.10073890537023544,0.19485566020011902,0.9756446480751038,0,0,0.10998400300741196,0,1,0.9944632053375244,-0.04980412498116493,0.09253279119729996,0,0.05823727324604988,0.9941651225090027,-0.09079275280237198,0,-0.08747101575136185,0.09567891061306,0.9915611147880554,0,0,0.12373200058937073,0,1,0.9752979278564453,-0.014343686401844025,0.220426544547081,0,-0.0808466374874115,0.9054715037345886,0.41663476824760437,0,-0.2055661976337433,-0.4241640567779541,0.8819455504417419,0,0,0.07062999904155731,-0.00417400011792779,1,0.03735973685979843,0.014364047907292843,0.9991982579231262,0,-0.9306390881538391,-0.36374279856681824,0.040025390684604645,0,0.36402618885040283,-0.9313886165618896,-0.00022166481357999146,0,-0.05899199843406677,0.10542000085115433,0.0011210000375285745,1,0.9850355982780457,-0.15242566168308258,-0.08043903857469559,0,0.15824280679225922,0.9847939610481262,0.07169310003519058,0,0.06828805804252625,-0.08334920555353165,0.9941779971122742,0,0,0.1184300035238266,0,1,0.08783312886953354,0.21543416380882263,-0.9725601673126221,0,-0.8458218574523926,0.5318548679351807,0.04142523929476738,0,0.5261853337287903,0.8189742565155029,0.2289334535598755,0,0,0.21282200515270233,0,1,-0.11112035065889359,-0.010111866518855095,-0.9937559366226196,0,0.955862820148468,-0.2747570872306824,-0.1040874645113945,0,-0.2719888985157013,-0.9614602327346802,0.04019669070839882,0,0.05899199843406677,0.10550200194120407,0.0020639998838305473,1,0.9929304718971252,-0.004136695992201567,0.11862728744745255,0,-0.027561310678720474,0.964043915271759,0.264310359954834,0,-0.1154552698135376,-0.26571130752563477,0.9571144580841064,0,0,0.1184300035238266,0,1,0.06243203952908516,-0.38688474893569946,0.9200122952461243,0,0.9567370414733887,0.2856697142124176,0.055206045508384705,0,-0.2841779589653015,0.8767630457878113,0.3879818618297577,0,0,0.21330900490283966,0,1,-0.9817767143249512,0.06876353174448013,0.17716152966022491,0,-0.1872117668390274,-0.5101563930511475,-0.8394597768783569,0,0.032655857503414154,-0.8573285341262817,0.5137327909469604,0,-0.11737799644470215,-0.0457179993391037,0.0076790000312030315,1,0.8217166066169739,-0.12892363965511322,0.5551222562789917,0,-0.28705263137817383,0.7478556632995605,0.5985928177833557,0,-0.49232378602027893,-0.6512224674224854,0.5775171518325806,0,0,0.1913290023803711,0,1,-0.9557926058769226,-0.018573788926005363,0.29345405101776123,0,-0.28546664118766785,0.29786768555641174,-0.9109241962432861,0,-0.07049115747213364,-0.9544261693954468,-0.29000186920166016,0,0,0.1522729992866516,0,1,0.8890984654426575,-0.18588872253894806,0.41826942563056946,0,-0.1374366581439972,0.7632298469543457,0.6313408017158508,0,-0.43659502267837524,-0.6188099980354309,0.6530388593673706,0,0,0.09855499863624573,0,1,-0.9310808181762695,-0.3379731774330139,-0.13733744621276855,0,0.31632012128829956,-0.9354698657989502,0.15759818255901337,0,-0.18173912167549133,0.10329410433769226,0.9779064059257507,0,0.11737799644470215,-0.0457179993391037,0.007526000030338764,1,0.8778641819953918,0.16099119186401367,-0.4510394334793091,0,0.20917999744415283,0.7183187007904053,0.6635221242904663,0,0.43081143498420715,-0.6768310070037842,0.5969104170799255,0,0,0.19156700372695923,0,1,-0.899617075920105,0.23839713633060455,-0.36586302518844604,0,0.26311904191970825,-0.372731477022171,-0.8898535966873169,0,-0.348507285118103,-0.8967932462692261,0.27258893847465515,0,0,0.1521649956703186,0,1,0.9275702238082886,-0.0016411641845479608,-0.3736448287963867,0,0.1994026154279709,0.8478627800941467,0.4912913143634796,0,0.3159933388233185,-0.5302130579948425,0.7867797017097473,0,0,0.09497799724340439,0,1
