4.400,30,131,30
B0,Bip01,-1,0.00041003894875757396,0.004396084696054459,0.9999899864196777,0,0.9998300075531006,-0.01842278614640236,-0.0003289750311523676,0,0.018421180546283722,0.9998209476470947,-0.004402885679155588,0,-0.04415399953722954,23.253887176513672,1.1400649547576904,1
B1,Bip01_Pelvis,0,5.960367843726999e-8,-5.9604584379258085e-8,1,0,1,0.000002026556785494904,-5.9604584379258085e-8,0,-0.0000020265579223632812,1,5.960367843726999e-8,0,0,0,0,1
B2,Bip01_Spine,1,0.9588260650634766,0.2837038040161133,-0.012832941487431526,0,-0.2836681604385376,0.9589118957519531,0.004558997228741646,0,0.013599059544503689,-0.0007309880456887186,0.9999070167541504,0,10.873231887817383,-0.013318000361323357,0.000014999999621068127,1
B3,Bip01_Spine1,2,0.8395339846611023,0.542755126953125,-0.02450130134820938,0,-0.5425858497619629,0.8398891091346741,0.013666587881743908,0,0.027995968237519264,0.0018204922089353204,0.9996060132980347,0,16.72780990600586,-0.013319999910891056,0,1
B4,Bip01_Neck,3,0.9986459612846375,0.051979921758174896,-0.0022353280801326036,0,-0.05200906842947006,0.9985189437866211,-0.015974679961800575,0,0.0014016542118042707,0.016069302335381508,0.9998700022697449,0,16.727813720703125,-0.0065910001285374165,0,1
B5,Bip01_Head,4,1,-0.000797999557107687,0,0,0.000797999557107687,1,0,0,0,0,1,0,8.276847839355469,0,0,1
B6,Bip01_L_Clavicle,3,0.19700008630752563,0.3797120451927185,0.903886079788208,0,0.3322088122367859,-0.8932650685310364,0.3028460443019867,0,0.9224039316177368,0.24061816930770874,-0.30211693048477173,0,16.727813720703125,-0.000014999999621068127,5.273279190063477,1
B7,Bip01_L_UpperArm,6,0.7556591033935547,-0.49842771887779236,-0.4249110519886017,0,0.20661215484142303,0.79703289270401,-0.5674951076507568,0,0.6215230822563171,0.34104087948799133,0.7052660584449768,0,17.011240005493164,0,0,1
B8,Bip01_L_Forearm,7,0.5913159847259521,-0.8064399361610413,0,0,0.8064399361610413,0.5913159847259521,0,0,0,0,1,0,30.461719512939453,0,0,1
B9,Bip01_L_Hand,8,0.955955982208252,-0.23787806928157806,0.17193475365638733,0,-0.09362480044364929,-0.8023269772529602,-0.5894958972930908,0,0.27817612886428833,0.54743492603302,-0.7892608642578125,0,23.335853576660156,0,0,1
B10,Bip01_L_Finger0,9,0.5562341809272766,0.8270758390426636,0.08093190938234329,0,-0.07226400077342987,-0.04888010770082474,0.9961869120597839,0,0.8278781175613403,-0.5599616169929504,0.032579053193330765,0,8.067468643188477,2.3141329288482666,-7.4285149574279785,1
B11,Bip01_L_Finger01,10,0.9813929796218872,0.1076207309961319,0.15901106595993042,0,-0.005578204989433289,0.843782901763916,-0.5366552472114563,0,-0.19192609190940857,0.5257828235626221,0.8286831378936768,0,4.314496994018555,0.000003999999989900971,-0.000003999999989900971,1
B12,Bip01_L_Finger1,9,0.8395991921424866,0.5200347304344177,0.15696291625499725,0,-0.5099582672119141,0.8541268110275269,-0.10203122347593307,0,-0.18712596595287323,0.005620798096060753,0.9823199510574341,0,13.961370468139648,1.6899869441986084,0.11770199984312057,1
B13,Bip01_L_Finger11,12,0.9393730163574219,0.3428969979286194,0,0,-0.3428969979286194,0.9393730163574219,0,0,0,0,1,0,5.817234039306641,0,0,1
B14,Bip01_R_Clavicle,3,0.21992099285125732,0.30666616559028625,-0.9260619282722473,0,0.30477622151374817,-0.9233831763267517,-0.2334008514881134,0,-0.9266861081123352,-0.23091188073158264,-0.29653599858283997,0,16.727813720703125,0.000014999999621068127,-5.273279190063477,1
B15,Bip01_R_UpperArm,14,0.6847559213638306,-0.4235803782939911,0.5930339097976685,0,0.09709352999925613,0.8595141768455505,0.5018059611320496,0,-0.7222759127616882,-0.2860347628593445,0.6296841502189636,0,17.011240005493164,0,0,1
B16,Bip01_R_Forearm,15,0.4090230166912079,-0.9125239849090576,0,0,0.9125239849090576,0.4090230166912079,0,0,0,0,1,0,30.46172332763672,0,0,1
B17,Bip01_R_Hand,16,0.9916449785232544,-0.013531115837395191,0.1282840371131897,0,-0.12757594883441925,-0.25001782178878784,0.959800124168396,0,0.01908612810075283,-0.9681469798088074,-0.24965518712997437,0,23.335853576660156,0,0,1
B18,Bip01_R_Finger0,17,0.42873090505599976,0.9016619920730591,-0.056536123156547546,0,0.03845491632819176,-0.08073579519987106,-0.995993971824646,0,-0.9026139378547668,0.424839049577713,-0.06928720325231552,0,8.067472457885742,2.3141400814056396,7.428515911102295,1
B19,Bip01_R_Finger01,18,0.9813929796218872,0.10762068629264832,-0.15901099145412445,0,-0.0055782608687877655,0.8437830805778503,0.5366550087928772,0,0.19192615151405334,-0.5257829427719116,0.8286839127540588,0,4.314495086669922,0.000003999999989900971,0.000003999999989900971,1
B20,Bip01_R_Finger1,17,0.6985738277435303,0.6967670917510986,-0.162820965051651,0,-0.7147428393363953,0.6687670946121216,-0.2046770602464676,0,-0.03372291848063469,0.2593570053577423,0.9651920199394226,0,13.961372375488281,1.6899869441986084,-0.11770199984312057,1
B21,Bip01_R_Finger11,20,0.9393730163574219,0.3428969979286194,0,0,-0.3428969979286194,0.9393730163574219,0,0,0,0,1,0,5.817235946655273,0,0,1
B22,Bip01_L_Thigh,1,-0.685626208782196,0.4855000078678131,0.5424087047576904,0,0.5720049738883972,0.8201759457588196,-0.011087344959378242,0,-0.45025312900543213,0.30265840888023376,-0.8400418758392334,0,-0.000012999999853491317,0.000014000000192027073,9.454963684082031,1
B23,Bip01_L_Calf,22,0.4339650273323059,-0.9009299874305725,0,0,0.9009299874305725,0.4339650273323059,0,0,0,0,1,0,13.568222045898438,0,-9.999999974752427e-7,1
B24,Bip01_L_Foot,23,0.877152144908905,0.4040261507034302,0.25955259799957275,0,-0.443901926279068,0.8883630037307739,0.11730813980102539,0,-0.18318143486976624,-0.21811306476593018,0.9585778713226318,0,9.601009368896484,0,9.999999974752427e-7,1
B25,Bip01_L_Toe0,24,3.422854177870249e-8,0.9999999403953552,0,0,-0.9999999403953552,3.422854177870249e-8,0,0,0,0,1,0,4.950390815734863,6.207172870635986,-9.999999974752427e-7,1
B26,Bip01_R_Thigh,1,-0.7540000081062317,0.45577606558799744,-0.4730248749256134,0,0.580484926700592,0.7993680834770203,-0.1550718992948532,0,0.3074429929256439,-0.39150816202163696,-0.8672949075698853,0,0.000012999999853491317,-0.000012000000424450263,-9.454963684082031,1
B27,Bip01_R_Calf,26,0.46026700735092163,-0.8877800703048706,0,0,0.8877800703048706,0.46026700735092163,0,0,0,0,1,0,13.568220138549805,0,-9.999999974752427e-7,1
B28,Bip01_R_Foot,27,0.8431990742683411,0.41435980796813965,-0.34252190589904785,0,-0.44839414954185486,0.8935429453849792,-0.02288096398115158,0,0.2965770661830902,0.17287799715995789,0.9392309188842773,0,9.601009368896484,0,-9.999999974752427e-7,1
B29,Bip01_R_Toe0,28,3.422854177870249e-8,0.9999999403953552,0,0,-0.9999999403953552,3.422854177870249e-8,0,0,0,0,1,0,4.950390815734863,6.207172870635986,-9.999999974752427e-7,1
@23,0,1,2,3,4,6,7,8,9,10,12,14,15,16,17,18,20,22,23,24,26,27,28
K0,0.000007039207957859617,0.00004396260919747874,-0.0099998963996768,0,-0.00999829638749361,-0.00018422785797156394,-0.00000784809253673302,0,-0.00018426070164423436,0.009998208843171597,0.00004382537736091763,0,0.0004542430688161403,0.2325388640165329,-0.011400149203836918,1,0,0,0.9999999403953552,0,0.9999999403953552,0.000002026556785494904,0,0,-0.0000019669532775878906,0.9999999403953552,0,0,0,0,0,1,0.9588260650634766,0.2837038040161133,-0.012832940556108952,0,-0.2836681604385376,0.9589118957519531,0.004559004213660955,0,0.013599060475826263,-0.0007309952052310109,0.9999070167541504,0,10.873231887817383,-0.013318000361323357,0.000014999999621068127,1,0.8395339250564575,0.542755126953125,-0.02450118027627468,0,-0.5425858497619629,0.8398890495300293,0.013666501268744469,0,0.027995819225907326,0.0018205017549917102,0.9996060132980347,0,16.72780990600586,-0.013319999910891056,0,1,0.9986459612846375,0.051979921758174896,-0.0022353369276970625,0,-0.05200906842947006,0.9985189437866211,-0.01597468927502632,0,0.0014016627101227641,0.016069311648607254,0.9998700022697449,0,16.727813720703125,-0.0065910001285374165,0,1,0.19700005650520325,0.37971213459968567,0.9038859605789185,0,0.3322088122367859,-0.893264889717102,0.30284616351127625,0,0.922403872013092,0.24061816930770874,-0.3021168112754822,0,16.727813720703125,-0.000014999999621068127,5.273279190063477,1,0.7556591033935547,-0.49842774868011475,-0.4249109923839569,0,0.206612229347229,0.79703289270401,-0.5674951076507568,0,0.6215230226516724,0.34104087948799133,0.7052660584449768,0,17.011240005493164,0,0,1,0.5913159251213074,-0.806439995765686,0,0,0.806439995765686,0.5913159251213074,0,0,0,0,1,0,30.461719512939453,0,0,1,0.955955982208252,-0.23787815868854523,0.17193478345870972,0,-0.09362484514713287,-0.802327036857605,-0.5894959568977356,0,0.2781762182712555,0.5474349856376648,-0.7892608642578125,0,23.335853576660156,0,0,1,0.5562341809272766,0.8270758986473083,0.08093218505382538,0,-0.07226411253213882,-0.04888049140572548,0.9961870312690735,0,0.8278781771659851,-0.5599617958068848,0.03257886320352554,0,8.067468643188477,2.3141329288482666,-7.4285149574279785,1,0.8395991325378418,0.5200347900390625,0.15696296095848083,0,-0.5099583268165588,0.8541268110275269,-0.10203123092651367,0,-0.1871260106563568,0.005620769690722227,0.9823199510574341,0,13.961370468139648,1.6899869441986084,0.11770199984312057,1,0.21992121636867523,0.3066660165786743,-0.9260618090629578,0,0.30477601289749146,-0.9233830571174622,-0.23340073227882385,0,-0.9266860485076904,-0.2309117168188095,-0.2965359091758728,0,16.727813720703125,0.000014999999621068127,-5.273279190063477,1,0.684755802154541,-0.423580527305603,0.5930339097976685,0,0.09709350019693375,0.859514057636261,0.5018061399459839,0,-0.7222760319709778,-0.28603485226631165,0.6296839714050293,0,17.011240005493164,0,0,1,0.4090230166912079,-0.9125239849090576,0,0,0.9125239849090576,0.4090230166912079,0,0,0,0,1,0,30.46172332763672,0,0,1,0.9916449785232544,-0.013531104661524296,0.12828418612480164,0,-0.1275760978460312,-0.25001785159111023,0.959800124168396,0,0.01908617839217186,-0.9681469798088074,-0.24965518712997437,0,23.335853576660156,0,0,1,0.42873090505599976,0.9016620516777039,-0.056535933166742325,0,0.03845501318573952,-0.0807357057929039,-0.9959940910339355,0,-0.9026139974594116,0.4248391091823578,-0.06928729265928268,0,8.067472457885742,2.3141400814056396,7.428515911102295,1,0.6985738277435303,0.6967670917510986,-0.16282092034816742,0,-0.7147428393363953,0.6687670946121216,-0.2046770453453064,0,-0.03372293338179588,0.2593569755554199,0.9651920199394226,0,13.961372375488281,1.6899869441986084,-0.11770199984312057,1,-0.685626208782196,0.4855000078678131,0.5424087643623352,0,0.5720049738883972,0.8201759457588196,-0.011087420396506786,0,-0.4502532482147217,0.30265840888023376,-0.8400418758392334,0,-0.000012999999853491317,0.000014000000192027073,9.454963684082031,1,0.4339650273323059,-0.9009299874305725,0,0,0.9009299874305725,0.4339650273323059,0,0,0,0,1,0,13.568222045898438,0,0,1,0.877152144908905,0.4040261209011078,0.259552538394928,0,-0.4439018964767456,0.8883630037307739,0.11730805039405823,0,-0.18318143486976624,-0.21811296045780182,0.9585778713226318,0,9.601009368896484,0,0,1,-0.7539999485015869,0.45577606558799744,-0.4730249345302582,0,0.5804849863052368,0.7993680834770203,-0.15507185459136963,0,0.3074430525302887,-0.39150816202163696,-0.8672949075698853,0,0.000012999999853491317,-0.000012000000424450263,-9.454963684082031,1,0.46026700735092163,-0.8877800107002258,0,0,0.8877800107002258,0.46026700735092163,0,0,0,0,1,0,13.568220138549805,0,0,1,0.8431990742683411,0.41435980796813965,-0.34252193570137024,0,-0.44839414954185486,0.8935429453849792,-0.02288098633289337,0,0.2965770661830902,0.17287801206111908,0.9392309188842773,0,9.601009368896484,0,0,1
K0.034,-0.00003698497675941326,0.000023480988602386788,-0.009999905712902546,0,-0.009998446330428123,-0.0001725102192722261,0.00003657467823359184,0,-0.00017242241301573813,0.009998481720685959,0.000024115530322887935,0,0.0005768121336586773,0.2325975000858307,-0.011365309357643127,1,0,0,0.9999999403953552,0,0.9999999403953552,0.000002026556785494904,0,0,-0.0000019669532775878906,0.9999999403953552,0,0,0,0,0,1,0.9588983654975891,0.2834421992301941,-0.01321823988109827,0,-0.28341108560562134,0.9589895009994507,0.004213306121528149,0,0.013870378956198692,-0.0002939365804195404,0.9999038577079773,0,10.873231887817383,-0.013318000361323357,0.000014999999621068127,1,0.8398122787475586,0.5422912240028381,-0.025203216820955276,0,-0.5421387553215027,0.8401865363121033,0.01313295029103756,0,0.02829727903008461,0.00263442681171,0.9995957612991333,0,16.72780990600586,-0.013319999910891056,0,1,0.9986459612846375,0.051979925483465195,-0.0022348370403051376,0,-0.052009064704179764,0.9985189437866211,-0.015974702313542366,0,0.0014011627063155174,0.01606929861009121,0.9998700022697449,0,16.727813720703125,-0.0065910001285374165,0,1,0.19804008305072784,0.3789142966270447,0.903993546962738,0,0.33109933137893677,-0.8939113616943359,0.30215349793434143,0,0.9225802421569824,0.2394731491804123,-0.3024885356426239,0,16.727813720703125,-0.000014999999621068127,5.273279190063477,1,0.7548696994781494,-0.498337060213089,-0.42641791701316833,0,0.20902791619300842,0.7990412712097168,-0.5637733936309814,0,0.6216744780540466,0.33644208312034607,0.7073381543159485,0,17.011240005493164,0,0,1,0.5870093703269958,-0.8095793128013611,0,0,0.8095805048942566,0.5870102047920227,0,0,0,0,1,0,30.461719512939453,0,0,1,0.95579993724823,-0.2381811887025833,0.1723867505788803,0,-0.09367267042398453,-0.802439272403717,-0.5893355011940002,0,0.27869850397109985,0.5471388697624207,-0.7892824411392212,0,23.335853576660156,0,0,1,0.5562338829040527,0.8270761370658875,0.08093179762363434,0,-0.07226403802633286,-0.04888008534908295,0.9961870908737183,0,0.827877938747406,-0.5599612593650818,0.03257904574275017,0,8.067468643188477,2.3141329288482666,-7.4285149574279785,1,0.8395991325378418,0.5200347900390625,0.15696294605731964,0,-0.5099583268165588,0.8541268110275269,-0.10203122347593307,0,-0.18712599575519562,0.005620773881673813,0.9823199510574341,0,13.961370468139648,1.6899869441986084,0.11770199984312057,1,0.22016815841197968,0.3052907884120941,-0.9264578223228455,0,0.30323466658592224,-0.9241276979446411,-0.23246069252490997,0,-0.9271329045295715,-0.2297535389661789,-0.2960381805896759,0,16.727813720703125,0.000014999999621068127,-5.273279190063477,1,0.6832903027534485,-0.4242366850376129,0.5942538976669312,0,0.09862440079450607,0.8600501418113708,0.5005869269371033,0,-0.7234553098678589,-0.28343820571899414,0.6295038461685181,0,17.011240005493164,0,0,1,0.40814900398254395,-0.9129151701927185,0,0,0.9129151701927185,0.40814900398254395,0,0,0,0,1,0,30.46172332763672,0,0,1,0.9917112588882446,-0.017884766682982445,0.12723501026630402,0,-0.12769898772239685,-0.24662500619888306,0.9606608152389526,0,0.014198154211044312,-0.9689462184906006,-0.24686473608016968,0,23.335853576660156,0,0,1,0.4278690218925476,0.9021526575088501,-0.05522097647190094,0,0.03777343034744263,-0.07889065146446228,-0.9961673617362976,0,-0.9030515551567078,0.42414331436157227,-0.06783226877450943,0,8.067472457885742,2.3141400814056396,7.428515911102295,1,0.6986922025680542,0.6963927149772644,-0.1639084666967392,0,-0.7146949172019958,0.6690884232521057,-0.20379352569580078,0,-0.032251060009002686,0.25953343510627747,0.9651950001716614,0,13.961372375488281,1.6899869441986084,-0.11770199984312057,1,-0.6865102052688599,0.4912540316581726,0.5360726118087769,0,0.5736525058746338,0.8189461827278137,-0.015841854736208916,0,-0.44679686427116394,0.2966437041759491,-0.8440237641334534,0,-0.000012999999853491317,0.000014000000192027073,9.454963684082031,1,0.4367160201072693,-0.8995996117591858,0,0,0.8995996117591858,0.4367160201072693,0,0,0,0,1,0,13.568222045898438,0,0,1,0.8772274851799011,0.40133336186408997,0.2634464502334595,0,-0.44137340784072876,0.8900861144065857,0.11373703181743622,0,-0.18884354829788208,-0.21605147421360016,0.9579456448554993,0,9.601009368896484,0,0,1,-0.7532694339752197,0.4542423486709595,-0.47565600275993347,0,0.5808674097061157,0.7986834049224854,-0.15715940296649933,0,0.3085101246833801,-0.39467644691467285,-0.8654783964157104,0,0.000012999999853491317,-0.000012000000424450263,-9.454963684082031,1,0.4596136212348938,-0.8881191611289978,0,0,0.8881191611289978,0.4596136212348938,0,0,0,0,1,0,13.568220138549805,0,0,1,0.8416988253593445,0.41746124625205994,-0.3424452543258667,0,-0.45105957984924316,0.8922478556632996,-0.02095932327210903,0,0.29679644107818604,0.17210470139980316,0.9393041729927063,0,9.601009368896484,0,0,1
K0.067,-0.00007565339910797775,0.0000012869040801888332,-0.009999713860452175,0,-0.009998385794460773,-0.00016281890566460788,0.00007562207611044869,0,-0.00016280479030683637,0.009998670779168606,0.000002518158908060286,0,0.0008541613351553679,0.2328210175037384,-0.011263352818787098,1,0,0,0.9999999403953552,0,0.9999999403953552,0.000002026556785494904,0,0,-0.0000019669532775878906,0.9999999403953552,0,0,0,0,0,1,0.9590791463851929,0.2827898859977722,-0.014055212959647179,0,-0.2827702462673187,0.9591814279556274,0.0033974002581089735,0,0.014442254789173603,0.0007160203531384468,0.9998958110809326,0,10.873231887817383,-0.013318000361323357,0.000014999999621068127,1,0.840505063533783,0.5411331057548523,-0.026932619512081146,0,-0.5410252809524536,0.8409239649772644,0.011782966554164886,0,0.029024433344602585,0.004667583853006363,0.9995673298835754,0,16.72780990600586,-0.013319999910891056,0,1,0.9986459612846375,0.051979910582304,-0.002234836807474494,0,-0.05200904980301857,0.9985189437866211,-0.015974702313542366,0,0.0014011628227308393,0.01606929861009121,0.9998700022697449,0,16.727813720703125,-0.0065910001285374165,0,1,0.20084813237190247,0.37697646021842957,0.9041836857795715,0,0.3282034695148468,-0.8955446481704712,0.30047014355659485,0,0.923007071018219,0.23640738427639008,-0.30359333753585815,0,16.727813720703125,-0.000014999999621068127,5.273279190063477,1,0.7529540061950684,-0.4978989362716675,-0.43029919266700745,0,0.21514399349689484,0.8041931986808777,-0.5540642738342285,0,0.6219112277030945,0.32460835576057434,0.7126399278640747,0,17.011240005493164,0,0,1,0.5756925940513611,-0.817666232585907,0,0,0.817666232585907,0.5756925940513611,0,0,0,0,1,0,30.461719512939453,0,0,1,0.9553748369216919,-0.23903317749500275,0.17355991899967194,0,-0.0938667431473732,-0.8027504682540894,-0.5888806581497192,0,0.28008726239204407,0.5463100671768188,-0.7893646955490112,0,23.335853576660156,0,0,1,0.5562335252761841,0.8270763158798218,0.0809323787689209,0,-0.07226359099149704,-0.04888109117746353,0.9961870312690735,0,0.8278782367706299,-0.5599607825279236,0.03257815167307854,0,8.067468643188477,2.3141329288482666,-7.4285149574279785,1,0.8395991921424866,0.5200347304344177,0.15696197748184204,0,-0.5099583268165588,0.8541268110275269,-0.10203096270561218,0,-0.1871250420808792,0.005621037445962429,0.9823200106620789,0,13.961370468139648,1.6899869441986084,0.11770199984312057,1,0.22081738710403442,0.3016723394393921,-0.9274879097938538,0,0.2991945147514343,-0.9260640740394592,-0.22997663915157318,0,-0.9282897114753723,-0.22671617567539215,-0.29474949836730957,0,16.727813720703125,0.000014999999621068127,-5.273279190063477,1,0.6795958876609802,-0.4258865416049957,0.5973023176193237,0,0.10255404561758041,0.8613823652267456,0.4974965751171112,0,-0.726382851600647,-0.2768408954143524,0.6290683746337891,0,17.011240005493164,0,0,1,0.40603768825531006,-0.9138566851615906,0,0,0.9138566851615906,0.40603768825531006,0,0,0,0,1,0,30.46172332763672,0,0,1,0.9918010234832764,-0.029316946864128113,0.12438525259494781,0,-0.1277862936258316,-0.23783767223358154,0.9628625512123108,0,0.0013553176540881395,-0.9708626866340637,-0.2396339327096939,0,23.335853576660156,0,0,1,0.42560380697250366,0.9034277200698853,-0.051771268248558044,0,0.035983119159936905,-0.07406242936849594,-0.9966039657592773,0,-0.9041936993598938,0.422295480966568,-0.06402941048145294,0,8.067472457885742,2.3141400814056396,7.428515911102295,1,0.6989948749542236,0.6954132318496704,-0.1667546182870865,0,-0.714562714099884,0.6699308753013611,-0.20147468149662018,0,-0.02839410863816738,0.2599864602088928,0.965194821357727,0,13.961372375488281,1.6899869441986084,-0.11770199984312057,1,-0.6879423260688782,0.4958644211292267,0.5299566388130188,0,0.5741965174674988,0.8184617757797241,-0.02043936587870121,0,-0.4438844919204712,0.2902382016181946,-0.8477782607078552,0,-0.000012999999853491317,0.000014000000192027073,9.454963684082031,1,0.44202274084091187,-0.8970040082931519,0,0,0.8970040082931519,0.44202274084091187,0,0,0,0,1,0,13.568222045898438,0,0,1,0.8776503801345825,0.3970146179199219,0.2685343623161316,0,-0.4374296963214874,0.8924791216850281,0.11016500741243362,0,-0.19592410326004028,-0.21415114402770996,0.9569500088691711,0,9.601009368896484,0,0,1,-0.7532238364219666,0.4529622197151184,-0.4769474267959595,0,0.5809127688407898,0.7982185482978821,-0.15933530032634735,0,0.3085351884365082,-0.3970797657966614,-0.8643681406974792,0,0.000012999999853491317,-0.000012000000424450263,-9.454963684082031,1,0.46037164330482483,-0.8877260088920593,0,0,0.8877260088920593,0.46037164330482483,0,0,0,0,1,0,13.568220138549805,0,0,1,0.8411434292793274,0.41918596625328064,-0.34170252084732056,0,-0.4524316191673279,0.8915757536888123,-0.019970081746578217,0,0.2962823510169983,0.17139464616775513,0.939595639705658,0,9.601009368896484,0,0,1
K0.101,-0.00010984469554387033,-0.000019267967218183912,-0.009999377653002739,0,-0.009998159483075142,-0.0001569720625411719,0.00011013387120328844,0,-0.00015717442147433758,0.009998750872910023,-0.000017540083717904054,0,0.0012791126500815153,0.2331874668598175,-0.011092884466052055,1,0,0,0.9999999403953552,0,0.9999999403953552,0.000002026556785494904,0,0,-0.0000019669532775878906,0.9999999403953552,0,0,0,0,0,1,0.9593562483787537,0.28178638219833374,-0.015256564132869244,0,-0.28178584575653076,0.9594746232032776,0.002220510272309184,0,0.015263997949659824,0.002168823964893818,0.9998815059661865,0,10.873231887817383,-0.013318000361323357,0.000014999999621068127,1,0.841566264629364,0.5393481850624084,-0.029491137713193893,0,-0.5393131971359253,0.8420481085777283,0.009810014627873898,0,0.030123984441161156,0.007649186998605728,0.9995173811912537,0,16.72780990600586,-0.013319999910891056,0,1,0.9986460208892822,0.0519789420068264,-0.0022348288912326097,0,-0.05200808122754097,0.9985190033912659,-0.01597469113767147,0,0.0014011712046340108,0.016069285571575165,0.9998700022697449,0,16.727813720703125,-0.0065910001285374165,0,1,0.20537088811397552,0.3742556571960449,0.9042977094650269,0,0.32372644543647766,-0.8979588747024536,0.29811227321624756,0,0.9235931634902954,0.23152171075344086,-0.30557122826576233,0,16.727813720703125,-0.000014999999621068127,5.273279190063477,1,0.7502475380897522,-0.49683743715286255,-0.4362131953239441,0,0.22423656284809113,0.8118790984153748,-0.5390461087226868,0,0.6219703555107117,0.3066028952598572,0.720518946647644,0,17.011240005493164,0,0,1,0.5579782724380493,-0.8298553824424744,0,0,0.8298553824424744,0.5579782724380493,0,0,0,0,1,0,30.461719512939453,0,0,1,0.9546845555305481,-0.24046751856803894,0.17536382377147675,0,-0.09429755806922913,-0.803261935710907,-0.5881143808364868,0,0.2822856605052948,0.5449276566505432,-0.7895377278327942,0,23.335853576660156,0,0,1,0.5562338829040527,0.8270761370658875,0.08093179762363434,0,-0.07226403802633286,-0.04888008534908295,0.9961870908737183,0,0.827877938747406,-0.5599612593650818,0.03257904574275017,0,8.067468643188477,2.3141329288482666,-7.4285149574279785,1,0.8395991325378418,0.5200347900390625,0.15696296095848083,0,-0.5099583268165588,0.8541268110275269,-0.10203123092651367,0,-0.1871260106563568,0.005620769690722227,0.9823199510574341,0,13.961370468139648,1.6899869441986084,0.11770199984312057,1,0.22182230651378632,0.29602280259132385,-0.9290663599967957,0,0.29291337728500366,-0.9290273189544678,-0.22607487440109253,0,-0.9300514459609985,-0.2219875454902649,-0.29278796911239624,0,16.727813720703125,0.000014999999621068127,-5.273279190063477,1,0.674132227897644,-0.42830953001976013,0.6017444133758545,0,0.10852346569299698,0.8632938265800476,0.4928966760635376,0,-0.7305945158004761,-0.2669740915298462,0.6284556984901428,0,17.011240005493164,0,0,1,0.4030967056751251,-0.915157675743103,0,0,0.915157675743103,0.4030967056751251,0,0,0,0,1,0,30.46172332763672,0,0,1,0.991683840751648,-0.047116197645664215,0.11976058036088943,0,-0.12733669579029083,-0.22435444593429565,0.9661528468132019,0,-0.018652625381946564,-0.9733678102493286,-0.2284882366657257,0,23.335853576660156,0,0,1,0.4220712184906006,0.9053745269775391,-0.04639727249741554,0,0.03318280726671219,-0.06657380610704422,-0.9972295761108398,0,-0.9059551358222961,0.41936230659484863,-0.05814174935221672,0,8.067472457885742,2.3141400814056396,7.428515911102295,1,0.6994419693946838,0.6938886642456055,-0.1711709350347519,0,-0.7143381237983704,0.6712449193000793,-0.19786567986011505,0,-0.02239910699427128,0.260669469833374,0.9651678800582886,0,13.961372375488281,1.6899869441986084,-0.11770199984312057,1,-0.6899448037147522,0.4993997812271118,0.5239998698234558,0,0.5733601450920105,0.818905770778656,-0.025523928925395012,0,-0.44185298681259155,0.2828304171562195,-0.8513352870941162,0,-0.000012999999853491317,0.000014000000192027073,9.454963684082031,1,0.44942817091941833,-0.8933162689208984,0,0,0.8933162689208984,0.44942817091941833,0,0,0,0,1,0,13.568222045898438,0,0,1,0.8782138824462891,0.39129307866096497,0.27501052618026733,0,-0.43232792615890503,0.8953938484191895,0.1065959706902504,0,-0.2045324146747589,-0.21250873804092407,0.9555140137672424,0,9.601009368896484,0,0,1,-0.7539685964584351,0.45159250497817993,-0.4770705997943878,0,0.5802170634269714,0.7983323931694031,-0.16128529608249664,0,0.30802568793296814,-0.39840856194496155,-0.8639392852783203,0,0.000012999999853491317,-0.000012000000424450263,-9.454963684082031,1,0.4624185562133789,-0.8866612315177917,0,0,0.8866612315177917,0.4624185562133789,0,0,0,0,1,0,13.568220138549805,0,0,1,0.841583788394928,0.41962260007858276,-0.340078741312027,0,-0.4525734782218933,0.8915044069290161,-0.019945666193962097,0,0.2948119044303894,0.1706964671611786,0.9401851892471313,0,9.601009368896484,0,0,1
K0.134,-0.0001400669279973954,-0.0000375407726096455,-0.009998948313295841,0,-0.009997820481657982,-0.00015442392032127827,0.00014063068374525756,0,-0.00015493578393943608,0.009998737834393978,-0.000035369841498322785,0,0.001840482815168798,0.23367604613304138,-0.010854685679078102,1,0,0,0.9999999403953552,0,0.9999999403953552,0.000002026556785494904,0,0,-0.0000019669532775878906,0.9999999403953552,0,0,0,0,0,1,0.9597160816192627,0.28047117590904236,-0.01673480123281479,0,-0.28049787878990173,0.9598548412322998,0.0007929918356239796,0,0.016285384073853493,0.003933027386665344,0.9998591542243958,0,10.873231887817383,-0.013318000361323357,0.000014999999621068127,1,0.8429493308067322,0.5370002388954163,-0.03267715871334076,0,-0.5370681881904602,0.8435068726539612,0.00740828737616539,0,0.0315416194498539,0.011305038817226887,0.9994380474090576,0,16.72780990600586,-0.013319999910891056,0,1,0.9986460208892822,0.05197945237159729,-0.002234836108982563,0,-0.05200859159231186,0.9985190033912659,-0.015974218025803566,0,0.0014011947205290198,0.01606881432235241,0.9998700022697449,0,16.727813720703125,-0.0065910001285374165,0,1,0.21155300736427307,0.37110844254493713,0.9041696190834045,0,0.31786683201789856,-0.9009408950805664,0.2954103946685791,0,0.924233078956604,0.2249106913805008,-0.30855992436408997,0,16.727813720703125,-0.000014999999621068127,5.273279190063477,1,0.7470730543136597,-0.4948749840259552,-0.44382402300834656,0,0.23557411134243011,0.821429967880249,-0.5193817019462585,0,0.6215994954109192,0.28346267342567444,0.7302480340003967,0,17.011240005493164,0,0,1,0.5344401597976685,-0.8452063202857971,0,0,0.8452063202857971,0.5344401597976685,0,0,0,0,1,0,30.461719512939453,0,0,1,0.9537326097488403,-0.24251531064510345,0.17770740389823914,0,-0.09505719691514969,-0.8039749264717102,-0.5870159268379211,0,0.2852327525615692,0.5429641008377075,-0.7898302674293518,0,23.335853576660156,0,0,1,0.5562338829040527,0.8270761370658875,0.08093179762363434,0,-0.07226403802633286,-0.04888008534908295,0.9961870908737183,0,0.827877938747406,-0.5599612593650818,0.03257904574275017,0,8.067468643188477,2.3141329288482666,-7.4285149574279785,1,0.8395991325378418,0.5200347900390625,0.15696296095848083,0,-0.5099583268165588,0.8541268110275269,-0.10203123092651367,0,-0.1871260106563568,0.005620769690722227,0.9823199510574341,0,13.961370468139648,1.6899869441986084,0.11770199984312057,1,0.2231343388557434,0.2885499894618988,-0.931101381778717,0,0.2846512794494629,-0.9328394532203674,-0.2208731472492218,0,-0.9323011636734009,-0.21575483679771423,-0.29028475284576416,0,16.727813720703125,0.000014999999621068127,-5.273279190063477,1,0.6673551797866821,-0.4312834143638611,0.6071500182151794,0,0.11617065966129303,0.8655571341514587,0.4871503412723541,0,-0.7356229424476624,-0.25456929206848145,0.627736508846283,0,17.011240005493164,0,0,1,0.39973777532577515,-0.9166296720504761,0,0,0.9166296720504761,0.39973777532577515,0,0,0,0,1,0,30.46172332763672,0,0,1,0.9910414814949036,-0.07055892050266266,0.11339112371206284,0,-0.12574079632759094,-0.20686191320419312,0.9702559113502502,0,-0.04500395432114601,-0.9758228659629822,-0.21388110518455505,0,23.335853576660156,0,0,1,0.4174039959907532,0.9078713655471802,-0.03930508345365524,0,0.02946823462843895,-0.05675334855914116,-0.9979532957077026,0,-0.9082431197166443,0.4153910279273987,-0.05044236034154892,0,8.067472457885742,2.3141400814056396,7.428515911102295,1,0.6999878287315369,0.6918820142745972,-0.17696347832679749,0,-0.7140069603919983,0.672980785369873,-0.1931070238351822,0,-0.014514260925352573,0.26152580976486206,0.9650872945785522,0,13.961372375488281,1.6899869441986084,-0.11770199984312057,1,-0.6924918293952942,0.502025842666626,0.5180984139442444,0,0.571133017539978,0.8202553391456604,-0.03143104538321495,0,-0.44075217843055725,0.27413737773895264,-0.8547435402870178,0,-0.000012999999853491317,0.000014000000192027073,9.454963684082031,1,0.4586179554462433,-0.8886333107948303,0,0,0.8886333107948303,0.4586179554462433,0,0,0,0,1,0,13.568222045898438,0,0,1,0.878754734992981,0.3843126893043518,0.2830083966255188,0,-0.42623627185821533,0.8987220525741577,0.1030600517988205,0,-0.2147386521100998,-0.2111929953098297,0.9535644054412842,0,9.601009368896484,0,0,1,-0.7554581165313721,0.45009347796440125,-0.4761291444301605,0,0.5787574648857117,0.7990577220916748,-0.16293123364448547,0,0.3071203827857971,-0.39865097403526306,-0.8641496300697327,0,0.000012999999853491317,-0.000012000000424450263,-9.454963684082031,1,0.4655413031578064,-0.8850253224372864,0,0,0.8850253224372864,0.4655413031578064,0,0,0,0,1,0,13.568220138549805,0,0,1,0.842970609664917,0.4188707172870636,-0.33756372332572937,0,-0.45159631967544556,0.8919769525527954,-0.020912863314151764,0,0.2923390567302704,0.17007134854793549,0.9410701394081116,0,9.601009368896484,0,0,1
K0.168,-0.00016309473721776158,-0.00005621711170533672,-0.009998515248298645,0,-0.00999746099114418,-0.00015444651944562793,0.00016394586418755352,0,-0.0001553451584186405,0.009998645633459091,-0.00005368389611248858,0,0.0025216995272785425,0.2342558354139328,-0.010552425868809223,1,0,0,0.9999999403953552,0,0.9999999403953552,0.000002026556785494904,0,0,-0.0000019669532775878906,0.9999999403953552,0,0,0,0,0,1,0.9601500630378723,0.2788779139518738,-0.018408576026558876,0,-0.27893874049186707,0.960308849811554,-0.0007678249967284501,0,0.017463793978095055,0.005872094538062811,0.9998307228088379,0,10.873231887817383,-0.013318000361323357,0.000014999999621068127,1,0.844611644744873,0.5341482162475586,-0.03628808259963989,0,-0.5343479514122009,0.8452514410018921,0.004768668673932552,0,0.03321973234415054,0.015362790785729885,0.9993302226066589,0,16.72780990600586,-0.013319999910891056,0,1,0.9986459612846375,0.05197988450527191,-0.002235317137092352,0,-0.05200903117656708,0.9985189437866211,-0.01597467251121998,0,0.0014016444329172373,0.01606929302215576,0.9998700022697449,0,16.727813720703125,-0.0065910001285374165,0,1,0.21936041116714478,0.36789804697036743,0.9036219716072083,0,0.31081607937812805,-0.9042752981185913,0.2927112877368927,0,0.9248104095458984,0.21665087342262268,-0.3127106726169586,0,16.727813720703125,-0.000014999999621068127,5.273279190063477,1,0.7437606453895569,-0.491715669631958,-0.45280930399894714,0,0.2483985424041748,0.8322088718414307,-0.4957077205181122,0,0.6205792427062988,0.2562108039855957,0.741105854511261,0,17.011240005493164,0,0,1,0.5056034326553345,-0.8627661466598511,0,0,0.8627661466598511,0.5056034326553345,0,0,0,0,1,0,30.461719512939453,0,0,1,0.9525156021118164,-0.24521884322166443,0.18050627410411835,0,-0.09624802321195602,-0.8048939108848572,-0.5855609774589539,0,0.2888789176940918,0.5403823852539062,-0.790275514125824,0,23.335853576660156,0,0,1,0.5562338829040527,0.8270761370658875,0.08093179762363434,0,-0.07226403802633286,-0.04888008534908295,0.9961870908737183,0,0.827877938747406,-0.5599612593650818,0.03257904574275017,0,8.067468643188477,2.3141329288482666,-7.4285149574279785,1,0.8395990133285522,0.5200349688529968,0.15696293115615845,0,-0.5099580883979797,0.8541259765625,-0.10203121602535248,0,-0.1871260404586792,0.005620787385851145,0.9823199510574341,0,13.961370468139648,1.6899869441986084,0.11770199984312057,1,0.22470560669898987,0.2794399857521057,-0.9334991574287415,0,0.2746451795101166,-0.9373214244842529,-0.2144734114408493,0,-0.9349215626716614,-0.2081877589225769,-0.2873684763908386,0,16.727813720703125,0.000014999999621068127,-5.273279190063477,1,0.6597304940223694,-0.43459802865982056,0.6130905747413635,0,0.1251307725906372,0.8679584264755249,0.48061493039131165,0,-0.7410115599632263,-0.24035988748073578,0.6270003914833069,0,17.011240005493164,0,0,1,0.3963811695575714,-0.9180859923362732,0,0,0.9180859923362732,0.3963811695575714,0,0,0,0,1,0,30.46172332763672,0,0,1,0.9895075559616089,-0.09895604103803635,0.10526930540800095,0,-0.12232014536857605,-0.1860409379005432,0.9748979210853577,0,-0.07688771188259125,-0.9775463342666626,-0.1961934119462967,0,23.335853576660156,0,0,1,0.411716103553772,0.9107957482337952,-0.030686065554618835,0,0.024923037737607956,-0.04491326957941055,-0.9986803531646729,0,-0.9109714031219482,0.4104077219963074,-0.041191305965185165,0,8.067472457885742,2.3141400814056396,7.428515911102295,1,0.7005845904350281,0.689449667930603,-0.18395468592643738,0,-0.7135517597198486,0.675093948841095,-0.18732915818691254,0,-0.0049673402681946754,0.2625010907649994,0.964918315410614,0,13.961372375488281,1.6899869441986084,-0.11770199984312057,1,-0.695497989654541,0.503756046295166,0.5123597383499146,0,0.5678079128265381,0.8222963213920593,-0.037722524255514145,0,-0.44031471014022827,0.26468610763549805,-0.8579424619674683,0,-0.000012999999853491317,0.000014000000192027073,9.454963684082031,1,0.4695107340812683,-0.8829264640808105,0,0,0.8829264640808105,0.4695107340812683,0,0,0,0,1,0,13.568222045898438,0,0,1,0.8791513442993164,0.3762044906616211,0.29251256585121155,0,-0.41928985714912415,0.9023686051368713,0.09963371604681015,0,-0.22647154331207275,-0.2102407068014145,0.9510574340820312,0,9.601009368896484,0,0,1,-0.757297933101654,0.44918093085289,-0.47406354546546936,0,0.577221691608429,0.7999168038368225,-0.16415828466415405,0,0.30547475814819336,-0.3979567289352417,-0.8650527000427246,0,0.000012999999853491317,-0.000012000000424450263,-9.454963684082031,1,0.4693492352962494,-0.883012592792511,0,0,0.883012592792511,0.4693492352962494,0,0,0,0,1,0,13.568220138549805,0,0,1,0.8451158404350281,0.4170863628387451,-0.3343912363052368,0,-0.44965067505836487,0.8929166793823242,-0.022678636014461517,0,0.28912463784217834,0.1695253551006317,0.9421613812446594,0,9.601009368896484,0,0,1
