4.400,30,131,25
B0,mixamorig_Hips,-1,-0.9998048543930054,0.019735008478164673,-0.00003494420161587186,0,0.019734986126422882,0.9997960329055786,-0.004404086619615555,0,-0.00005197758582653478,-0.004403914790600538,-0.999989926815033,0,0.0014440000522881746,0.3345069885253906,0.025129999965429306,1
B1,mixamorig_Spine,0,0.9999619722366333,-0.008361178450286388,-0.002352924784645438,0,0.007716809399425983,0.9795190095901489,-0.2012038230895996,0,0.003987038508057594,0.2011781632900238,0.9795470237731934,0,0,0.08217599987983704,0.007162000052630901,1
B2,mixamorig_Spine1,1,0.9998429417610168,-0.017713380977511406,-0.0007569804438389838,0,0.016371633857488632,0.9388099908828735,-0.34404686093330383,0,0.0068048895336687565,0.34398019313812256,0.9389519691467285,0,0,0.09623599797487259,0,1
B3,mixamorig_Spine2,2,0.9998489618301392,-0.017359083518385887,-0.0011759815970435739,0,0.016684910282492638,0.9757909178733826,-0.21806927025318146,0,0.004932994022965431,0.21801669895648956,0.9759330749511719,0,0,0.10998400300741196,0,1
B4,mixamorig_Neck,3,0.9998700022697449,0.000012069472177245189,0.01612989231944084,0,0.002222085138782859,0.9903619885444641,-0.13848507404327393,0,-0.01597609929740429,0.13850289583206177,0.9902330636978149,0,0,0.12373200058937073,0,1
B5,mixamorig_Head,4,0.9982709288597107,0.043164752423763275,-0.03989862650632858,0,-0.02529408410191536,0.9281719326972961,0.37129008769989014,0,0.05305943265557289,-0.3696388900279999,0.9276589751243591,0,0,0.07062999904155731,-0.00417400011792779,1
B6,mixamorig_HeadTop_End,5,1,0,0,0,0,1,0,0,0,0,1,0,0,0.15726099908351898,-0.009294000454246998,1
B7,mixamorig_LeftShoulder,3,-0.3130890429019928,0.3263741135597229,0.8918828964233398,0,-0.9495909214019775,-0.09185974299907684,-0.2997320294380188,0,-0.015896610915660858,-0.9407660365104675,0.3386819064617157,0,-0.05899199843406677,0.10542000085115433,0.0011210000375285745,1
B8,mixamorig_LeftArm,7,0.804757833480835,0.30091413855552673,0.5116782188415527,0,-0.4703647196292877,0.8490850329399109,0.24044014513492584,0,-0.3621068596839905,-0.4341719150543213,0.8248481154441833,0,0,0.1184300035238266,0,1
B9,mixamorig_LeftForeArm,8,-0.11460914462804794,0.4145740270614624,-0.902769923210144,0,-0.7417459487915039,0.5687921047210693,0.3553699553012848,0,0.6608158946037292,0.7103550434112549,0.2423200160264969,0,0,0.21282200515270233,0,1
B10,mixamorig_LeftHand,9,1,0,0,0,0,1,0,0,0,0,1,0,0,0.20104500651359558,0,1
B11,mixamorig_RightShoulder,3,-0.22762900590896606,-0.2974907159805298,-0.9271910786628723,0,0.973686933517456,-0.05888994783163071,-0.22014904022216797,0,0.01089001726359129,-0.9529069662094116,0.30306825041770935,0,0.05899199843406677,0.10550200194120407,0.0020639998838305473,1
B12,mixamorig_RightArm,11,0.8585072159767151,-0.16218386590480804,-0.486478716135025,0,0.3914203345775604,0.8201348781585693,0.4173349440097809,0,0.3312932550907135,-0.5487028360366821,0.7675739526748657,0,0,0.1184300035238266,0,1
B13,mixamorig_RightForeArm,12,0.14764179289340973,-0.6146190762519836,0.7748839855194092,0,0.8986201286315918,0.41062986850738525,0.154483824968338,0,-0.41313913464546204,0.6735178828239441,0.6129350066184998,0,0,0.21330900490283966,0,1
B14,mixamorig_RightHand,13,1,0,0,0,0,1,0,0,0,0,1,0,0,0.20100100338459015,0,1
B15,mixamorig_LeftUpLeg,0,-0.7685798406600952,0.517159104347229,0.3766051232814789,0,-0.63615483045578,-0.555448055267334,-0.5355230569839478,0,-0.06776600331068039,-0.6511710286140442,0.7558990120887756,0,-0.11737799644470215,-0.0457179993391037,0.0076790000312030315,1
B16,mixamorig_LeftLeg,15,0.9380150437355042,-0.17301388084888458,0.3003229796886444,0,-0.2687070369720459,0.18428076803684235,0.9454299807548523,0,-0.2189161479473114,-0.9675259590148926,0.12636801600456238,0,0,0.1913290023803711,0,1
B17,mixamorig_LeftFoot,16,-0.8782821893692017,-0.11131288856267929,0.46500587463378906,0,-0.4673291742801666,-0.005822227336466312,-0.8840639591217041,0,0.10111501812934875,-0.9937679767608643,-0.0469062514603138,0,0,0.1522729992866516,0,1
B18,mixamorig_LeftToeBase,17,0.9150660037994385,-0.22080110013484955,0.3374910354614258,0,0.010056054219603539,0.8490490913391113,0.5282186269760132,0,-0.403177946805954,-0.4799613654613495,0.7791568636894226,0,0,0.09855499863624573,0,1
B19,mixamorig_LeftToe_End,18,1,0,0,0,0,1,0,0,0,0,1,0,0,0.061827998608350754,0,1
B20,mixamorig_RightUpLeg,0,-0.7915439009666443,-0.3712920546531677,-0.48538705706596375,0,0.6008498668670654,-0.6177889108657837,-0.5072630643844604,0,-0.11152403056621552,-0.6931658983230591,0.7120980024337769,0,0.11737799644470215,-0.0457179993391037,0.007526000030338764,1
B21,mixamorig_RightLeg,20,0.9623839259147644,0.23724515736103058,-0.13241006433963776,0,0.08091387897729874,0.2149663120508194,0.9732639193534851,0,0.2593657970428467,-0.9473671317100525,0.18768364191055298,0,0,0.19156700372695923,0,1
B22,mixamorig_RightFoot,21,-0.8955110311508179,0.20779399573802948,-0.3935500681400299,0,0.40617096424102783,0.02018083445727825,-0.9135739803314209,0,-0.181892991065979,-0.9779640436172485,-0.10247212648391724,0,0,0.1521649956703186,0,1
B23,mixamorig_RightToeBase,22,0.8469890356063843,0.24688470363616943,-0.47080403566360474,0,0.01845681667327881,0.8714299201965332,0.4901731312274933,0,0.5312890410423279,-0.4238608777523041,0.73353511095047,0,0,0.09497799724340439,0,1
B24,mixamorig_RightToe_End,23,1,0,0,0,0,1,0,0,0,0,1,0,0,0.06151000037789345,0,1
@20,0,1,2,3,4,5,7,8,9,11,12,13,15,16,17,18,20,21,22,23
K0,0.9998040795326233,0.019735010340809822,0.0011490132892504334,0,-0.01973988115787506,0.9997960329055786,0.004382092505693436,0,-0.0010622977279126644,-0.004403914324939251,0.9999892711639404,0,-0.001415997394360602,0.3345069885253906,-0.02513159066438675,1,0.9999619722366333,-0.008361185900866985,-0.002352942479774356,0,0.007716813124716282,0.9795190095901489,-0.2012038230895996,0,0.003987057600170374,0.2011781632900238,0.9795470237731934,0,0,0.08217599987983704,0.007162000052630901,1,0.9998429417610168,-0.017713382840156555,-0.0007570476154796779,0,0.01637161336839199,0.9388099908828735,-0.34404686093330383,0,0.006804953329265118,0.34398019313812256,0.9389519691467285,0,0,0.09623599797487259,0,1,0.9998489618301392,-0.017359087243676186,-0.0011759933549910784,0,0.016684912145137787,0.9757909178733826,-0.21806928515434265,0,0.004933007061481476,0.21801671385765076,0.9759330749511719,0,0,0.10998400300741196,0,1,0.9998700022697449,0.000012077627616235986,0.01612989418208599,0,0.0022220774553716183,0.9903619885444641,-0.13848507404327393,0,-0.015976104885339737,0.13850289583206177,0.9902330636978149,0,0,0.12373200058937073,0,1,0.9982709288597107,0.043164826929569244,-0.0398985780775547,0,-0.025294169783592224,0.9281719326972961,0.3712901175022125,0,0.0530594177544117,-0.36963891983032227,0.9276589751243591,0,0,0.07062999904155731,-0.00417400011792779,1,-0.3130893111228943,0.3263743221759796,0.8918827772140503,0,-0.9495908617973328,-0.09185989946126938,-0.2997322380542755,0,-0.01589663326740265,-0.9407659769058228,0.3386821150779724,0,-0.05899199843406677,0.10542000085115433,0.0011210000375285745,1,0.804757833480835,0.3009141981601715,0.511678159236908,0,-0.4703647494316101,0.8490850329399109,0.24044011533260345,0,-0.3621068298816681,-0.4341718852519989,0.8248481154441833,0,0,0.1184300035238266,0,1,-0.1146092340350151,0.41457399725914,-0.9027699828147888,0,-0.7417458891868591,0.5687921643257141,0.35537001490592957,0,0.6608160138130188,0.7103549838066101,0.24231988191604614,0,0,0.21282200515270233,0,1,-0.2276291400194168,-0.29749077558517456,-0.9271910786628723,0,0.9736869931221008,-0.05889033526182175,-0.22014902532100677,0,0.010889709927141666,-0.9529069662094116,0.3030683398246765,0,0.05899199843406677,0.10550200194120407,0.0020639998838305473,1,0.8585072159767151,-0.1621837317943573,-0.48647868633270264,0,0.39142027497291565,0.8201348781585693,0.41733503341674805,0,0.3312932550907135,-0.5487028956413269,0.767573893070221,0,0,0.1184300035238266,0,1,0.14764206111431122,-0.6146190762519836,0.7748838663101196,0,0.898620069026947,0.4106300175189972,0.15448373556137085,0,-0.41313913464546204,0.6735177040100098,0.6129351854324341,0,0,0.21330900490283966,0,1,-0.7685797810554504,0.5171591639518738,0.3766050338745117,0,-0.6361547708511353,-0.555448055267334,-0.5355230569839478,0,-0.06776604801416397,-0.6511709690093994,0.7558990716934204,0,-0.11737799644470215,-0.0457179993391037,0.0076790000312030315,1,0.9380150437355042,-0.17301388084888458,0.30032283067703247,0,-0.2687068581581116,0.18428076803684235,0.9454300999641418,0,-0.2189161479473114,-0.9675259590148926,0.12636806070804596,0,0,0.1913290023803711,0,1,-0.8782821893692017,-0.11131276190280914,0.4650059640407562,0,-0.4673292338848114,-0.005822388920933008,-0.8840639591217041,0,0.10111497342586517,-0.993768036365509,-0.046906083822250366,0,0,0.1522729992866516,0,1,0.9150660037994385,-0.22080104053020477,0.33749106526374817,0,0.010055968537926674,0.8490491509437561,0.5282186269760132,0,-0.403177946805954,-0.4799613654613495,0.7791568636894226,0,0,0.09855499863624573,0,1,-0.7915438413619995,-0.3712921142578125,-0.48538699746131897,0,0.6008498668670654,-0.6177888512611389,-0.5072630047798157,0,-0.11152397096157074,-0.6931658387184143,0.7120980620384216,0,0.11737799644470215,-0.0457179993391037,0.007526000030338764,1,0.9623839259147644,0.23724505305290222,-0.13241025805473328,0,0.08091406524181366,0.21496647596359253,0.9732638597488403,0,0.2593657374382019,-0.9473670721054077,0.18768377602100372,0,0,0.19156700372695923,0,1,-0.8955109119415283,0.20779404044151306,-0.39355000853538513,0,0.40617093443870544,0.020180994644761086,-0.9135739207267761,0,-0.181892991065979,-0.977963924407959,-0.10247212648391724,0,0,0.1521649956703186,0,1,0.8469890356063843,0.2468847781419754,-0.47080397605895996,0,0.018456770107150078,0.8714299201965332,0.4901731312274933,0,0.5312890410423279,-0.4238608479499817,0.7335350513458252,0,0,0.09497799724340439,0,1
K0.034,0.9998241662979126,0.018473654985427856,-0.003261628095060587,0,-0.018465807661414146,0.999826192855835,0.0024164256174117327,0,0.003305703867226839,-0.0023557739332318306,0.9999921917915344,0,-0.0011493193451315165,0.33464422821998596,-0.02517397329211235,1,0.9999599456787109,-0.008728662505745888,-0.0018499974394217134,0,0.008179905824363232,0.9796249866485596,-0.20066891610622406,0,0.0035638746339827776,0.20064574480056763,0.9796571135520935,0,0,0.08217599987983704,0.007162000052630901,1,0.9998409748077393,-0.01781277544796467,-0.00037363136652857065,0,0.01660126820206642,0.9390414357185364,-0.3434016704559326,0,0.006467795930802822,0.34334108233451843,0.9391884207725525,0,0,0.09623599797487259,0,1,0.999847948551178,-0.017427533864974976,-0.0007598760421387851,0,0.01684051938354969,0.9756961464881897,-0.21847902238368988,0,0.004548958502709866,0.21843300759792328,0.9758412837982178,0,0,0.10998400300741196,0,1,0.9998700022697449,0.000012085777598258574,0.01612989604473114,0,0.00222208583727479,0.9903619885444641,-0.1384861022233963,0,-0.015976104885339737,0.13850390911102295,0.9902330040931702,0,0,0.12373200058937073,0,1,0.9982709288597107,0.043164826929569244,-0.0398985780775547,0,-0.025294169783592224,0.9281719326972961,0.3712901175022125,0,0.0530594177544117,-0.36963891983032227,0.9276589751243591,0,0,0.07062999904155731,-0.00417400011792779,1,-0.31243014335632324,0.3252873420715332,0.8925111293792725,0,-0.9498009085655212,-0.09086263924837112,-0.2993687689304352,0,-0.016284972429275513,-0.9412394165992737,0.33734631538391113,0,-0.05899199843406677,0.10542000085115433,0.0011210000375285745,1,0.806914210319519,0.3022395670413971,0.5074841976165771,0,-0.47015389800071716,0.8487347364425659,0.2420816719532013,0,-0.357553094625473,-0.4339352250099182,0.826956033706665,0,0,0.1184300035238266,0,1,-0.11575588583946228,0.4151460826396942,-0.9023599028587341,0,-0.7448670864105225,0.5647075176239014,0.3553558588027954,0,0.657094419002533,0.7132732272148132,0.2438606470823288,0,0,0.21282200515270233,0,1,-0.2266351282596588,-0.29596781730651855,-0.9279221296310425,0,0.9739238023757935,-0.058697350323200226,-0.21914862096309662,0,0.010394328273832798,-0.9533925652503967,0.3015531599521637,0,0.05899199843406677,0.10550200194120407,0.0020639998838305473,1,0.8592451810836792,-0.16315189003944397,-0.4848494827747345,0,0.3919317424297333,0.8190596103668213,0.4189637005329132,0,0.32876601815223694,-0.550020694732666,0.7677177786827087,0,0,0.1184300035238266,0,1,0.14652420580387115,-0.6149037480354309,0.7748703360557556,0,0.8989038467407227,0.409745991230011,0.15517842769622803,0,-0.4129198491573334,0.673796534538269,0.6127769947052002,0,0,0.21330900490283966,0,1,-0.7732948064804077,0.5136148929595947,0.3717733919620514,0,-0.6300110816955566,-0.556376576423645,-0.5417843461036682,0,-0.07142245769500732,-0.6531803607940674,0.7538262009620667,0,-0.11737799644470215,-0.0457179993391037,0.0076790000312030315,1,0.9377021789550781,-0.177678182721138,0.29857224225997925,0,-0.26558247208595276,0.1875070035457611,0.9456778764724731,0,-0.22401069104671478,-0.9660596251487732,0.12863749265670776,0,0,0.1913290023803711,0,1,-0.8787719011306763,-0.11616110801696777,0.4628904163837433,0,-0.46573251485824585,-0.003001742297783494,-0.8849206566810608,0,0.10418275743722916,-0.9932259321212769,-0.05146225169301033,0,0,0.1522729992866516,0,1,0.9161773324012756,-0.21705517172813416,0.3369057774543762,0,0.010760069824755192,0.8536605834960938,0.5207192301750183,0,-0.40062782168388367,-0.4734458923339844,0.784439742565155,0,0,0.09855499863624573,0,1,-0.7893938422203064,-0.3719700276851654,-0.4883594512939453,0,0.6033192276954651,-0.6170521974563599,-0.5052253603935242,0,-0.11341463029384613,-0.6934589147567749,0.7115142345428467,0,0.11737799644470215,-0.0457179993391037,0.007526000030338764,1,0.9631516933441162,0.2348041832447052,-0.13116851449012756,0,0.08021607995033264,0.21471543610095978,0.973376452922821,0,0.2567169964313507,-0.9480319023132324,0.1879686415195465,0,0,0.19156700372695923,0,1,-0.8957660794258118,0.2082744836807251,-0.3927136957645416,0,0.40491825342178345,0.017770804464817047,-0.9141795635223389,0,-0.18342162668704987,-0.9779089093208313,-0.10025262087583542,0,0,0.1521649956703186,0,1,0.8482496738433838,0.24295248091220856,-0.4705805778503418,0,0.018020594492554665,0.874809205532074,0.48413175344467163,0,0.5292896628379822,-0.4191450774669647,0.7376790046691895,0,0,0.09497799724340439,0,1
K0.067,0.9998233318328857,0.017403393983840942,-0.007142060436308384,0,-0.017401959747076035,0.9998482465744019,0.0002611435193102807,0,0.0071455189026892185,-0.000136811489937827,0.9999741315841675,0,-0.0006677311030216515,0.33507221937179565,-0.02512960694730282,1,0.9999527931213379,-0.00964607298374176,-0.000614817428868264,0,0.009330001659691334,0.9798911213874817,-0.19931243360042572,0,0.0025250373873859644,0.19929736852645874,0.9799352288246155,0,0,0.08217599987983704,0.007162000052630901,1,0.9998368620872498,-0.018052393570542336,0.0005829892470501363,0,0.017164500430226326,0.9396231174468994,-0.34178033471107483,0,0.00562216155230999,0.34173449873924255,0.9397794008255005,0,0,0.09623599797487259,0,1,0.9998449683189392,-0.017586566507816315,0.0002862077089957893,0,0.01722036302089691,0.9754524827003479,-0.21953675150871277,0,0.0035817143507301807,0.21950757503509521,0.9756037592887878,0,0,0.10998400300741196,0,1,0.9998700022697449,0.00001208565754495794,0.01612989604473114,0,0.002222085604444146,0.9903619885444641,-0.1384860873222351,0,-0.015976104885339737,0.13850389420986176,0.9902330040931702,0,0,0.12373200058937073,0,1,0.9982709288597107,0.043164826929569244,-0.0398985780775547,0,-0.025294169783592224,0.9281719326972961,0.3712901175022125,0,0.0530594177544117,-0.36963891983032227,0.9276589751243591,0,0,0.07062999904155731,-0.00417400011792779,1,-0.31084656715393066,0.32244718074798584,0.8940932750701904,0,-0.9503001570701599,-0.08817628026008606,-0.2985877990722656,0,-0.017440909519791603,-0.9424715638160706,0.3338308036327362,0,-0.05899199843406677,0.10542000085115433,0.0011210000375285745,1,0.8124344944953918,0.30553337931632996,0.4965876638889313,0,-0.4694109261035919,0.8479437232017517,0.24626173079013824,0,-0.345837265253067,-0.43317532539367676,0.8323196768760681,0,0,0.1184300035238266,0,1,-0.1187538132071495,0.41662415862083435,-0.9012889266014099,0,-0.7529236078262329,0.5539700984954834,0.35527995228767395,0,0.6473050117492676,0.720792293548584,0.24790003895759583,0,0,0.21282200515270233,0,1,-0.22401584684848785,-0.29197314381599426,-0.9298220276832581,0,0.9745425581932068,-0.0581900030374527,-0.21651782095432281,0,0.009111088700592518,-0.954655110836029,0.2975758910179138,0,0.05899199843406677,0.10550200194120407,0.0020639998838305473,1,0.8610891103744507,-0.16566362977027893,-0.4807084798812866,0,0.39322036504745483,0.8163414001464844,0.42304161190986633,0,0.322339802980423,-0.553301215171814,0.7680854797363281,0,0,0.1184300035238266,0,1,0.14363104104995728,-0.6155641674995422,0.7748879194259644,0,0.899550199508667,0.40760529041290283,0.15706002712249756,0,-0.4125288426876068,0.6744917035102844,0.6122755408287048,0,0,0.21330900490283966,0,1,-0.7778646945953369,0.510551393032074,0.36641982197761536,0,-0.6239622235298157,-0.5580461621284485,-0.5470417141914368,0,-0.07481375336647034,-0.6541569828987122,0.75264972448349,0,-0.11737799644470215,-0.0457179993391037,0.0076790000312030315,1,0.9367918372154236,-0.18327726423740387,0.29804491996765137,0,-0.2628788352012634,0.19347159564495087,0.9452323317527771,0,-0.23090268671512604,-0.9638350009918213,0.13306280970573425,0,0,0.1913290023803711,0,1,-0.8790960311889648,-0.12210668623447418,0.4607389271259308,0,-0.46436020731925964,0.0013598158257082105,-0.8856450915336609,0,0.10751671344041824,-0.992516279220581,-0.057896893471479416,0,0,0.1522729992866516,0,1,0.9170240759849548,-0.21419495344161987,0.336434006690979,0,0.011281783692538738,0.8571413159370422,0.514958918094635,0,-0.3986727297306061,-0.4684337079524994,0.7884349822998047,0,0,0.09855499863624573,0,1,-0.7881615161895752,-0.37172043323516846,-0.4905354678630829,0,0.6044930815696716,-0.6173756718635559,-0.5034233927726746,0,-0.11571192741394043,-0.6933044791221619,0.7112943530082703,0,0.11737799644470215,-0.0457179993391037,0.007526000030338764,1,0.9633679986000061,0.23361678421497345,-0.13170143961906433,0,0.08061014115810394,0.21613317728042603,0.9730307459831238,0,0.25578126311302185,-0.9480026960372925,0.18938381969928741,0,0,0.19156700372695923,0,1,-0.896183431148529,0.20778916776180267,-0.3920200765132904,0,0.40390530228614807,0.01641334779560566,-0.9146537780761719,0,-0.18362069129943848,-0.978036105632782,-0.09863662719726562,0,0,0.1521649956703186,0,1,0.8500177264213562,0.23992764949798584,-0.46894094347953796,0,0.018307169899344444,0.8762511014938354,0.4815068542957306,0,0.5264368057250977,-0.4178743362426758,0.7404365539550781,0,0,0.09497799724340439,0,1
K0.101,0.9998056292533875,0.016641946509480476,-0.010580958798527718,0,-0.016661297529935837,0.9998600482940674,-0.0017433221219107509,0,0.01055045984685421,0.001919275033287704,0.9999423623085022,0,0.000014465256754192524,0.33575230836868286,-0.024984408169984818,1,0.9999384880065918,-0.011008844710886478,0.001192245283164084,0,0.011027734726667404,0.9802937507629395,-0.19723697006702423,0,0.001002600765787065,0.1972380429506302,0.9803551435470581,0,0,0.08217599987983704,0.007162000052630901,1,0.9998287558555603,-0.018412195146083832,0.0019858130253851414,0,0.01799348182976246,0.9404929876327515,-0.33933740854263306,0,0.004380298778414726,0.33931466937065125,0.9406622052192688,0,0,0.09623599797487259,0,1,0.9998397827148438,-0.017818834632635117,0.0018215648597106338,0,0.017780566588044167,0.9750909805297852,-0.221092090010643,0,0.0021634111180901527,0.2210889458656311,0.9752511382102966,0,0,0.10998400300741196,0,1,0.9998700022697449,0.000012081581189704593,0.01612989604473114,0,0.002222081646323204,0.9903621077537537,-0.13848558068275452,0,-0.015976104885339737,0.13850337266921997,0.9902329444885254,0,0,0.12373200058937073,0,1,0.9982709288597107,0.043164826929569244,-0.0398985780775547,0,-0.025294169783592224,0.9281719326972961,0.3712901175022125,0,0.0530594177544117,-0.36963891983032227,0.9276589751243591,0,0,0.07062999904155731,-0.00417400011792779,1,-0.3086693584918976,0.31804800033569336,0.8964203596115112,0,-0.9509695172309875,-0.08385647088289261,-0.2977004647254944,0,-0.019512400031089783,-0.9443587064743042,0.32833757996559143,0,-0.05899199843406677,0.10542000085115433,0.0011210000375285745,1,0.8206644654273987,0.31030261516571045,0.47981467843055725,0,-0.4678880274295807,0.8469376564025879,0.25253939628601074,0,-0.3280096650123596,-0.43174996972084045,0.8402390480041504,0,0,0.1184300035238266,0,1,-0.12342699617147446,0.41884881258010864,-0.899628758430481,0,-0.765108048915863,0.5371599197387695,0.355061799287796,0,0.6319613456726074,0.7321370244026184,0.2541644275188446,0,0,0.21282200515270233,0,1,-0.2199079543352127,-0.285763680934906,-0.9327275156974792,0,0.9754942059516907,-0.05739268660545349,-0.21240733563899994,0,0.007166591007262468,-0.956580638885498,0.29138195514678955,0,0.05899199843406677,0.10550200194120407,0.0020639998838305473,1,0.8637654781341553,-0.16953641176223755,-0.47451794147491455,0,0.39511504769325256,0.8123033046722412,0.42900750041007996,0,0.31271982192993164,-0.5580506324768066,0.7686253190040588,0,0,0.1184300035238266,0,1,0.13920684158802032,-0.6164214611053467,0.7750140428543091,0,0.9003653526306152,0.40461406111717224,0.16009488701820374,0,-0.41226738691329956,0.6755092740058899,0.6113294363021851,0,0,0.21330900490283966,0,1,-0.782325804233551,0.5083286762237549,0.35995545983314514,0,-0.6178930997848511,-0.5604569315910339,-0.5514495968818665,0,-0.07857805490493774,-0.6538270115852356,0.7525525689125061,0,-0.11737799644470215,-0.0457179993391037,0.0076790000312030315,1,0.9352088570594788,-0.19018328189849854,0.29868799448013306,0,-0.2605186104774475,0.20174412429332733,0.9441548585891724,0,-0.2398211658000946,-0.9607963562011719,0.13912668824195862,0,0,0.1913290023803711,0,1,-0.8791528344154358,-0.12939587235450745,0.45863592624664307,0,-0.46332281827926636,0.00700008450075984,-0.8861622214317322,0,0.11145519465208054,-0.9915679693222046,-0.06610613316297531,0,0,0.1522729992866516,0,1,0.9176183342933655,-0.21218304336071014,0.33608877658843994,0,0.011640661396086216,0.8595677018165588,0.5108888745307922,0,-0.39729300141334534,-0.46488869190216064,0.791225016117096,0,0,0.09855499863624573,0,1,-0.7878282070159912,-0.3711380958557129,-0.4915110468864441,0,0.6044794917106628,-0.6188834309577942,-0.5015853643417358,0,-0.11803066730499268,-0.692271888256073,0.7119195461273193,0,0.11737799644470215,-0.0457179993391037,0.007526000030338764,1,0.963016927242279,0.2334229201078415,-0.13458102941513062,0,0.08277426660060883,0.21903082728385925,0.9722012281417847,0,0.2564114034175873,-0.9473860263824463,0.1916089653968811,0,0,0.19156700372695923,0,1,-0.896792471408844,0.20624493062496185,-0.39144042134284973,0,0.40308046340942383,0.016009485349059105,-0.9150247573852539,0,-0.18245242536067963,-0.9783690571784973,-0.09749037772417068,0,0,0.1521649956703186,0,1,0.8521353006362915,0.23775853216648102,-0.46619370579719543,0,0.019169650971889496,0.8760563135147095,0.48182761669158936,0,0.5229704976081848,-0.4195190370082855,0.7419606447219849,0,0,0.09497799724340439,0,1
K0.134,0.9997758269309998,0.016217930242419243,-0.01362545508891344,0,-0.016267383471131325,0.9998619556427002,-0.0035263635218143463,0,0.013566366396844387,0.0037472194526344538,0.9999003410339355,0,0.0008829300059005618,0.3366503417491913,-0.0247349813580513,1,0.9999129772186279,-0.01272143516689539,0.0034105381928384304,0,0.013141893781721592,0.9808052182197571,-0.19454415142536163,0,-0.0008701935294084251,0.19457221031188965,0.9808879494667053,0,0,0.08217599987983704,0.007162000052630901,1,0.9998154640197754,-0.018873317167162895,0.0037072247359901667,0,0.019020892679691315,0.9415892958641052,-0.3362269997596741,0,0.0028550350107252598,0.33623531460762024,0.9417740702629089,0,0,0.09623599797487259,0,1,0.9998295903205872,-0.018109040334820747,0.003708664793521166,0,0.018480027094483376,0.974643886089325,-0.22299501299858093,0,0.0004235977539792657,0.22302550077438354,0.9748122692108154,0,0,0.10998400300741196,0,1,0.9998700022697449,0.00001207774766953662,0.01612989418208599,0,0.0022220774553716183,0.9903619885444641,-0.13848508894443512,0,-0.015976104885339737,0.13850291073322296,0.9902330636978149,0,0,0.12373200058937073,0,1,0.9982709288597107,0.043164826929569244,-0.0398985780775547,0,-0.025294169783592224,0.9281719326972961,0.3712901175022125,0,0.0530594177544117,-0.36963891983032227,0.9276589751243591,0,0,0.07062999904155731,-0.00417400011792779,1,-0.3062416911125183,0.31228142976760864,0.8992757797241211,0,-0.951684832572937,-0.07795528322458267,-0.29701855778694153,0,-0.022650087252259254,-0.9467853903770447,0.321066290140152,0,-0.05899199843406677,0.10542000085115433,0.0011210000375285745,1,0.830886721611023,0.3160383105278015,0.45798221230506897,0,-0.46534013748168945,0.8459351062774658,0.260483980178833,0,-0.3051001727581024,-0.4295499920845032,0.8499411344528198,0,0,0.1184300035238266,0,1,-0.1296217292547226,0.42162853479385376,-0.8974559903144836,0,-0.780534565448761,0.514809787273407,0.35459426045417786,0,0.6115262508392334,0.7464587092399597,0.2623651623725891,0,0,0.21282200515270233,0,1,-0.21444228291511536,-0.2775917947292328,-0.9364604949951172,0,0.9767256379127502,-0.05633048713207245,-0.20696482062339783,0,0.0047004795633256435,-0.9590466618537903,0.28321054577827454,0,0.05899199843406677,0.10550200194120407,0.0020639998838305473,1,0.866990327835083,-0.17458805441856384,-0.46674102544784546,0,0.39744389057159424,0.8072651624679565,0.4363044798374176,0,0.3006100654602051,-0.5637748837471008,0.7692796587944031,0,0,0.1184300035238266,0,1,0.13349513709545135,-0.6172989010810852,0.7753198742866516,0,0.9011530876159668,0.4011787474155426,0.16425177454948425,0,-0.4124346077442169,0.6767556071281433,0.609836757183075,0,0,0.21330900490283966,0,1,-0.7867360711097717,0.5069961547851562,0.3521389663219452,0,-0.611680269241333,-0.5635631084442139,-0.5551972389221191,0,-0.0830303505063057,-0.6521899700164795,0.7534946799278259,0,-0.11737799644470215,-0.0457179993391037,0.0076790000312030315,1,0.9329339861869812,-0.19857224822044373,0.3003377616405487,0,-0.25828638672828674,0.2120489776134491,0.9425094723701477,0,-0.2508426606655121,-0.9568727612495422,0.14653925597667694,0,0,0.1913290023803711,0,1,-0.8788586258888245,-0.13814446330070496,0.4566441774368286,0,-0.46272093057632446,0.013739763759076595,-0.8863974213600159,0,0.11617668718099594,-0.9903163313865662,-0.07599747180938721,0,0,0.1522729992866516,0,1,0.917932391166687,-0.21111945807933807,0.3359009027481079,0,0.011828310787677765,0.8608441948890686,0.5087315440177917,0,-0.39656129479408264,-0.46300777792930603,0.7926936745643616,0,0,0.09855499863624573,0,1,-0.7883465886116028,-0.3703720271587372,-0.4912578761577606,0,0.603363037109375,-0.6215172410011292,-0.49966952204704285,0,-0.12026158720254898,-0.6903194189071655,0.7134395837783813,0,0.11737799644470215,-0.0457179993391037,0.007526000030338764,1,0.9620596766471863,0.23424606025218964,-0.13989003002643585,0,0.08683253079652786,0.2231888622045517,0.9708998203277588,0,0.2586514949798584,-0.9462110996246338,0.19438093900680542,0,0,0.19156700372695923,0,1,-0.8975585699081421,0.20367145538330078,-0.3910331726074219,0,0.4024868309497833,0.01645439676940441,-0.9152783155441284,0,-0.17998167872428894,-0.9789007306098938,-0.0967438593506813,0,0,0.1521649956703186,0,1,0.8529465794563293,0.2369338423013687,-0.4651297628879547,0,0.019485995173454285,0.8759809136390686,0.48195162415504456,0,0.5216349363327026,-0.4201420843601227,0.742547333240509,0,0,0.09497799724340439,0,1
K0.168,0.999744713306427,0.01598617620766163,-0.0159639623016119,0,-0.016073543578386307,0.99985671043396,-0.005359539296478033,0,0.015875989571213722,0.005614767782390118,0.9998580813407898,0,0.0019233297789469361,0.33772194385528564,-0.02439987286925316,1,0.9998752474784851,-0.01469478104263544,0.005875704810023308,0,0.015547624789178371,0.9814023971557617,-0.19132888317108154,0,-0.00295489514246583,0.19139638543128967,0.9815084934234619,0,0,0.08217599987983704,0.007162000052630901,1,0.9997961521148682,-0.019412504509091377,0.005618674214929342,0,0.020176013931632042,0.9428523778915405,-0.33260080218315125,0,0.001159032341092825,0.33264604210853577,0.9430509805679321,0,0,0.09623599797487259,0,1,0.9998131990432739,-0.018440697342157364,0.005808608140796423,0,0.01927502267062664,0.9741457104682922,-0.2250957489013672,0,-0.0015075075207278132,0.22516557574272156,0.97431880235672,0,0,0.10998400300741196,0,1,0.9998700022697449,0.000012081581189704593,0.01612989604473114,0,0.002222081646323204,0.9903621077537537,-0.13848558068275452,0,-0.015976104885339737,0.13850337266921997,0.9902329444885254,0,0,0.12373200058937073,0,1,0.9982709288597107,0.043164826929569244,-0.0398985780775547,0,-0.025294169783592224,0.9281719326972961,0.3712901175022125,0,0.0530594177544117,-0.36963891983032227,0.9276589751243591,0,0,0.07062999904155731,-0.00417400011792779,1,-0.30392488837242126,0.3053293824195862,0.902442991733551,0,-0.9523125886917114,-0.07050369679927826,-0.2968660295009613,0,-0.027016330510377884,-0.9496333599090576,0.31219708919525146,0,-0.05899199843406677,0.10542000085115433,0.0011210000375285745,1,0.8424175977706909,0.32219815254211426,0.43188124895095825,0,-0.461499959230423,0.8451597094535828,0.2696731388568878,0,-0.27812039852142334,-0.42649054527282715,0.8606716990470886,0,0,0.1184300035238266,0,1,-0.13720190525054932,0.4247690737247467,-0.8948449492454529,0,-0.7982998490333557,0.4874091148376465,0.35376471281051636,0,0.5864237546920776,0.7628915309906006,0.2722195088863373,0,0,0.21282200515270233,0,1,-0.20773614943027496,-0.26769542694091797,-0.9408425688743591,0,0.9781835675239563,-0.055028561502695084,-0.20032380521297455,0,0.001852591522037983,-0.9619308114051819,0.27328652143478394,0,0.05899199843406677,0.10550200194120407,0.0020639998838305473,1,0.8704931735992432,-0.18062974512577057,-0.45783814787864685,0,0.40004611015319824,0.8015570640563965,0.4443760812282562,0,0.28671568632125854,-0.5699823498725891,0.7700096964836121,0,0,0.1184300035238266,0,1,0.12672999501228333,-0.6180222630500793,0.7758788466453552,0,0.9017146825790405,0.39771294593811035,0.16951248049736023,0,-0.41333985328674316,0.6781395673751831,0.6076823472976685,0,0,0.21330900490283966,0,1,-0.7910016775131226,0.5062655210494995,0.34352752566337585,0,-0.6054885387420654,-0.5672436952590942,-0.5582273602485657,0,-0.08774751424789429,-0.6495610475540161,0.755229115486145,0,-0.11737799644470215,-0.0457179993391037,0.0076790000312030315,1,0.9301306009292603,-0.20798540115356445,0.30265292525291443,0,-0.255818247795105,0.2243085652589798,0.9403421878814697,0,-0.2634650766849518,-0.9520652294158936,0.15542979538440704,0,0,0.1913290023803711,0,1,-0.8781741261482239,-0.14821767807006836,0.4547983705997467,0,-0.46262529492378235,0.021457433700561523,-0.8862941861152649,0,0.12160566449165344,-0.988722026348114,-0.08741273730993271,0,0,0.1522729992866516,0,1,0.9180404543876648,-0.2107514888048172,0.3358340859413147,0,0.011893288232386112,0.8612843751907349,0.5079842805862427,0,-0.39630720019340515,-0.4623560607433319,0.7932005524635315,0,0,0.09855499863624573,0,1,-0.7897571325302124,-0.3689412474632263,-0.4900673031806946,0,0.6010951399803162,-0.6247946619987488,-0.4983125627040863,0,-0.1223435252904892,-0.6881236433982849,0.7152055501937866,0,0.11737799644470215,-0.0457179993391037,0.007526000030338764,1,0.9606037139892578,0.23605629801750183,-0.14669068157672882,0,0.09191278368234634,0.2282828688621521,0.9692460298538208,0,0.26228368282318115,-0.9445444345474243,0.1975928544998169,0,0,0.19156700372695923,0,1,-0.8984454870223999,0.20022982358932495,-0.3907746374607086,0,0.4021032750606537,0.017697427421808243,-0.915423572063446,0,-0.1763792335987091,-0.9795891046524048,-0.09641323983669281,0,0,0.1521649956703186,0,1,0.8526265025138855,0.2372947782278061,-0.4655323922634125,0,0.019316473975777626,0.8760107159614563,0.4819052219390869,0,0.5221642851829529,-0.4198770821094513,0.7423253059387207,0,0,0.09497799724340439,0,1
K0.202,0.9997325539588928,0.01571403071284294,-0.0169716477394104,0,-0.01584353670477867,0.9998463988304138,-0.0075235250405967236,0,0.016850803047418594,0.007790400180965662,0.9998272657394409,0,0.003121842397376895,0.33891239762306213,-0.023999419063329697,1,0.9998224973678589,-0.016838954761624336,0.008411547169089317,0,0.018118714913725853,0.9820671677589417,-0.1876605600118637,0,-0.005100698210299015,0.18777969479560852,0.982198178768158,0,0,0.08217599987983704,0.007162000052630901,1,0.9997708201408386,-0.020008793100714684,0.007582508958876133,0,0.021389354020357132,0.9442296624183655,-0.32859259843826294,0,-0.0005848873406648636,0.32867950201034546,0.9444411993026733,0,0,0.09623599797487259,0,1,0.9997919201850891,-0.018802128732204437,0.007969215512275696,0,0.020121395587921143,0.9736349582672119,-0.22722415626049042,0,-0.003486806759610772,0.2273370772600174,0.9738100171089172,0,0,0.10998400300741196,0,1,0.9998700022697449,0.000012077627616235986,0.01612989418208599,0,0.0022220774553716183,0.9903619885444641,-0.13848507404327393,0,-0.015976104885339737,0.13850289583206177,0.9902330636978149,0,0,0.12373200058937073,0,1,0.9982709288597107,0.043164826929569244,-0.0398985780775547,0,-0.025294169783592224,0.9281719326972961,0.3712901175022125,0,0.0530594177544117,-0.36963891983032227,0.9276589751243591,0,0,0.07062999904155731,-0.00417400011792779,1,-0.30218833684921265,0.29732465744018555,0.905692994594574,0,-0.9526804685592651,-0.06140722706913948,-0.2977069318294525,0,-0.03289944306015968,-0.9527992606163025,0.3018118739128113,0,-0.05899199843406677,0.10542000085115433,0.0011210000375285745,1,0.8547483086585999,0.32812559604644775,0.40216830372810364,0,-0.4559536278247833,0.844907820224762,0.2797081172466278,0,-0.2480156421661377,-0.42244991660118103,0.8717931509017944,0,0,0.1184300035238266,0,1,-0.14610961079597473,0.4281074106693268,-0.8918387293815613,0,-0.8176587820053101,0.45519691705703735,0.352463960647583,0,0.5568543672561646,0.7807177901268005,0.28353700041770935,0,0,0.21282200515270233,0,1,-0.1998262256383896,-0.2562061548233032,-0.9457417726516724,0,0.979830265045166,-0.05348292365670204,-0.19253996014595032,0,-0.0012510698288679123,-0.9651410579681396,0.2617257833480835,0,0.05899199843406677,0.10550200194120407,0.0020639998838305473,1,0.874014139175415,-0.18747352063655853,-0.44827747344970703,0,0.4027908146381378,0.7955445647239685,0.4526244103908539,0,0.27176952362060547,-0.5761619806289673,0.7708295583724976,0,0,0.1184300035238266,0,1,0.11909932643175125,-0.6183843612670898,0.7767994999885559,0,0.901791512966156,0.39472514390945435,0.17596445977687836,0,-0.41543570160865784,0.6795534491539001,0.6046648025512695,0,0,0.21330900490283966,0,1,-0.794825553894043,0.5058148503303528,0.3352676033973694,0,-0.5998623967170715,-0.5713610649108887,-0.560099184513092,0,-0.09174764901399612,-0.6462955474853516,0.7575516104698181,0,-0.11737799644470215,-0.0457179993391037,0.0076790000312030315,1,0.9271268248558044,-0.2174304723739624,0.30522021651268005,0,-0.2527258098125458,0.23861326277256012,0.9376533031463623,0,-0.2767040431499481,-0.9464607834815979,0.16627450287342072,0,0,0.1913290023803711,0,1,-0.8771090507507324,-0.15933091938495636,0.4530930817127228,0,-0.4630619287490845,0.03012395277619362,-0.8858139514923096,0,0.12748867273330688,-0.9867659211158752,-0.10020195692777634,0,0,0.1522729992866516,0,1,0.918129026889801,-0.21045531332492828,0.335780531167984,0,0.011945405043661594,0.8616384863853455,0.5073819160461426,0,-0.3961024582386017,-0.4618307948112488,0.7936088442802429,0,0,0.09855499863624573,0,1,-0.7922109961509705,-0.3662255108356476,-0.4881400465965271,0,0.597521185874939,-0.6280187964439392,-0.49855849146842957,0,-0.12397626042366028,-0.6866374611854553,0.7163507342338562,0,0.11737799644470215,-0.0457179993391037,0.007526000030338764,1,0.9590136408805847,0.23816148936748505,-0.153531014919281,0,0.09678151458501816,0.2339363843202591,0.9674229025840759,0,0.26631924510002136,-0.9426303505897522,0.20129847526550293,0,0,0.19156700372695923,0,1,-0.8996170163154602,0.19600197672843933,-0.3902210295200348,0,0.401483952999115,0.01976989023387432,-0.9156525731086731,0,-0.17175507545471191,-0.9804039597511292,-0.09647683054208755,0,0,0.1521649956703186,0,1,0.8521595001220703,0.23779797554016113,-0.4661296010017395,0,0.019098548218607903,0.876052737236023,0.4818372130393982,0,0.5229337811470032,-0.4195043742656708,0.7419947385787964,0,0,0.09497799724340439,0,1
