4.567,30,136,25
B0,mixamorig_Hips,-1,-0.9997429251670837,0.019735729321837425,0.011137045919895172,0,0.01968526467680931,0.9997960329055786,-0.004624214954674244,0,-0.011226030066609383,-0.0044037881307303905,-0.9999269843101501,0,0.0017239999724552035,0.3345069885253906,0.025112999603152275,1
B1,mixamorig_Spine,0,0.9999629855155945,-0.008232351392507553,-0.0023528635501861572,0,0.007590627763420343,0.9795200824737549,-0.2012040913105011,0,0.003961062524467707,0.2011789083480835,0.9795470237731934,0,0,0.08217599987983704,0.007162000052630901,1
B2,mixamorig_Spine1,1,0.9998429417610168,-0.017713380977511406,-0.0007569804438389838,0,0.016371633857488632,0.9388099908828735,-0.34404686093330383,0,0.0068048895336687565,0.34398019313812256,0.9389519691467285,0,0,0.09623599797487259,0,1
B3,mixamorig_Spine2,2,0.9998499751091003,-0.017255796119570732,-0.0011848810827359557,0,0.016582168638706207,0.9757919907569885,-0.21806903183460236,0,0.004919159226119518,0.21801696717739105,0.9759330749511719,0,0,0.10998400300741196,0,1
B4,mixamorig_Neck,3,0.9998700022697449,0.000011026410902559292,0.016130318865180016,0,0.0022209754679352045,0.9903810620307922,-0.13834859430789948,0,-0.015976682305336,0.13836640119552612,0.9902520179748535,0,0,0.12373200058937073,0,1
B5,mixamorig_Head,4,0.9982709288597107,0.043164752423763275,-0.03989862650632858,0,-0.02529408410191536,0.9281719326972961,0.37129008769989014,0,0.05305943265557289,-0.3696388900279999,0.9276589751243591,0,0,0.07062999904155731,-0.00417400011792779,1
B6,mixamorig_HeadTop_End,5,1,0,0,0,0,1,0,0,0,0,1,0,0,0.15726099908351898,-0.009294000454246998,1
B7,mixamorig_LeftShoulder,3,-0.3130797743797302,0.3263011872768402,0.8919129967689514,0,-0.9495939016342163,-0.09186102449893951,-0.2997201681137085,0,-0.015867004171013832,-0.9407920837402344,0.33861371874809265,0,-0.05899199843406677,0.10542000085115433,0.0011210000375285745,1
B8,mixamorig_LeftArm,7,0.804757833480835,0.30091413855552673,0.5116782188415527,0,-0.4703647196292877,0.8490850329399109,0.24044014513492584,0,-0.3621068596839905,-0.4341719150543213,0.8248481154441833,0,0,0.1184300035238266,0,1
B9,mixamorig_LeftForeArm,8,-0.11481411755084991,0.41459837555885315,-0.902732789516449,0,-0.7416170835494995,0.5688350796699524,0.3555716872215271,0,0.6609249114990234,0.7103061079978943,0.24216271936893463,0,0,0.21282200515270233,0,1
B10,mixamorig_LeftHand,9,1,0,0,0,0,1,0,0,0,0,1,0,0,0.20104500651359558,0,1
B11,mixamorig_RightShoulder,3,-0.2275848537683487,-0.2976970076560974,-0.9271360039710999,0,0.9736969470977783,-0.05887999385595322,-0.2201082557439804,0,0.01093579363077879,-0.9528430104255676,0.3032669425010681,0,0.05899199843406677,0.10550200194120407,0.0020639998838305473,1
B12,mixamorig_RightArm,11,0.8585078716278076,-0.16218388080596924,-0.4864782691001892,0,0.3914199769496918,0.8201349377632141,0.4173351228237152,0,0.3312927484512329,-0.5487027168273926,0.7675742506980896,0,0,0.1184300035238266,0,1
B13,mixamorig_RightForeArm,12,0.14761781692504883,-0.6146289110183716,0.7748810648918152,0,0.8986160159111023,0.41062700748443604,0.15451596677303314,0,-0.4131569564342499,0.6735109686851501,0.6129310131072998,0,0,0.21330900490283966,0,1
B14,mixamorig_RightHand,13,1,0,0,0,0,1,0,0,0,0,1,0,0,0.20100100338459015,0,1
B15,mixamorig_LeftUpLeg,0,-0.7685741782188416,0.5171688199043274,0.37660491466522217,0,-0.6361621022224426,-0.5554497838020325,-0.5355119109153748,0,-0.06776491552591324,-0.6511619091033936,0.7559071183204651,0,-0.11737799644470215,-0.0457179993391037,0.0076790000312030315,1
B16,mixamorig_LeftLeg,15,0.9380170702934265,-0.17300276458263397,0.3003230392932892,0,-0.2687070071697235,0.18428672850131989,0.9454280138015747,0,-0.21890728175640106,-0.967526912689209,0.12637707591056824,0,0,0.1913290023803711,0,1
B17,mixamorig_LeftFoot,16,-0.878307044506073,-0.11135406792163849,0.4649481475353241,0,-0.46727389097213745,-0.005814846139401197,-0.8840931057929993,0,0.1011510118842125,-0.9937641024589539,-0.046925801783800125,0,0,0.1522729992866516,0,1
B18,mixamorig_LeftToeBase,17,0.9150678515434265,-0.22080029547214508,0.33748820424079895,0,0.010060914792120457,0.8490540385246277,0.5282108783721924,0,-0.40317460894584656,-0.4799531102180481,0.7791630625724792,0,0,0.09855499863624573,0,1
B19,mixamorig_LeftToe_End,18,1,0,0,0,0,1,0,0,0,0,1,0,0,0.061827998608350754,0,1
B20,mixamorig_RightUpLeg,0,-0.7915858626365662,-0.37131795287132263,-0.48529717326164246,0,0.6008098125457764,-0.6177912950515747,-0.5073087215423584,0,-0.11143960803747177,-0.6931502223014832,0.7121268510818481,0,0.11737799644470215,-0.0457179993391037,0.007526000030338764,1
B21,mixamorig_RightLeg,20,0.962367057800293,0.23730677366256714,-0.13242118060588837,0,0.08090277761220932,0.21500304341316223,0.9732569456100464,0,0.25943121314048767,-0.9473429322242737,0.1877129226922989,0,0,0.19156700372695923,0,1
B22,mixamorig_RightFoot,21,-0.8954572081565857,0.20780490338802338,-0.39366573095321655,0,0.40629124641418457,0.020184913650155067,-0.9135209321975708,0,-0.18188805878162384,-0.9779620170593262,-0.10250405967235565,0,0,0.1521649956703186,0,1
B23,mixamorig_RightToeBase,22,0.8469721078872681,0.24689090251922607,-0.47083285450935364,0,0.018459003418684006,0.8714360594749451,0.4901609718799591,0,0.5313171744346619,-0.4238439202308655,0.7335249185562134,0,0,0.09497799724340439,0,1
B24,mixamorig_RightToe_End,23,1,0,0,0,0,1,0,0,0,0,1,0,0,0.06151000037789345,0,1
@20,0,1,2,3,4,5,7,8,9,11,12,13,15,16,17,18,20,21,22,23
K0,0.9997546076774597,0.019735731184482574,-0.010023016482591629,0,-0.01969040557742119,0.9997960329055786,0.00460227532312274,0,0.010111795738339424,-0.004403787199407816,0.9999387860298157,0,-0.001696016057394445,0.3345069885253906,-0.02511490322649479,1,0.9999629855155945,-0.008232366293668747,-0.00235289940610528,0,0.00759063521400094,0.9795200824737549,-0.2012040913105011,0,0.003961100708693266,0.2011789083480835,0.9795470237731934,0,0,0.08217599987983704,0.007162000052630901,1,0.9998429417610168,-0.017713382840156555,-0.0007570476154796779,0,0.01637161336839199,0.9388099908828735,-0.34404686093330383,0,0.006804953329265118,0.34398019313812256,0.9389519691467285,0,0,0.09623599797487259,0,1,0.9998499751091003,-0.017255811020731926,-0.0011848591966554523,0,0.01658218912780285,0.9757919311523438,-0.21806903183460236,0,0.004919140599668026,0.21801696717739105,0.9759330749511719,0,0,0.10998400300741196,0,1,0.9998700022697449,0.000011000975064234808,0.016130320727825165,0,0.002221000613644719,0.9903810620307922,-0.13834857940673828,0,-0.01597668044269085,0.13836638629436493,0.9902520179748535,0,0,0.12373200058937073,0,1,0.9982709288597107,0.043164826929569244,-0.0398985780775547,0,-0.025294169783592224,0.9281719326972961,0.3712901175022125,0,0.0530594177544117,-0.36963891983032227,0.9276589751243591,0,0,0.07062999904155731,-0.00417400011792779,1,-0.31307995319366455,0.32630133628845215,0.8919128775596619,0,-0.9495938420295715,-0.09186149388551712,-0.2997201979160309,0,-0.015866657719016075,-0.9407919645309448,0.33861398696899414,0,-0.05899199843406677,0.10542000085115433,0.0011210000375285745,1,0.804757833480835,0.3009141981601715,0.511678159236908,0,-0.4703647494316101,0.8490850329399109,0.24044011533260345,0,-0.3621068298816681,-0.4341718852519989,0.8248481154441833,0,0,0.1184300035238266,0,1,-0.11481394618749619,0.4145984351634979,-0.9027328491210938,0,-0.7416167855262756,0.5688354969024658,0.3555716872215271,0,0.6609253287315369,0.7103057503700256,0.24216267466545105,0,0,0.21282200515270233,0,1,-0.22758491337299347,-0.2976968288421631,-0.9271361231803894,0,0.9736969470977783,-0.05888012424111366,-0.2201082408428192,0,0.010935654863715172,-0.9528430700302124,0.3032667338848114,0,0.05899199843406677,0.10550200194120407,0.0020639998838305473,1,0.8585078120231628,-0.162183940410614,-0.4864782691001892,0,0.39142003655433655,0.8201348781585693,0.41733518242836,0,0.3312927186489105,-0.5487027764320374,0.7675742506980896,0,0,0.1184300035238266,0,1,0.1476178616285324,-0.6146289706230164,0.7748810648918152,0,0.8986160755157471,0.41062700748443604,0.15451593697071075,0,-0.4131569564342499,0.6735109686851501,0.6129310727119446,0,0,0.21330900490283966,0,1,-0.7685742378234863,0.5171688795089722,0.37660497426986694,0,-0.6361621618270874,-0.5554497838020325,-0.5355119705200195,0,-0.06776493042707443,-0.6511619687080383,0.7559070587158203,0,-0.11737799644470215,-0.0457179993391037,0.0076790000312030315,1,0.9380171298980713,-0.1730027198791504,0.3003227710723877,0,-0.268706738948822,0.18428672850131989,0.9454281330108643,0,-0.21890723705291748,-0.967526912689209,0.1263771504163742,0,0,0.1913290023803711,0,1,-0.8783068656921387,-0.11135414242744446,0.46494805812835693,0,-0.4672738313674927,-0.005814684554934502,-0.8840930461883545,0,0.10115104913711548,-0.9937639832496643,-0.046925801783800125,0,0,0.1522729992866516,0,1,0.9150678515434265,-0.22080020606517792,0.3374882936477661,0,0.010060801170766354,0.8490540385246277,0.5282108783721924,0,-0.40317463874816895,-0.4799531102180481,0.7791630625724792,0,0,0.09855499863624573,0,1,-0.7915858626365662,-0.3713180124759674,-0.4852973520755768,0,0.6008099913597107,-0.6177913546562195,-0.5073087215423584,0,-0.11143965274095535,-0.6931503415107727,0.7121267914772034,0,0.11737799644470215,-0.0457179993391037,0.007526000030338764,1,0.9623671174049377,0.237306609749794,-0.13242097198963165,0,0.080902598798275,0.21500304341316223,0.9732569456100464,0,0.25943100452423096,-0.9473429322242737,0.18771298229694366,0,0,0.19156700372695923,0,1,-0.8954573273658752,0.2078046351671219,-0.3936658203601837,0,0.40629130601882935,0.020184820517897606,-0.9135209918022156,0,-0.18188782036304474,-0.9779621362686157,-0.10250399261713028,0,0,0.1521649956703186,0,1,0.8469721078872681,0.24689097702503204,-0.47083285450935364,0,0.01845897175371647,0.8714359998703003,0.4901610314846039,0,0.5313171744346619,-0.42384397983551025,0.7335249185562134,0,0,0.09497799724340439,0,1
K0.034,0.9997469186782837,0.020052842795848846,-0.010202675126492977,0,-0.020008519291877747,0.9997899532318115,0.004427568055689335,0,0.010289317928254604,-0.004222307354211807,0.9999380707740784,0,-0.0017432555323466659,0.33447983860969543,-0.025164375081658363,1,0.9999639391899109,-0.008215836249291897,-0.002192150102928281,0,0.0076073347590863705,0.9795493483543396,-0.20106130838394165,0,0.003799205180257559,0.20103734731674194,0.9795763492584229,0,0,0.08217599987983704,0.007162000052630901,1,0.9998430013656616,-0.017691096290946007,-0.0005022983532398939,0,0.016439948230981827,0.9388941526412964,-0.3438148498535156,0,0.006554062012583017,0.343752384185791,0.9390369653701782,0,0,0.09623599797487259,0,1,0.9998509287834167,-0.01724972389638424,-0.001116416184231639,0,0.016592375934123993,0.9758468270301819,-0.21782658994197845,0,0.0048468951135873795,0.2177753895521164,0.9759865403175354,0,0,0.10998400300741196,0,1,0.9998740553855896,0.00031695529469288886,0.015852926298975945,0,0.0018846847815439105,0.9903365969657898,-0.1386709213256836,0,-0.015743693336844444,0.13868339359760284,0.9902117252349854,0,0,0.12373200058937073,0,1,0.9981831908226013,0.043781593441963196,-0.04140229895710945,0,-0.025294585153460503,0.9280637502670288,0.37156105041503906,0,0.054691512137651443,-0.36983874440193176,0.9274851083755493,0,0,0.07062999904155731,-0.00417400011792779,1,-0.31331464648246765,0.32620713114738464,0.8918647170066833,0,-0.949532687664032,-0.09286286681890488,-0.2996082007884979,0,-0.014913196675479412,-0.940725564956665,0.3388393819332123,0,-0.05899199843406677,0.10542000085115433,0.0011210000375285745,1,0.804535984992981,0.3017479181289673,0.5115359425544739,0,-0.47046712040901184,0.8494771122932434,0.23884890973567963,0,-0.3624662160873413,-0.43282368779182434,0.8253978490829468,0,0,0.1184300035238266,0,1,-0.1151513159275055,0.41425129771232605,-0.9028488993644714,0,-0.7416489124298096,0.5687936544418335,0.35556933283805847,0,0.6608304977416992,0.7105420827865601,0.24173203110694885,0,0,0.21282200515270233,0,1,-0.22748731076717377,-0.29779964685440063,-0.927126944065094,0,0.9737141132354736,-0.05844128504395485,-0.2201465517282486,0,0.011377090588212013,-0.9528377652168274,0.3032665252685547,0,0.05899199843406677,0.10550200194120407,0.0020639998838305473,1,0.859011173248291,-0.16165012121200562,-0.4857674539089203,0,0.39069414138793945,0.8201629519462585,0.41795963048934937,0,0.33084526658058167,-0.5488185286521912,0.7676848769187927,0,0,0.1184300035238266,0,1,0.14748720824718475,-0.6147352457046509,0.774821400642395,0,0.8988720178604126,0.4101448357105255,0.1543043851852417,0,-0.4126455783843994,0.6737076640129089,0.6130596399307251,0,0,0.21330900490283966,0,1,-0.7687184810638428,0.5176759958267212,0.3756119906902313,0,-0.6358516216278076,-0.5551742911338806,-0.536166250705719,0,-0.06903031468391418,-0.6509944200515747,0.7559378147125244,0,-0.11737799644470215,-0.0457179993391037,0.0076790000312030315,1,0.9379361867904663,-0.17361299693584442,0.30022403597831726,0,-0.268659383058548,0.18370258808135986,0.945555567741394,0,-0.21931272745132446,-0.9675291180610657,0.12565858662128448,0,0,0.1913290023803711,0,1,-0.8782626390457153,-0.112075075507164,0.4648584723472595,0,-0.46715307235717773,-0.00645205844193697,-0.884153425693512,0,0.10209079831838608,-0.9936784505844116,-0.04668956995010376,0,0,0.1522729992866516,0,1,0.9150680303573608,-0.22080016136169434,0.3374878764152527,0,0.010060845874249935,0.8490532040596008,0.5282106995582581,0,-0.40317413210868835,-0.47995325922966003,0.7791628241539001,0,0,0.09855499863624573,0,1,-0.7915700078010559,-0.3714474141597748,-0.48522502183914185,0,0.6007925271987915,-0.6181362867355347,-0.5069075226783752,0,-0.11164569854736328,-0.6927725672721863,0.7124611139297485,0,0.11737799644470215,-0.0457179993391037,0.007526000030338764,1,0.9622272253036499,0.23745712637901306,-0.13316453993320465,0,0.08170241117477417,0.21471861004829407,0.9732525944709778,0,0.25969868898391724,-0.9473700523376465,0.18720728158950806,0,0,0.19156700372695923,0,1,-0.8954612612724304,0.207725390791893,-0.39370018243789673,0,0.4062199890613556,0.01966020092368126,-0.913564145565033,0,-0.18203017115592957,-0.9779897928237915,-0.10198704153299332,0,0,0.1521649956703186,0,1,0.8469721078872681,0.24689097702503204,-0.47083285450935364,0,0.01845897175371647,0.8714359998703003,0.4901610314846039,0,0.5313171744346619,-0.42384397983551025,0.7335249185562134,0,0,0.09497799724340439,0,1
K0.067,0.9997314810752869,0.020423416048288345,-0.010897412896156311,0,-0.020380480214953423,0.9997839331626892,0.004036789294332266,0,0.010977515019476414,-0.003813615534454584,0.9999327659606934,0,-0.0017827501287683845,0.33445990085601807,-0.025221824645996094,1,0.9999639987945557,-0.008201811462640762,-0.0019435074646025896,0,0.007644408382475376,0.9795952439308167,-0.2008340060710907,0,0.003551055211573839,0.20081202685832977,0.9796232581138611,0,0,0.08217599987983704,0.007162000052630901,1,0.999845027923584,-0.017623072490096092,0.0002983146987389773,0,0.016653718426823616,0.9390355348587036,-0.34341660141944885,0,0.005771927535533905,0.3433683216571808,0.9391833543777466,0,0,0.09623599797487259,0,1,0.9998509883880615,-0.017230845987796783,-0.0008646711939945817,0,0.01663072407245636,0.9759378433227539,-0.21741367876529694,0,0.004590087104588747,0.21736688911914825,0.9760789275169373,0,0,0.10998400300741196,0,1,0.9998780488967896,0.0005937544628977776,0.015603415668010712,0,0.0015816835220903158,0.9902860522270203,-0.13903862237930298,0,-0.015534397214651108,0.139046311378479,0.9901641607284546,0,0,0.12373200058937073,0,1,0.9980707168579102,0.044582296162843704,-0.043205831199884415,0,-0.025343680754303932,0.9278870224952698,0.37199950218200684,0,0.05667474865913391,-0.37018701434135437,0.9272271990776062,0,0,0.07062999904155731,-0.00417400011792779,1,-0.3135143518447876,0.3261248767375946,0.8918245434761047,0,-0.949478268623352,-0.09371137619018555,-0.29951348900794983,0,-0.01410466805100441,-0.9406702518463135,0.339028537273407,0,-0.05899199843406677,0.10542000085115433,0.0011210000375285745,1,0.8044201731681824,0.30285948514938354,0.511061429977417,0,-0.4706091582775116,0.8498907089233398,0.23709486424922943,0,-0.3625398278236389,-0.4312339723110199,0.8261973857879639,0,0,0.1184300035238266,0,1,-0.11635101586580276,0.41307657957077026,-0.903232991695404,0,-0.7417587041854858,0.5686303377151489,0.35560286045074463,0,0.6604970693588257,0.7113558053970337,0.24024242162704468,0,0,0.21282200515270233,0,1,-0.22735151648521423,-0.29794207215309143,-0.9271149039268494,0,0.9737390875816345,-0.05783192813396454,-0.22019976377487183,0,0.011989948339760303,-0.9528310298919678,0.30326607823371887,0,0.05899199843406677,0.10550200194120407,0.0020639998838305473,1,0.8594457507133484,-0.16119197010993958,-0.4851486384868622,0,0.38993191719055176,0.8204106688499451,0.41818463802337646,0,0.33061352372169495,-0.5485826134681702,0.7679532766342163,0,0,0.1184300035238266,0,1,0.14767177402973175,-0.614605724811554,0.7748894095420837,0,0.8988779783248901,0.4102219343185425,0.1540682166814804,0,-0.41256776452064514,0.6737793684005737,0.6130335927009583,0,0,0.21330900490283966,0,1,-0.7690224647521973,0.5184987783432007,0.37384945154190063,0,-0.6352341771125793,-0.5546696186065674,-0.5374190211296082,0,-0.07128816097974777,-0.650769054889679,0.7559213638305664,0,-0.11737799644470215,-0.0457179993391037,0.0076790000312030315,1,0.9376714825630188,-0.17405712604522705,0.30079272389411926,0,-0.2692980468273163,0.1831595003604889,0.9454794526100159,0,-0.2196604609489441,-0.9675519466400146,0.1248701959848404,0,0,0.1913290023803711,0,1,-0.8783679008483887,-0.11273536831140518,0.46449941396713257,0,-0.46678102016448975,-0.006857048254460096,-0.8843466639518738,0,0.10288229584693909,-0.9936015605926514,-0.0465996116399765,0,0,0.1522729992866516,0,1,0.9150678515434265,-0.22080020606517792,0.3374882936477661,0,0.010060801170766354,0.8490540385246277,0.5282108783721924,0,-0.40317463874816895,-0.4799531102180481,0.7791630625724792,0,0,0.09855499863624573,0,1,-0.7915692329406738,-0.3716171681880951,-0.48509612679481506,0,0.6007537841796875,-0.6185604929924011,-0.5064367055892944,0,-0.1118607372045517,-0.6923031806945801,0.7128839492797852,0,0.11737799644470215,-0.0457179993391037,0.007526000030338764,1,0.96210116147995,0.2375291883945465,-0.13394492864608765,0,0.08250093460083008,0.2146327644586563,0.973204493522644,0,0.25991344451904297,-0.947371780872345,0.18690206110477448,0,0,0.19156700372695923,0,1,-0.8954046368598938,0.20781946182250977,-0.39377835392951965,0,0.406189888715744,0.019015848636627197,-0.913591206073761,0,-0.18237391114234924,-0.9779821038246155,-0.10144101083278656,0,0,0.1521649956703186,0,1,0.8469719886779785,0.2468910813331604,-0.47083303332328796,0,0.018459077924489975,0.8714359402656555,0.4901611804962158,0,0.5313170552253723,-0.4238438010215759,0.7335241436958313,0,0,0.09497799724340439,0,1
K0.101,0.9997189044952393,0.02084321156144142,-0.011323099955916405,0,-0.020803609862923622,0.9997768998146057,0.003603047225624323,0,0.011395670473575592,-0.0033664724323898554,0.9999291300773621,0,-0.0017735400469973683,0.3344533443450928,-0.02527824603021145,1,0.9999650120735168,-0.008190257474780083,-0.0017557202372699976,0,0.00767103023827076,0.9796090722084045,-0.2007656991481781,0,0.003364244010299444,0.20074529945850372,0.9796381592750549,0,0,0.08217599987983704,0.007162000052630901,1,0.9998428821563721,-0.017707528546452522,0.000784507195930928,0,0.016901589930057526,0.9391340613365173,-0.3431360721588135,0,0.005339330993592739,0.34309521317481995,0.939285159111023,0,0,0.09623599797487259,0,1,0.9998489618301392,-0.017381248995661736,-0.00046047821524553,0,0.01686665415763855,0.9759992957115173,-0.21712180972099304,0,0.004223271738737822,0.21708109974861145,0.9761443734169006,0,0,0.10998400300741196,0,1,0.9998800754547119,0.0007273395895026624,0.015486128628253937,0,0.001440001418814063,0.9902237057685852,-0.13948339223861694,0,-0.01543617807328701,0.13948890566825867,0.990103542804718,0,0,0.12373200058937073,0,1,0.9979832172393799,0.04541736841201782,-0.04435347393155098,0,-0.02567242458462715,0.9277390241622925,0.37234553694725037,0,0.058059412986040115,-0.3704559803009033,0.9270340800285339,0,0,0.07062999904155731,-0.00417400011792779,1,-0.3136947453022003,0.32606303691864014,0.891784131526947,0,-0.9494292736053467,-0.0944836437702179,-0.29942601919174194,0,-0.013372714631259441,-0.9406147599220276,0.3392130434513092,0,-0.05899199843406677,0.10542000085115433,0.0011210000375285745,1,0.8042948246002197,0.3045225143432617,0.5102701187133789,0,-0.4710574448108673,0.8501954078674316,0.2351018488407135,0,-0.3622356355190277,-0.4294579029083252,0.8272557258605957,0,0,0.1184300035238266,0,1,-0.11791937053203583,0.41187143325805664,-0.9035799503326416,0,-0.741875410079956,0.5683132410049438,0.35586613416671753,0,0.6600877046585083,0.7123074531555176,0.23854224383831024,0,0,0.21282200515270233,0,1,-0.22735556960105896,-0.29793715476989746,-0.9271150231361389,0,0.9737383723258972,-0.05784997344017029,-0.22019830346107483,0,0.0119717326015234,-0.9528310894966125,0.30326539278030396,0,0.05899199843406677,0.10550200194120407,0.0020639998838305473,1,0.8599804043769836,-0.15988923609256744,-0.48463281989097595,0,0.38805821537971497,0.8216277360916138,0.4175388813018799,0,0.33142781257629395,-0.5471410155296326,0.7686301469802856,0,0,0.1184300035238266,0,1,0.14711621403694153,-0.6144495606422424,0.7751186490058899,0,0.8992794752120972,0.40941521525382996,0.15386861562728882,0,-0.4118897318840027,0.6744115352630615,0.6127933859825134,0,0,0.21330900490283966,0,1,-0.7693228721618652,0.5193212628364563,0.37208518385887146,0,-0.6346194744110107,-0.5542313456535339,-0.5385949015617371,0,-0.07348255813121796,-0.6504863500595093,0.7559548020362854,0,-0.11737799644470215,-0.0457179993391037,0.0076790000312030315,1,0.9375093579292297,-0.17426447570323944,0.3011787235736847,0,-0.26977431774139404,0.18265722692012787,0.9454406499862671,0,-0.21976906061172485,-0.9676091074943542,0.12423069775104523,0,0,0.1913290023803711,0,1,-0.8785786628723145,-0.11351834237575531,0.46391093730926514,0,-0.4661667048931122,-0.0074186124838888645,-0.8846660852432251,0,0.10386738181114197,-0.9935081601142883,-0.04640048369765282,0,0,0.1522729992866516,0,1,0.9150680303573608,-0.22080010175704956,0.3374878764152527,0,0.010060909204185009,0.8490539789199829,0.5282109379768372,0,-0.40317410230636597,-0.4799530506134033,0.7791629433631897,0,0,0.09855499863624573,0,1,-0.7916562557220459,-0.3719937801361084,-0.4846660792827606,0,0.6006650328636169,-0.6189426183700562,-0.5060750246047974,0,-0.1117236316204071,-0.691758930683136,0.7134328484535217,0,0.11737799644470215,-0.0457179993391037,0.007526000030338764,1,0.9619715213775635,0.237482488155365,-0.13495679199695587,0,0.08340714871883392,0.21509413421154022,0.9730256199836731,0,0.2601046562194824,-0.9472783207893372,0.18710650503635406,0,0,0.19156700372695923,0,1,-0.8953061103820801,0.2081109881401062,-0.39384835958480835,0,0.4062652587890625,0.018872788175940514,-0.9135600328445435,0,-0.1826888769865036,-0.9779229164123535,-0.10144524276256561,0,0,0.1521649956703186,0,1,0.8469721078872681,0.24689097702503204,-0.47083285450935364,0,0.01845897175371647,0.8714359998703003,0.4901610314846039,0,0.5313171744346619,-0.42384397983551025,0.7335249185562134,0,0,0.09497799724340439,0,1
K0.134,0.9997034668922424,0.021139467135071754,-0.012090642005205154,0,-0.021101638674736023,0.9997717142105103,0.003246627515181899,0,0.012156520038843155,-0.0029905347619205713,0.9999217987060547,0,-0.0018047706689685583,0.33447015285491943,-0.025335172191262245,1,0.9999650120735168,-0.008173607289791107,-0.0015280154766514897,0,0.0077005112543702126,0.9796139001846313,-0.20074260234832764,0,0.003137658117339015,0.20072391629219055,0.9796430468559265,0,0,0.08217599987983704,0.007162000052630901,1,0.9998389482498169,-0.017872802913188934,0.0013024768559262156,0,0.017235931009054184,0.9392245411872864,-0.3428702652454376,0,0.00490473723039031,0.3428376615047455,0.9393818378448486,0,0,0.09623599797487259,0,1,0.9998449683189392,-0.01762884482741356,-0.000043242373067187145,0,0.017199983820319176,0.9760532975196838,-0.21684809029102325,0,0.0038649889174848795,0.21681377291679382,0.9762054681777954,0,0,0.10998400300741196,0,1,0.9998800158500671,0.0007813006523065269,0.015443784184753895,0,0.001387564348988235,0.9901607632637024,-0.13992756605148315,0,-0.015401153825223446,0.13993221521377563,0.9900408387184143,0,0,0.12373200058937073,0,1,0.9979459047317505,0.04608725383877754,-0.04449690878391266,0,-0.026180323213338852,0.9273324012756348,0.3733215928077698,0,0.05846882238984108,-0.3713899552822113,0.9266345500946045,0,0,0.07062999904155731,-0.00417400011792779,1,-0.31381386518478394,0.3259376585483551,0.8917878270149231,0,-0.9493966698646545,-0.09495165199041367,-0.2993822991847992,0,-0.012903263792395592,-0.9406110048294067,0.3392413556575775,0,-0.05899199843406677,0.10542000085115433,0.0011210000375285745,1,0.8042577505111694,0.3064155876636505,0.5091947317123413,0,-0.47175663709640503,0.8502568602561951,0.23347049951553345,0,-0.36140745878219604,-0.42798659205436707,0.8283795118331909,0,0,0.1184300035238266,0,1,-0.11968309432268143,0.4101858139038086,-0.9041149020195007,0,-0.7420417070388794,0.5680476427078247,0.3559447228908539,0,0.6595838069915771,0.7134913802146912,0.23638920485973358,0,0,0.21282200515270233,0,1,-0.2272530198097229,-0.2980445921421051,-0.9271058440208435,0,0.9737564325332642,-0.057390931993722916,-0.22023813426494598,0,0.012433274649083614,-0.9528247714042664,0.3032650649547577,0,0.05899199843406677,0.10550200194120407,0.0020639998838305473,1,0.8604971766471863,-0.15808336436748505,-0.48430824279785156,0,0.38601410388946533,0.8227050304412842,0.4173128306865692,0,0.33247247338294983,-0.5460461378097534,0.7689574956893921,0,0,0.1184300035238266,0,1,0.14678359031677246,-0.6140024662017822,0.7755359411239624,0,0.899392306804657,0.4092106521129608,0.15375211834907532,0,-0.41176173090934753,0.6749427914619446,0.6122944951057434,0,0,0.21330900490283966,0,1,-0.7696806788444519,0.5201449990272522,0.3701898753643036,0,-0.6339223980903625,-0.5538811087608337,-0.5397751927375793,0,-0.07572022825479507,-0.6501264572143555,0.7560434937477112,0,-0.11737799644470215,-0.0457179993391037,0.0076790000312030315,1,0.9373854994773865,-0.1742239147424698,0.30158570408821106,0,-0.2701355516910553,0.1828969120979309,0.9452908039093018,0,-0.2198515087366104,-0.9675715565681458,0.124380923807621,0,0,0.1913290023803711,0,1,-0.8788812756538391,-0.11467040330171585,0.46305376291275024,0,-0.4653715491294861,-0.007288218941539526,-0.8850853443145752,0,0.10486797988414764,-0.9933772683143616,-0.04695878177881241,0,0,0.1522729992866516,0,1,0.9150678515434265,-0.22080020606517792,0.3374882936477661,0,0.010060801170766354,0.8490540385246277,0.5282108783721924,0,-0.40317463874816895,-0.4799531102180481,0.7791630625724792,0,0,0.09855499863624573,0,1,-0.7916558980941772,-0.37280237674713135,-0.48404383659362793,0,0.6007288098335266,-0.619387149810791,-0.5054532885551453,0,-0.11137642711400986,-0.6909245848655701,0.7142950892448425,0,0.11737799644470215,-0.0457179993391037,0.007526000030338764,1,0.9617692828178406,0.23745787143707275,-0.1364353895187378,0,0.08480333536863327,0.21547360718250275,0.9728205800056458,0,0.2604018449783325,-0.9471980333328247,0.1870984584093094,0,0,0.19156700372695923,0,1,-0.895223081111908,0.208356574177742,-0.39390823245048523,0,0.4062914550304413,0.018547680228948593,-0.9135552644729614,0,-0.18303914368152618,-0.9778771996498108,-0.1012577936053276,0,0,0.1521649956703186,0,1,0.8469721078872681,0.24689097702503204,-0.47083285450935364,0,0.01845897175371647,0.8714359998703003,0.4901610314846039,0,0.5313171744346619,-0.42384397983551025,0.7335249185562134,0,0,0.09497799724340439,0,1
K0.168,0.9996879696846008,0.021602829918265343,-0.01252787932753563,0,-0.02156558446586132,0.999762773513794,0.003100625006482005,0,0.012591885402798653,-0.0028294860385358334,0.9999162554740906,0,-0.0018051695078611374,0.334510862827301,-0.02537313476204872,1,0.999966025352478,-0.008159855380654335,-0.0013712230138480663,0,0.007718474604189396,0.9796115159988403,-0.20075230300426483,0,0.00298137404024601,0.20073477923870087,0.9796406626701355,0,0,0.08217599987983704,0.007162000052630901,1,0.9998379945755005,-0.01794441044330597,0.001553358044475317,0,0.01738949492573738,0.9392432570457458,-0.3428121507167816,0,0.004692581482231617,0.3427836298942566,0.9394031763076782,0,0,0.09623599797487259,0,1,0.9998419880867004,-0.017755206674337387,0.0001589048042660579,0,0.017367403954267502,0.9760636687278748,-0.2167893797159195,0,0.003694041632115841,0.21675805747509003,0.9762186408042908,0,0,0.10998400300741196,0,1,0.9998811483383179,0.0008328408584930003,0.015402521006762981,0,0.0013389901723712683,0.990085780620575,-0.14045847952365875,0,-0.015366794541478157,0.14046239852905273,0.989966869354248,0,0,0.12373200058937073,0,1,0.9979398250579834,0.04663245379924774,-0.04405798017978668,0,-0.02682226523756981,0.9271338582038879,0.37376919388771057,0,0.05827741324901581,-0.371817409992218,0.9264745116233826,0,0,0.07062999904155731,-0.00417400011792779,1,-0.31386086344718933,0.32589659094810486,0.8917858004570007,0,-0.9493839144706726,-0.0951404869556427,-0.299363911151886,0,-0.012716744095087051,-0.9406057000160217,0.33926188945770264,0,-0.05899199843406677,0.10542000085115433,0.0011210000375285745,1,0.8044453859329224,0.3081410527229309,0.5078543424606323,0,-0.4723106324672699,0.8502897620201111,0.23222984373569489,0,-0.36026400327682495,-0.4266814887523651,0.8295504450798035,0,0,0.1184300035238266,0,1,-0.12086517363786697,0.40933966636657715,-0.9043406248092651,0,-0.7424147725105286,0.5674721598625183,0.3560836911201477,0,0.6589474081993103,0.7144341468811035,0.23531228303909302,0,0,0.21282200515270233,0,1,-0.22717233002185822,-0.2981363534927368,-0.9270966649055481,0,0.9737699031829834,-0.05699946731328964,-0.2202790081501007,0,0.01282919105142355,-0.9528203010559082,0.30326494574546814,0,0.05899199843406677,0.10550200194120407,0.0020639998838305473,1,0.8608801364898682,-0.1564006507396698,-0.4841740131378174,0,0.3842179477214813,0.8236567378044128,0.41709208488464355,0,0.3335598409175873,-0.5450948476791382,0.7691619992256165,0,0,0.1184300035238266,0,1,0.14720354974269867,-0.6142961382865906,0.7752235531806946,0,0.899212121963501,0.4095838665962219,0.15381188690662384,0,-0.41200512647628784,0.6744488477706909,0.6126748919487,0,0,0.21330900490283966,0,1,-0.7700504660606384,0.5210680365562439,0.36811625957489014,0,-0.6332079172134399,-0.5537659525871277,-0.5407321453094482,0,-0.07790805399417877,-0.6494854092597961,0.7563724517822266,0,-0.11737799644470215,-0.0457179993391037,0.0076790000312030315,1,0.9372647404670715,-0.17428289353847504,0.3019281029701233,0,-0.27050307393074036,0.1827651709318161,0.9452112913131714,0,-0.21991625428199768,-0.96758633852005,0.12415536493062973,0,0,0.1913290023803711,0,1,-0.8792675137519836,-0.11573291569948196,0.46205374598503113,0,-0.46437135338783264,-0.00770229147747159,-0.8856071829795837,0,0.10605280846357346,-0.9932501912117004,-0.04697054624557495,0,0,0.1522729992866516,0,1,0.9150678515434265,-0.22080020606517792,0.3374882638454437,0,0.01006080862134695,0.8490540385246277,0.5282108783721924,0,-0.40317460894584656,-0.4799531102180481,0.7791630625724792,0,0,0.09855499863624573,0,1,-0.7917268872261047,-0.3727090060710907,-0.48399966955184937,0,0.6005228161811829,-0.6201094388961792,-0.5048137307167053,0,-0.11198417097330093,-0.690327525138855,0.7147776484489441,0,0.11737799644470215,-0.0457179993391037,0.007526000030338764,1,0.9616732597351074,0.23743394017219543,-0.13714756071567535,0,0.08535023033618927,0.21612204611301422,0.9726293087005615,0,0.26057571172714233,-0.9470568299293518,0.18757368624210358,0,0,0.19156700372695923,0,1,-0.895223081111908,0.20834298431873322,-0.3939133882522583,0,0.40628620982170105,0.01849786564707756,-0.9135584235191345,0,-0.18304705619812012,-0.9778807163238525,-0.10120665282011032,0,0,0.1521649956703186,0,1,0.8469721078872681,0.24689097702503204,-0.47083285450935364,0,0.01845897175371647,0.8714359998703003,0.4901610314846039,0,0.5313171744346619,-0.42384397983551025,0.7335249185562134,0,0,0.09497799724340439,0,1
K0.201,0.9996748566627502,0.02189221791923046,-0.013029055669903755,0,-0.021853050217032433,0.9997566342353821,0.0031421321909874678,0,0.013094673864543438,-0.002856386825442314,0.9999101161956787,0,-0.0018172552809119225,0.3345906734466553,-0.025375420227646828,1,0.999966025352478,-0.008157058618962765,-0.0012972926488146186,0,0.007730382494628429,0.9795979261398315,-0.20081660151481628,0,0.0029088985174894333,0.20079977810382843,0.979627788066864,0,0,0.08217599987983704,0.007162000052630901,1,0.9998369812965393,-0.017960336059331894,0.0016901888884603977,0,0.01744992844760418,0.9391342997550964,-0.343106746673584,0,0.004574997816234827,0.3430802524089813,0.9392944574356079,0,0,0.09623599797487259,0,1,0.9998417496681213,-0.01777803897857666,0.000401254219468683,0,0.017441151663661003,0.9759953022003174,-0.2170926034450531,0,0.003467857139185071,0.21706517040729523,0.9761505722999573,0,0,0.10998400300741196,0,1,0.9998829960823059,0.0009769084863364697,0.015288219787180424,0,0.0011898779775947332,0.9899972677230835,-0.14108088612556458,0,-0.015273120254278183,0.14108258485794067,0.989880383014679,0,0,0.12373200058937073,0,1,0.9979345202445984,0.04722325876355171,-0.043544571846723557,0,-0.027506522834300995,0.9267527461051941,0.374663770198822,0,0.05804787948727608,-0.3726920485496521,0.9261372089385986,0,0,0.07062999904155731,-0.00417400011792779,1,-0.31386327743530273,0.32591357827186584,0.8917790055274963,0,-0.9493834376335144,-0.09515199065208435,-0.29936257004737854,0,-0.012711781077086926,-0.9405984878540039,0.3392813801765442,0,-0.05899199843406677,0.10542000085115433,0.0011210000375285745,1,0.8046855926513672,0.30946996808052063,0.506665050983429,0,-0.47267696261405945,0.8503327965736389,0.23132416605949402,0,-0.35924580693244934,-0.4256318211555481,0.8305293321609497,0,0,0.1184300035238266,0,1,-0.12198188900947571,0.4089422821998596,-0.904370903968811,0,-0.7430057525634766,0.5665091276168823,0.35638341307640076,0,0.6580746173858643,0.7154251337051392,0.2347426414489746,0,0,0.21282200515270233,0,1,-0.22745341062545776,-0.29803237318992615,-0.927060604095459,0,0.973710298538208,-0.057491376996040344,-0.22041650116443634,0,0.012393246404826641,-0.9528232216835022,0.30327388644218445,0,0.05899199843406677,0.10550200194120407,0.0020639998838305473,1,0.861277163028717,-0.15497207641601562,-0.4839264750480652,0,0.38215845823287964,0.8252240419387817,0.415884792804718,0,0.33489736914634705,-0.5431288480758667,0.7699708342552185,0,0,0.1184300035238266,0,1,0.14739418029785156,-0.6148253083229065,0.7747678160667419,0,0.8992777466773987,0.4094332754611969,0.15382885932922363,0,-0.41179344058036804,0.6740577220916748,0.6132465600967407,0,0,0.21330900490283966,0,1,-0.7705138921737671,0.5219641923904419,0.3658713400363922,0,-0.6323899626731873,-0.5539766550064087,-0.5414724349975586,0,-0.07994498312473297,-0.648585319519043,0.7569316625595093,0,-0.11737799644470215,-0.0457179993391037,0.0076790000312030315,1,0.9370067715644836,-0.17431633174419403,0.3027084767818451,0,-0.2712038457393646,0.18312489986419678,0.9449405670166016,0,-0.2201520800590515,-0.9675115346908569,0.12431402504444122,0,0,0.1913290023803711,0,1,-0.8796615600585938,-0.11661812663078308,0.46108105778694153,0,-0.4634336531162262,-0.00770200788974762,-0.8860978484153748,0,0.1068863496184349,-0.9931470155715942,-0.04726967215538025,0,0,0.1522729992866516,0,1,0.9150680303573608,-0.22080011665821075,0.3374879062175751,0,0.010060901753604412,0.8490539789199829,0.5282109379768372,0,-0.40317413210868835,-0.4799530506134033,0.7791629433631897,0,0,0.09855499863624573,0,1,-0.7917540073394775,-0.3725968897342682,-0.4840428829193115,0,0.600353479385376,-0.6208630204200745,-0.5040889382362366,0,-0.11270235478878021,-0.6897112131118774,0.7152606248855591,0,0.11737799644470215,-0.0457179993391037,0.007526000030338764,1,0.9615996479988098,0.23756824433803558,-0.13743539154529572,0,0.085347019135952,0.21709264814853668,0.9724130630493164,0,0.2608505189418793,-0.9468011260032654,0.18848036229610443,0,0,0.19156700372695923,0,1,-0.8951525688171387,0.20858843624591827,-0.39394494891166687,0,0.4063805639743805,0.018691979348659515,-0.9135125875473022,0,-0.18318460881710052,-0.9778249859809875,-0.10149847716093063,0,0,0.1521649956703186,0,1,0.8469721078872681,0.24689097702503204,-0.47083285450935364,0,0.01845897175371647,0.8714359998703003,0.4901610314846039,0,0.5313171744346619,-0.42384397983551025,0.7335249185562134,0,0,0.09497799724340439,0,1
