1.800,30,53,41
B0,mixamorig_Hips,-1,-0.6378222107887268,-0.04240221530199051,-0.7690159678459167,0,-0.128349170088768,0.9903729557991028,0.05184538662433624,0,0.7594141960144043,0.13177067041397095,-0.6371240019798279,0,0.0003969999961555004,0.29572901129722595,-0.0010110000148415565,1
B1,mixamorig_Spine,0,0.9981639981269836,0.027379924431443214,-0.05402029678225517,0,-0.02801506593823433,0.9995469450950623,-0.011034931987524033,0,0.05369370058178902,0.012528056278824806,0.9984790086746216,0,0,0.04302100092172623,0.007772999815642834,1
B2,mixamorig_Spine1,1,0.9925030469894409,0.04447491094470024,-0.11384465545415878,0,-0.055927108973264694,0.9934679865837097,-0.09946386516094208,0,0.10867732763290405,0.10508514195680618,0.9885069727897644,0,0,0.05100400000810623,0,1
B3,mixamorig_Spine2,2,0.9925029277801514,0.04443024471402168,-0.11386236548423767,0,-0.03237682953476906,0.9938810467720032,0.10560362040996552,0,0.11785760521888733,-0.10112537443637848,0.9878680109977722,0,0,0.0582909993827343,0,1
B4,mixamorig_Neck,3,0.9866660833358765,-0.030859116464853287,-0.1598070114850998,0,-0.004571066237986088,0.9762200713157654,-0.2167327105998993,0,0.16269496083259583,0.21457324922084808,0.9630619287490845,0,0,0.06557700037956238,0,1
B5,mixamorig_Head,4,0.9176600575447083,0.08967696875333786,-0.3871159851551056,0,-0.056499022990465164,0.9937499761581421,0.09627499431371689,0,0.39333000779151917,-0.0664760172367096,0.9169909954071045,0,0,0.047589000314474106,-0.0062409997917711735,1
B6,mixamorig_HeadTop_End,5,1,0,0,0,0,1,0,0,0,0,1,0,0,0.20593500137329102,-0.02700600028038025,1
B7,mixamorig_LeftShoulder,3,-0.10381140559911728,-0.06868897378444672,0.9922219514846802,0,-0.9602500796318054,-0.252981960773468,-0.11797961592674255,0,0.25911813974380493,-0.9650289416313171,-0.03969620540738106,0,-0.02094700001180172,0.05637200176715851,0.004391000140458345,1
B8,mixamorig_LeftArm,7,-0.993960976600647,-0.10387132316827774,0.03537373244762421,0,-0.07657162100076675,0.8874841332435608,0.45443180203437805,0,-0.07859612256288528,0.4489792287349701,-0.8900790214538574,0,0,0.04468899965286255,0,1
B9,mixamorig_LeftForeArm,8,0.8363458514213562,-0.3677108883857727,0.40658921003341675,0,0.43864408135414124,0.8937299251556396,-0.09401118010282516,0,-0.3288118541240692,0.2569737136363983,0.9087610840797424,0,0,0.12458900362253189,0,1
B10,mixamorig_LeftHand,9,-0.39540019631385803,-0.08557527512311935,0.9145137667655945,0,0.055802054703235626,0.9915730357170105,0.11691270023584366,0,-0.9168119430541992,0.09725905954837799,-0.38729286193847656,0,0,0.11004800349473953,0,1
B11,mixamorig_LeftHandThumb1,10,0.7283161878585815,0.5606667995452881,-0.3939649164676666,0,-0.6725882291793823,0.6948816180229187,-0.25448930263519287,0,0.13107526302337646,0.450324684381485,0.8831911087036133,0,-0.011331000365316868,0.010877000167965889,0,1
B12,mixamorig_LeftHandThumb2,11,0.9678410291671753,-0.2122330665588379,0.13505613803863525,0,0.18191592395305634,0.9612879753112793,0.20696131885051727,0,-0.17375178635120392,-0.1757367104291916,0.9689820408821106,0,0.0010509999701753259,0.012520999647676945,0,1
B13,mixamorig_LeftHandThumb3,12,0.9858679175376892,0.1662093549966812,-0.020954949781298637,0,-0.16033662855625153,0.972402036190033,0.16948698461055756,0,0.048546984791755676,-0.16373202204704285,0.9853099584579468,0,-0.0027069998905062675,0.021330999210476875,0,1
B14,mixamorig_LeftHandThumb4,13,1,0,0,0,0,1,0,0,0,0,1,0,0.0016560000367462635,0.01953900046646595,0,1
B15,mixamorig_LeftHandIndex1,10,0.994454026222229,0.08911393582820892,0.055856041610240936,0,-0.0839710533618927,0.9925309419631958,-0.08849505335092545,0,-0.06332496553659439,0.0833139419555664,0.9945089817047119,0,0,0.011916999705135822,0,1
B16,mixamorig_LeftHandIndex2,15,0.9998660087585449,0.016270017251372337,0.001562844729050994,0,-0.016312988474965096,0.9993150234222412,0.03322796896100044,0,-0.001021155039779842,-0.03324902430176735,0.9994469285011292,0,0.0012529999949038029,0.03068999946117401,0,1
B17,mixamorig_LeftHandIndex3,16,0.9951869249343872,0.09789327532052994,-0.004375766962766647,0,-0.0975256934762001,0.993820071220398,0.05302195996046066,0,0.009539219550788403,-0.05234001949429512,0.998583972454071,0,-0.0003870000073220581,0.027449000626802444,0,1
B18,mixamorig_LeftHandIndex4,17,1,0,0,0,0,1,0,0,0,0,1,0,-0.0008660000166855752,0.023740999400615692,0,1
B19,mixamorig_RightShoulder,3,-0.4841107130050659,0.08468213677406311,-0.8708992004394531,0,0.8347288966178894,-0.2538031041622162,-0.48868316411972046,0,-0.26241981983184814,-0.963542103767395,0.05218218266963959,0,0.02094700001180172,0.055417999625205994,-0.0008929999894462526,1
B20,mixamorig_RightArm,19,-0.7855170369148254,-0.4510999917984009,-0.4236399829387665,0,-0.6179741024971008,0.6079971194267273,0.49844592809677124,0,0.03272293880581856,0.6533361077308655,-0.7563599944114685,0,0,0.04468899965286255,0,1
B21,mixamorig_RightForeArm,20,0.6562708020210266,0.7128212451934814,-0.2473766952753067,0,-0.6690237522125244,0.7013342976570129,0.2460428774356842,0,0.3488781154155731,0.00403012428432703,0.9371589422225952,0,0,0.12549099326133728,0,1
B22,mixamorig_RightHand,21,-0.7191789150238037,-0.41301581263542175,-0.5587481260299683,0,-0.5730690956115723,0.8073099851608276,0.14086401462554932,0,0.3929039239883423,0.4215078353881836,-0.8172870874404907,0,0,0.10966599732637405,0,1
B23,mixamorig_RightHandThumb1,22,0.36851105093955994,-0.36673504114151,0.8542280197143555,0,0.8055660724639893,0.5845869779586792,-0.09654507786035538,0,-0.4639640748500824,0.7237149477005005,0.5108559727668762,0,0.014530999585986137,0.007644999772310257,0,1
B24,mixamorig_RightHandThumb2,23,0.9503470659255981,0.28753289580345154,-0.11901890486478806,0,-0.250855028629303,0.9341669678688049,0.2537781298160553,0,0.18415310978889465,-0.21132084727287292,0.9599120616912842,0,-0.0006230000290088356,0.013120000250637531,0,1
B25,mixamorig_RightHandThumb3,24,0.9866210222244263,-0.1588912159204483,0.03651416301727295,0,0.11215692013502121,0.8240430355072021,0.5553139448165894,0,-0.11832375824451447,-0.5437891483306885,0.8308389186859131,0,0.003869999898597598,0.02131900005042553,0,1
B26,mixamorig_RightHandThumb4,25,1,0,0,0,0,1,0,0,0,0,1,0,-0.0032470000442117453,0.017129000276327133,0,1
B27,mixamorig_RightHandIndex1,22,0.7826629281044006,-0.6182152032852173,0.07244984060525894,0,0.5848737359046936,0.7702480554580688,0.2542460560798645,0,-0.21298301219940186,-0.15661486983299255,0.9644219875335693,0,0,0.020004000514745712,0,1
B28,mixamorig_RightHandIndex2,27,0.5165439248085022,-0.8290500044822693,-0.21414417028427124,0,0.8108620047569275,0.3932601809501648,0.43341583013534546,0,-0.275109201669693,-0.39751994609832764,0.8753818869590759,0,-0.000990999978967011,0.029092999175190926,0,1
B29,mixamorig_RightHandIndex3,28,0.5924761891365051,-0.7871299386024475,-0.17146193981170654,0,0.7692812085151672,0.4896329939365387,0.4104465842247009,0,-0.23912130296230316,-0.3750821352005005,0.8956198692321777,0,0.00021699999342672527,0.02653699927031994,0,1
B30,mixamorig_RightHandIndex4,29,1,0,0,0,0,1,0,0,0,0,1,0,0.0007740000146441162,0.02116999961435795,0,1
B31,mixamorig_LeftUpLeg,0,-0.6615578532218933,-0.024940719828009605,0.7494790554046631,0,-0.6118038892745972,-0.5599868297576904,-0.5586682558059692,0,0.43363216519355774,-0.8281258940696716,0.3552050292491913,0,-0.0544390007853508,-0.024317000061273575,0.003645000047981739,1
B32,mixamorig_LeftLeg,31,0.9367849230766296,0.17543110251426697,-0.30274906754493713,0,0.14578495919704437,0.5908721685409546,0.7934838533401489,0,0.3180878162384033,-0.7874600887298584,0.5279449820518494,0,0,0.14278100430965424,0,1
B33,mixamorig_LeftFoot,32,-0.989918053150177,-0.03849072381854057,-0.13630811870098114,0,0.0668647512793541,0.7213837504386902,-0.6893001794815063,0,0.12486212700605392,-0.691464900970459,-0.71153724193573,0,0,0.12532299757003784,0,1
B34,mixamorig_LeftToeBase,33,0.9867179989814758,-0.06584685295820236,0.14849914610385895,0,-0.05560474097728729,0.7220252156257629,0.6896287798881531,0,-0.15262998640537262,-0.6887262463569641,0.7087737321853638,0,0,0.0696519985795021,0,1
B35,mixamorig_LeftToe_End,34,1,0,0,0,0,1,0,0,0,0,1,0,0,0.028690999373793602,0,1
B36,mixamorig_RightUpLeg,0,-0.8938438296318054,-0.3807329535484314,-0.23682428896427155,0,0.4483758509159088,-0.7607790231704712,-0.46922701597213745,0,-0.0015207723481580615,-0.525601863861084,0.8507290482521057,0,0.0544390007853508,-0.024317000061273575,-0.00775500014424324,1
B37,mixamorig_RightLeg,36,0.9844589829444885,0.05328303575515747,0.1673392653465271,0,-0.17405876517295837,0.42270779609680176,0.8893941640853882,0,-0.023345962166786194,-0.904697835445404,0.4254123568534851,0,0,0.14293700456619263,0,1
B38,mixamorig_RightFoot,37,-0.9325208067893982,0.36092209815979004,-0.011842695996165276,0,0.09491030126810074,0.21331600844860077,-0.9723618626594543,0,-0.34842076897621155,-0.9078720211982727,-0.2331768423318863,0,0,0.12558400630950928,0,1
B39,mixamorig_RightToeBase,38,0.9790850281715393,0.050602614879608154,-0.19705988466739655,0,0.09885181486606598,0.7282479405403137,0.6781470775604248,0,0.17782434821128845,-0.6834428906440735,0.7080140113830566,0,0,0.06777899712324142,0,1
B40,mixamorig_RightToe_End,39,1,0,0,0,0,1,0,0,0,0,1,0,0,0.0280969999730587,0,1
@34,0,1,2,3,4,5,7,8,9,10,11,12,13,15,16,17,19,20,21,22,23,24,25,27,28,29,31,32,33,34,36,37,38,39
K0,0.6369648575782776,-0.04240204766392708,0.7697260975837708,0,0.12840665876865387,0.9903729557991028,-0.05170239135622978,0,-0.760123610496521,0.1317705512046814,0.6362773776054382,0,-0.00039812622708268464,0.29572901129722595,0.0010105569381266832,1,0.9981639981269836,0.027379930019378662,-0.05402029678225517,0,-0.028015071526169777,0.9995469450950623,-0.01103493757545948,0,0.05369369685649872,0.012528061866760254,0.9984790086746216,0,0,0.04302100092172623,0.007772999815642834,1,0.9925030469894409,0.044474899768829346,-0.11384466290473938,0,-0.0559270977973938,0.9934679865837097,-0.09946386516094208,0,0.10867733508348465,0.10508514195680618,0.9885069727897644,0,0,0.05100400000810623,0,1,0.9925029277801514,0.0444302037358284,-0.11386238038539886,0,-0.032376788556575775,0.9938810467720032,0.10560362786054611,0,0.11785762012004852,-0.10112538188695908,0.9878680109977722,0,0,0.0582909993827343,0,1,0.9866660833358765,-0.030859097838401794,-0.15980704128742218,0,-0.0045710960403084755,0.9762200713157654,-0.21673274040222168,0,0.16269497573375702,0.21457327902317047,0.9630619287490845,0,0,0.06557700037956238,0,1,0.9176600575447083,0.08967696875333786,-0.3871159851551056,0,-0.056499022990465164,0.9937499761581421,0.09627499431371689,0,0.39333000779151917,-0.0664760172367096,0.9169909954071045,0,0,0.047589000314474106,-0.0062409997917711735,1,-0.10381152480840683,-0.06868930906057358,0.9922218918800354,0,-0.9602500796318054,-0.2529815435409546,-0.11797985434532166,0,0.25911784172058105,-0.9650290012359619,-0.03969646617770195,0,-0.02094700001180172,0.05637200176715851,0.004391000140458345,1,-0.993960976600647,-0.10387137532234192,0.03537379950284958,0,-0.07657163590192795,0.8874841332435608,0.45443180203437805,0,-0.07859620451927185,0.4489792287349701,-0.8900790214538574,0,0,0.04468899965286255,0,1,0.8363458514213562,-0.3677108883857727,0.40658918023109436,0,0.43864408135414124,0.8937298655509949,-0.09401124715805054,0,-0.32881179451942444,0.2569737434387207,0.9087611436843872,0,0,0.12458900362253189,0,1,-0.39540016651153564,-0.08557537943124771,0.914513885974884,0,0.055801622569561005,0.9915730357170105,0.11691261827945709,0,-0.9168120622634888,0.09725861996412277,-0.38729286193847656,0,0,0.11004800349473953,0,1,0.7283161878585815,0.5606667995452881,-0.39396485686302185,0,-0.6725882291793823,0.6948816180229187,-0.25448936223983765,0,0.1310751736164093,0.450324684381485,0.8831911087036133,0,-0.011331000365316868,0.010877000167965889,0,1,0.9678410291671753,-0.21223308145999908,0.13505616784095764,0,0.18191593885421753,0.9612879753112793,0.20696131885051727,0,-0.1737518310546875,-0.1757366955280304,0.9689820408821106,0,0.0010509999701753259,0.012520999647676945,0,1,0.9858679175376892,0.1662093698978424,-0.020954981446266174,0,-0.16033662855625153,0.972402036190033,0.16948698461055756,0,0.04854701831936836,-0.16373200714588165,0.9853099584579468,0,-0.0027069998905062675,0.021330999210476875,0,1,0.994454026222229,0.08911393582820892,0.05585603415966034,0,-0.0839710533618927,0.9925309419631958,-0.08849505335092545,0,-0.0633249580860138,0.0833139419555664,0.9945089817047119,0,0,0.011916999705135822,0,1,0.9998660087585449,0.016270015388727188,0.001562844729050994,0,-0.016312986612319946,0.9993150234222412,0.03322796896100044,0,-0.001021155039779842,-0.03324902430176735,0.9994469285011292,0,0.0012529999949038029,0.03068999946117401,0,1,0.9951869249343872,0.09789329022169113,-0.004375773016363382,0,-0.0975257083773613,0.993820071220398,0.05302197486162186,0,0.009539227001369,-0.052340030670166016,0.998583972454071,0,-0.0003870000073220581,0.027449000626802444,0,1,-0.4841104745864868,0.0846819132566452,-0.8708992004394531,0,0.8347289562225342,-0.2538031041622162,-0.48868292570114136,0,-0.26241976022720337,-0.9635420441627502,0.05218244343996048,0,0.02094700001180172,0.055417999625205994,-0.0008929999894462526,1,-0.7855170369148254,-0.4510999917984009,-0.42364001274108887,0,-0.6179741024971008,0.6079971194267273,0.49844592809677124,0,0.03272296488285065,0.6533361077308655,-0.7563599944114685,0,0,0.04468899965286255,0,1,0.6562707424163818,0.7128213047981262,-0.2473767250776291,0,-0.6690236926078796,0.7013342976570129,0.24604302644729614,0,0.34887823462486267,0.004030036274343729,0.9371589422225952,0,0,0.12549099326133728,0,1,-0.7191789150238037,-0.41301578283309937,-0.5587481260299683,0,-0.573069155216217,0.8073099255561829,0.14086408913135529,0,0.3929039239883423,0.42150792479515076,-0.8172870874404907,0,0,0.10966599732637405,0,1,0.3685111105442047,-0.3667350113391876,0.8542279005050659,0,0.8055660128593445,0.5845869779586792,-0.09654506295919418,0,-0.46396398544311523,0.7237148880958557,0.510856032371521,0,0.014530999585986137,0.007644999772310257,0,1,0.9503470659255981,0.28753289580345154,-0.11901888996362686,0,-0.250855028629303,0.9341669678688049,0.2537781298160553,0,0.18415310978889465,-0.21132084727287292,0.9599120616912842,0,-0.0006230000290088356,0.013120000250637531,0,1,0.9866210222244263,-0.15889115631580353,0.036514218896627426,0,0.11215683817863464,0.8240430355072021,0.5553139448165894,0,-0.11832377314567566,-0.5437891483306885,0.8308389186859131,0,0.003869999898597598,0.02131900005042553,0,1,0.7826629281044006,-0.6182152032852173,0.07244989275932312,0,0.5848737359046936,0.7702480554580688,0.2542461156845093,0,-0.21298310160636902,-0.15661488473415375,0.9644219875335693,0,0,0.020004000514745712,0,1,0.5165439248085022,-0.8290500044822693,-0.2141442894935608,0,0.8108620047569275,0.39326012134552,0.4334159195423126,0,-0.2751092314720154,-0.3975200951099396,0.8753818273544312,0,-0.000990999978967011,0.029092999175190926,0,1,0.5924762487411499,-0.787129819393158,-0.17146216332912445,0,0.7692812085151672,0.4896329939365387,0.4104466140270233,0,-0.23912116885185242,-0.3750823438167572,0.895619809627533,0,0.00021699999342672527,0.02653699927031994,0,1,-0.661558210849762,-0.024940697476267815,0.7494789361953735,0,-0.6118037700653076,-0.5599870681762695,-0.5586684346199036,0,0.43363216519355774,-0.8281258940696716,0.3552052080631256,0,-0.0544390007853508,-0.024317000061273575,0.003645000047981739,1,0.9367849230766296,0.1754310429096222,-0.3027491867542267,0,0.14578506350517273,0.5908721685409546,0.7934837937355042,0,0.3180878460407257,-0.7874600887298584,0.5279449820518494,0,0,0.14278100430965424,0,1,-0.989918053150177,-0.03849069029092789,-0.1363079994916916,0,0.06686468422412872,0.721383810043335,-0.6893001198768616,0,0.12486202269792557,-0.6914648413658142,-0.71153724193573,0,0,0.12532299757003784,0,1,0.9867179989814758,-0.0658467710018158,0.14849911630153656,0,-0.05560477450489998,0.7220252156257629,0.6896287798881531,0,-0.15262991189956665,-0.6887262463569641,0.7087737321853638,0,0,0.0696519985795021,0,1,-0.8938438892364502,-0.38073304295539856,-0.23682428896427155,0,0.448375940322876,-0.7607789635658264,-0.4692270755767822,0,-0.0015206935349851847,-0.5256019234657288,0.8507290482521057,0,0.0544390007853508,-0.024317000061273575,-0.00775500014424324,1,0.9844589829444885,0.0532832071185112,0.16733920574188232,0,-0.17405879497528076,0.42270776629447937,0.8893941640853882,0,-0.023345785215497017,-0.904697835445404,0.4254123568534851,0,0,0.14293700456619263,0,1,-0.9325209856033325,0.36092182993888855,-0.011842559091746807,0,0.09491012990474701,0.21331609785556793,-0.9723619222640991,0,-0.34842056035995483,-0.9078721404075623,-0.23317694664001465,0,0,0.12558400630950928,0,1,0.9790850877761841,0.05060267075896263,-0.1970597356557846,0,0.09885167330503464,0.7282479405403137,0.6781470775604248,0,0.17782427370548248,-0.6834428906440735,0.7080140113830566,0,0,0.06777899712324142,0,1
K0.034,0.6371639370918274,-0.04202093556523323,0.7695819735527039,0,0.126125305891037,0.990736722946167,-0.050327103585004807,0,-0.7603387832641602,0.12913048267364502,0.6365619897842407,0,-0.0003441503504291177,0.2956390380859375,0.001083503826521337,1,0.9981427192687988,0.027341805398464203,-0.054442986845970154,0,-0.02803129516541958,0.9995357394218445,-0.01194132212549448,0,0.054091211408376694,0.013445250689983368,0.9984456896781921,0,0,0.04302100092172623,0.007772999815642834,1,0.9924492239952087,0.04438222944736481,-0.11434285342693329,0,-0.056049950420856476,0.9933125376701355,-0.10093597322702408,0,0.10909853875637054,0.10658284276723862,0.9883008599281311,0,0,0.05100400000810623,0,1,0.9924513101577759,0.04432276263833046,-0.1143510714173317,0,-0.03239811211824417,0.9940385222434998,0.10410907864570618,0,0.11828376352787018,-0.09961842000484467,0.9879707098007202,0,0,0.0582909993827343,0,1,0.9866132736206055,-0.029298856854438782,-0.16042229533195496,0,-0.006425329949706793,0.9759796857833862,-0.21776528656482697,0,0.16294927895069122,0.21588100492954254,0.9627268314361572,0,0,0.06557700037956238,0,1,0.9182085394859314,0.0853847861289978,-0.3867848217487335,0,-0.053206659853458405,0.9942274689674377,0.0931709036231041,0,0.39250752329826355,-0.06497079879045486,0.9174513220787048,0,0,0.047589000314474106,-0.0062409997917711735,1,-0.1018756777048111,-0.06849145889282227,0.992436408996582,0,-0.9607855677604675,-0.2518607974052429,-0.11600843816995621,0,0.2579013705253601,-0.965336799621582,-0.04014710336923599,0,-0.02094700001180172,0.05637200176715851,0.004391000140458345,1,-0.9942702054977417,-0.09933646768331528,0.0394870862364769,0,-0.07049278169870377,0.8869863152503967,0.4563830494880676,0,-0.08036001026630402,0.4509846270084381,-0.8889069557189941,0,0,0.04468899965286255,0,1,0.8346688151359558,-0.3709883391857147,0.40705639123916626,0,0.442511647939682,0.8917554616928101,-0.09463014453649521,0,-0.3278883695602417,0.25911226868629456,0.9084879159927368,0,0,0.12458900362253189,0,1,-0.3969155251979828,-0.08949531614780426,0.9134818911552429,0,0.05261274054646492,0.9913798570632935,0.11998777091503143,0,-0.9163463115692139,0.09568585455417633,-0.38878563046455383,0,0,0.11004800349473953,0,1,0.7283158898353577,0.5606669187545776,-0.3939642906188965,0,-0.672588050365448,0.6948819756507874,-0.25448817014694214,0,0.1310756951570511,0.45032382011413574,0.8831921219825745,0,-0.011331000365316868,0.010877000167965889,0,1,0.9678118824958801,-0.2125818431377411,0.13472063839435577,0,0.18216729164123535,0.9610532522201538,0.2078286111354828,0,-0.17365415394306183,-0.17659716308116913,0.968843400478363,0,0.0010509999701753259,0.012520999647676945,0,1,0.9858680367469788,0.16620880365371704,-0.020954018458724022,0,-0.1603361964225769,0.9724019169807434,0.1694868803024292,0,0.04854597896337509,-0.1637321263551712,0.9853100180625916,0,-0.0027069998905062675,0.021330999210476875,0,1,0.9943864345550537,0.09016920626163483,0.055354561656713486,0,-0.08527209609746933,0.9927058219909668,-0.08523376286029816,0,-0.06263627111911774,0.08003512769937515,0.9948223829269409,0,0,0.011916999705135822,0,1,0.9998599290847778,0.016674069687724113,0.0015908691566437483,0,-0.016717763617634773,0.9993067979812622,0.03325885906815529,0,-0.0010352061362937093,-0.03328080475330353,0.9994458556175232,0,0.0012529999949038029,0.03068999946117401,0,1,0.9951536655426025,0.09823884814977646,-0.004360648803412914,0,-0.09786997735500336,0.9937774538993835,0.053175054490566254,0,0.009557370096445084,-0.05249057337641716,0.9985759258270264,0,-0.0003870000073220581,0.027449000626802444,0,1,-0.48399606347084045,0.08448445796966553,-0.8709816932678223,0,0.834945559501648,-0.25335344672203064,-0.4885462522506714,0,-0.26194098591804504,-0.9636774063110352,0.05208227038383484,0,0.02094700001180172,0.055417999625205994,-0.0008929999894462526,1,-0.7820330262184143,-0.45299938321113586,-0.4280359447002411,0,-0.62225741147995,0.6060039401054382,0.495534211397171,0,0.03491479530930519,0.6538734436035156,-0.7557981014251709,0,0,0.04468899965286255,0,1,0.6498169302940369,0.7192314267158508,-0.2458537518978119,0,-0.6747055053710938,0.6947594285011292,0.24916329979896545,0,0.3500153124332428,0.003968344070017338,0.936735987663269,0,0,0.12549099326133728,0,1,-0.7260616421699524,-0.40149641036987305,-0.5582432150840759,0,-0.5566703677177429,0.8197874426841736,0.13441327214241028,0,0.4036741554737091,0.40834957361221313,-0.8187170028686523,0,0,0.10966599732637405,0,1,0.3685101568698883,-0.3667353689670563,0.8542278409004211,0,0.8055668473243713,0.5845872163772583,-0.09654422104358673,0,-0.4639643132686615,0.7237148880958557,0.5108559131622314,0,0.014530999585986137,0.007644999772310257,0,1,0.9503469467163086,0.28753334283828735,-0.11901900172233582,0,-0.25085562467575073,0.9341670274734497,0.2537772059440613,0,0.1841530203819275,-0.21131978929042816,0.9599120616912842,0,-0.0006230000290088356,0.013120000250637531,0,1,0.9866210222244263,-0.15889209508895874,0.03651333227753639,0,0.1121579259634018,0.824042022228241,0.5553149580955505,0,-0.11832364648580551,-0.5437899827957153,0.8308380246162415,0,0.003869999898597598,0.02131900005042553,0,1,0.7826627492904663,-0.6182154417037964,0.07244949787855148,0,0.5848735570907593,0.7702473402023315,0.2542470395565033,0,-0.21298351883888245,-0.15661591291427612,0.964421808719635,0,0,0.020004000514745712,0,1,0.5165451169013977,-0.8290499448776245,-0.21414406597614288,0,0.8108611106872559,0.3932608962059021,0.43341583013534546,0,-0.27510902285575867,-0.39752018451690674,0.8753818869590759,0,-0.000990999978967011,0.029092999175190926,0,1,0.5924758315086365,-0.7871302366256714,-0.171461820602417,0,0.7692809104919434,0.4896322190761566,0.41044700145721436,0,-0.23912185430526733,-0.37508201599121094,0.8956190347671509,0,0.00021699999342672527,0.02653699927031994,0,1,-0.6607979536056519,-0.022911591455340385,0.7502140998840332,0,-0.6129578351974487,-0.5603725910186768,-0.5570147037506104,0,0.4331614375114441,-0.8279237151145935,0.3562490940093994,0,-0.0544390007853508,-0.024317000061273575,0.003645000047981739,1,0.9365479350090027,0.17632262408733368,-0.302964985370636,0,0.1458594799041748,0.5898890495300293,0.7942013144493103,0,0.31875136494636536,-0.787997841835022,0.5267410278320312,0,0,0.14278100430965424,0,1,-0.9899904727935791,-0.03832053393125534,-0.1358293741941452,0,0.06669409573078156,0.7211573123931885,-0.6895536780357361,0,0.12437841296195984,-0.6917105913162231,-0.7113831043243408,0,0,0.12532299757003784,0,1,0.986717939376831,-0.0658462792634964,0.1484997719526291,0,-0.05560528486967087,0.7220259308815002,0.6896269917488098,0,-0.15263013541698456,-0.6887250542640686,0.7087748646736145,0,0,0.0696519985795021,0,1,-0.8938595652580261,-0.3810782730579376,-0.23620760440826416,0,0.4483421742916107,-0.7621442675590515,-0.46703964471817017,0,-0.002045608591288328,-0.5233696699142456,0.8521032929420471,0,0.0544390007853508,-0.024317000061273575,-0.00775500014424324,1,0.9844957590103149,0.05277664214372635,0.16727925837039948,0,-0.17380842566490173,0.42198678851127625,0.8897852301597595,0,-0.02362976036965847,-0.9050644040107727,0.42461729049682617,0,0,0.14293700456619263,0,1,-0.9326553344726562,0.360568642616272,-0.012049872428178787,0,0.09470614045858383,0.212466761469841,-0.9725677967071533,0,-0.3481171429157257,-0.9082114100456238,-0.2323063164949417,0,0,0.12558400630950928,0,1,0.9790809154510498,0.05063962936401367,-0.19706954061985016,0,0.0988866463303566,0.7280376553535461,0.6783676147460938,0,0.177826389670372,-0.6836645603179932,0.7078004479408264,0,0,0.06777899712324142,0,1
K0.068,0.6359242796897888,-0.04163685813546181,0.7706267833709717,0,0.12398224323987961,0.991085410118103,-0.048762448132038116,0,-0.7617270946502686,0.12655337154865265,0.6354178786277771,0,-0.0002868575102183968,0.2957604229450226,0.0010736818658187985,1,0.998123288154602,0.02761303260922432,-0.05466620251536369,0,-0.028321674093604088,0.9995238184928894,-0.01223128940910101,0,0.054302435368299484,0.013756574131548405,0.9984301328659058,0,0,0.04302100092172623,0.007772999815642834,1,0.9924589991569519,0.0449945330619812,-0.11401796340942383,0,-0.05661490559577942,0.9932923913002014,-0.10081961750984192,0,0.10871686041355133,0.10651445388793945,0.988349437713623,0,0,0.05100400000810623,0,1,0.9924640655517578,0.044917672872543335,-0.11400561034679413,0,-0.033016547560691833,0.9940072894096375,0.10421204566955566,0,0.11800334602594376,-0.09966261684894562,0.9879992604255676,0,0,0.0582909993827343,0,1,0.9861295819282532,-0.026652509346604347,-0.1638227254152298,0,-0.010379250161349773,0.9751882553100586,-0.2211323380470276,0,0.16565173864364624,0.21976549923419952,0.9613854289054871,0,0,0.06557700037956238,0,1,0.9183361530303955,0.0798214003443718,-0.3876695930957794,0,-0.048469122499227524,0.9947608709335327,0.09000513702630997,0,0.39282283186912537,-0.06386496126651764,0.9173935651779175,0,0,0.047589000314474106,-0.0062409997917711735,1,-0.09995289891958237,-0.06859132647514343,0.9926255345344543,0,-0.960440993309021,-0.2539651393890381,-0.11426126211881638,0,0.2599294185638428,-0.9647783637046814,-0.04049336910247803,0,-0.02094700001180172,0.05637200176715851,0.004391000140458345,1,-0.995154082775116,-0.08536096662282944,0.04881172999739647,0,-0.053979240357875824,0.889150083065033,0.45442041754722595,0,-0.08219065517187119,0.44958314299583435,-0.8894482254981995,0,0,0.04468899965286255,0,1,0.830661952495575,-0.3784148693084717,0.40841543674468994,0,0.45113056898117065,0.8873471021652222,-0.09537268429994583,0,-0.3263157904148102,0.2634711265563965,0.9077999591827393,0,0,0.12458900362253189,0,1,-0.39621400833129883,-0.09544612467288971,0.9131836891174316,0,0.04576920345425606,0.991291880607605,0.12346845865249634,0,-0.9170170426368713,0.090715691447258,-0.38839560747146606,0,0,0.11004800349473953,0,1,0.728316068649292,0.5606670379638672,-0.3939638137817383,0,-0.6725879311561584,0.6948819160461426,-0.25448837876319885,0,0.1310751885175705,0.4503236413002014,0.8831921815872192,0,-0.011331000365316868,0.010877000167965889,0,1,0.9678052663803101,-0.21279990673065186,0.13441988825798035,0,0.1822853833436966,0.9608453512191772,0.20868216454982758,0,-0.17356425523757935,-0.1774609237909317,0.9687014818191528,0,0.0010509999701753259,0.012520999647676945,0,1,0.9858680367469788,0.16620880365371704,-0.020954018458724022,0,-0.1603361964225769,0.9724019169807434,0.1694868803024292,0,0.04854597896337509,-0.1637321263551712,0.9853100180625916,0,-0.0027069998905062675,0.021330999210476875,0,1,0.9943559169769287,0.09074763208627701,0.05497154965996742,0,-0.08607722818851471,0.9929013848304749,-0.0820797011256218,0,-0.06202983483672142,0.07688460499048233,0.9951081275939941,0,0,0.011916999705135822,0,1,0.9998556971549988,0.01689535193145275,0.0015976179856806993,0,-0.016939260065555573,0.9992994070053101,0.03336211293935776,0,-0.0010328344069421291,-0.03338437154889107,0.9994416832923889,0,0.0012529999949038029,0.03068999946117401,0,1,0.9951311945915222,0.09846001118421555,-0.004350303206592798,0,-0.0980905219912529,0.993750810623169,0.053278129547834396,0,0.00956888496875763,-0.05259201303124428,0.9985706210136414,0,-0.0003870000073220581,0.027449000626802444,0,1,-0.48307934403419495,0.0832088366150856,-0.8716138601303101,0,0.8362793922424316,-0.251033216714859,-0.487460732460022,0,-0.25936514139175415,-0.9643949866294861,0.05168323218822479,0,0.02094700001180172,0.055417999625205994,-0.0008929999894462526,1,-0.7789893746376038,-0.4510418474674225,-0.4355880618095398,0,-0.6257407069206238,0.6038299798965454,0.4937986433506012,0,0.040297288447618484,0.6572292447090149,-0.7526124119758606,0,0,0.04468899965286255,0,1,0.6429358720779419,0.7259582281112671,-0.2441670000553131,0,-0.6805936694145203,0.6877281665802002,0.252629816532135,0,0.3513193726539612,0.0037537459284067154,0.9362480640411377,0,0,0.12549099326133728,0,1,-0.7320391535758972,-0.391377329826355,-0.5576225519180298,0,-0.5403657555580139,0.832031786441803,0.12540844082832336,0,0.41487783193588257,0.39312422275543213,-0.8205670118331909,0,0,0.10966599732637405,0,1,0.36851000785827637,-0.3667351305484772,0.8542280197143555,0,0.8055659532546997,0.584587037563324,-0.09654392302036285,0,-0.4639650285243988,0.7237150073051453,0.5108559131622314,0,0.014530999585986137,0.007644999772310257,0,1,0.9503470659255981,0.28753387928009033,-0.11901894956827164,0,-0.25085610151290894,0.9341669082641602,0.25377723574638367,0,0.18415305018424988,-0.2113197296857834,0.9599120616912842,0,-0.0006230000290088356,0.013120000250637531,0,1,0.986621081829071,-0.15889188647270203,0.03651296719908714,0,0.11215813457965851,0.8240429162979126,0.5553140044212341,0,-0.11832311004400253,-0.5437891483306885,0.8308389186859131,0,0.003869999898597598,0.02131900005042553,0,1,0.7826627492904663,-0.6182153224945068,0.07245033979415894,0,0.5848737359046936,0.7702479958534241,0.2542462646961212,0,-0.2129836231470108,-0.15661472082138062,0.9644221067428589,0,0,0.020004000514745712,0,1,0.5165442824363708,-0.829049825668335,-0.21414411067962646,0,0.810862123966217,0.3932606875896454,0.4334159791469574,0,-0.27510905265808105,-0.3975200355052948,0.8753819465637207,0,-0.000990999978967011,0.029092999175190926,0,1,0.592475950717926,-0.7871299386024475,-0.17146115005016327,0,0.7692809104919434,0.48963287472724915,0.41044723987579346,0,-0.23912212252616882,-0.3750816583633423,0.8956190943717957,0,0.00021699999342672527,0.02653699927031994,0,1,-0.6595809459686279,-0.01998826116323471,0.7513676285743713,0,-0.6138315796852112,-0.5625852942466736,-0.5538124442100525,0,0.433778315782547,-0.8264976143836975,0.35880136489868164,0,-0.0544390007853508,-0.024317000061273575,0.003645000047981739,1,0.9365585446357727,0.1760832965373993,-0.303070604801178,0,0.14583711326122284,0.5905014276504517,0.793750524520874,0,0.31873002648353577,-0.7875931859016418,0.5273599624633789,0,0,0.14278100430965424,0,1,-0.9899569153785706,-0.03904213011264801,-0.13587284088134766,0,0.06625659763813019,0.7208840847015381,-0.6898805499076843,0,0.1248830258846283,-0.6919547319412231,-0.7110576629638672,0,0,0.12532299757003784,0,1,0.986717939376831,-0.06584601104259491,0.14849834144115448,0,-0.05560500547289848,0.7220242023468018,0.6896297335624695,0,-0.15262876451015472,-0.6887273192405701,0.7087728977203369,0,0,0.0696519985795021,0,1,-0.8941699862480164,-0.3809399902820587,-0.23525655269622803,0,0.44772207736968994,-0.7635819911956787,-0.4652823805809021,0,-0.0023929926101118326,-0.5213705897331238,0.8533265590667725,0,0.0544390007853508,-0.024317000061273575,-0.00775500014424324,1,0.984485387802124,0.05150606110692024,0.16773666441440582,0,-0.1736524999141693,0.4230952858924866,0.8892890810966492,0,-0.02516481652855873,-0.9046202898025513,0.4254753887653351,0,0,0.14293700456619263,0,1,-0.9334920644760132,0.3583748936653137,-0.012630946934223175,0,0.09463857114315033,0.21223360300064087,-0.9726256132125854,0,-0.34588390588760376,-0.909133791923523,-0.23203438520431519,0,0,0.12558400630950928,0,1,0.9780592322349548,0.05082337185740471,-0.20203255116939545,0,0.1021006852388382,0.7283889651298523,0.677513062953949,0,0.18159188330173492,-0.6832759380340576,0.7072188854217529,0,0,0.06777899712324142,0,1
K0.102,0.6331002116203308,-0.04155715927481651,0.7729530930519104,0,0.12313377857208252,0.9912499785423279,-0.04756109043955803,0,-0.764213502407074,0.12528763711452484,0.6326777338981628,0,-0.00022441036708187312,0.2962219715118408,0.0009608259424567223,1,0.9981033802032471,0.028134239837527275,-0.054763760417699814,0,-0.028802478685975075,0.9995192885398865,-0.011451659724116325,0,0.054415225982666016,0.013007267378270626,0.9984334707260132,0,0,0.04302100092172623,0.007772999815642834,1,0.9924017786979675,0.04611515998840332,-0.11406828463077545,0,-0.057546306401491165,0.9934179782867432,-0.0990409255027771,0,0.10875025391578674,0.10485264658927917,0.9885240197181702,0,0,0.05100400000810623,0,1,0.992407500743866,0.046043772250413895,-0.11404586583375931,0,-0.03392888605594635,0.99378901720047,0.10597939789295197,0,0.11821726709604263,-0.10130534321069717,0.9878063201904297,0,0,0.0582909993827343,0,1,0.9854205250740051,-0.024254579097032547,-0.16839860379695892,0,-0.0158206969499588,0.972434937953949,-0.23263874650001526,0,0.1693991720676422,0.2319110929965973,0.9578732252120972,0,0,0.06557700037956238,0,1,0.9183804988861084,0.07590197771787643,-0.388351708650589,0,-0.04320928081870079,0.9947982430458069,0.09224778413772583,0,0.3933333158493042,-0.06793814897537231,0.9168828129768372,0,0,0.047589000314474106,-0.0062409997917711735,1,-0.09600202739238739,-0.06855399906635284,0.9930175542831421,0,-0.960027277469635,-0.2571447193622589,-0.11056484282016754,0,0.2629288136959076,-0.963938295841217,-0.04112735018134117,0,-0.02094700001180172,0.05637200176715851,0.004391000140458345,1,-0.9956060647964478,-0.07274264097213745,0.05896150693297386,0,-0.03834988549351692,0.891215443611145,0.4519556164741516,0,-0.08542385697364807,0.4477086067199707,-0.890089213848114,0,0,0.04468899965286255,0,1,0.829386293888092,-0.38074198365211487,0.40884459018707275,0,0.45428967475891113,0.8855708837509155,-0.09687691181898117,0,-0.3251757323741913,0.266082227230072,0.9074473977088928,0,0,0.12458900362253189,0,1,-0.3937300741672516,-0.0999361202120781,0.9137779474258423,0,0.04099871963262558,0.9911745190620422,0.12606625258922577,0,-0.9183111190795898,0.08709970861673355,-0.3861575722694397,0,0,0.11004800349473953,0,1,0.7283162474632263,0.5606669187545776,-0.3939644992351532,0,-0.6725881099700928,0.6948819160461426,-0.2544887661933899,0,0.1310753971338272,0.4503242075443268,0.8831918835639954,0,-0.011331000365316868,0.010877000167965889,0,1,0.9677857160568237,-0.21310120820999146,0.1340848058462143,0,0.1824818104505539,0.960608720779419,0.2095957100391388,0,-0.17346824705600739,-0.17837581038475037,0.9685511589050293,0,0.0010509999701753259,0.012520999647676945,0,1,0.9858680367469788,0.16620883345603943,-0.020954016596078873,0,-0.1603362262248993,0.9724019169807434,0.1694868803024292,0,0.04854597896337509,-0.1637321263551712,0.9853100180625916,0,-0.0027069998905062675,0.021330999210476875,0,1,0.994232714176178,0.09238521754741669,0.0544583797454834,0,-0.08797872066497803,0.9930316209793091,-0.07841072231531143,0,-0.0613228976726532,0.0731673464179039,0.9954327344894409,0,0,0.011916999705135822,0,1,0.999846875667572,0.01741321012377739,0.0016150131123140454,0,-0.017457662150263786,0.9992828369140625,0.03360168635845184,0,-0.0010287418263033032,-0.033624742180109024,0.9994339942932129,0,0.0012529999949038029,0.03068999946117401,0,1,0.9950806498527527,0.09897824376821518,-0.004327530972659588,0,-0.09860680252313614,0.9936861395835876,0.05351452901959419,0,0.00959697924554348,-0.05282453075051308,0.998557448387146,0,-0.0003870000073220581,0.027449000626802444,0,1,-0.484012246131897,0.08200977742671967,-0.8712097406387329,0,0.8365863561630249,-0.24860547482967377,-0.48817873001098633,0,-0.2566228210926056,-0.9651264548301697,0.051719725131988525,0,0.02094700001180172,0.055417999625205994,-0.0008929999894462526,1,-0.7744022607803345,-0.4497135579586029,-0.44503775238990784,0,-0.6310399174690247,0.5998172760009766,0.49194198846817017,0,0.04570838063955307,0.6617979407310486,-0.7482874989509583,0,0,0.04468899965286255,0,1,0.637641966342926,0.7310351133346558,-0.24290141463279724,0,-0.6849804520606995,0.6823311448097229,0.2553948163986206,0,0.3524417579174042,0.0035322532057762146,0.9358275532722473,0,0,0.12549099326133728,0,1,-0.7367588877677917,-0.3830465078353882,-0.5571916699409485,0,-0.5257472395896912,0.8427152633666992,0.11584842950105667,0,0.4251784384250641,0.3782941699028015,-0.8222633004188538,0,0,0.10966599732637405,0,1,0.3685104250907898,-0.36673516035079956,0.8542278409004211,0,0.8055660128593445,0.5845868587493896,-0.09654441475868225,0,-0.4639643430709839,0.7237148284912109,0.5108559131622314,0,0.014530999585986137,0.007644999772310257,0,1,0.9503470659255981,0.28753381967544556,-0.11901901662349701,0,-0.25085610151290894,0.9341670274734497,0.25377678871154785,0,0.18415293097496033,-0.21131925284862518,0.9599118828773499,0,-0.0006230000290088356,0.013120000250637531,0,1,0.9866209626197815,-0.15889222919940948,0.036513812839984894,0,0.11215778440237045,0.8240421414375305,0.5553149580955505,0,-0.11832412332296371,-0.5437899231910706,0.8308379650115967,0,0.003869999898597598,0.02131900005042553,0,1,0.782662034034729,-0.6182158589363098,0.07244981080293655,0,0.584874153137207,0.7702469825744629,0.2542460858821869,0,-0.21298331022262573,-0.15661484003067017,0.9644219279289246,0,0,0.020004000514745712,0,1,0.5165442824363708,-0.8290498852729797,-0.21414417028427124,0,0.810862123966217,0.3932606875896454,0.433415949344635,0,-0.27510902285575867,-0.3975200653076172,0.8753819465637207,0,-0.000990999978967011,0.029092999175190926,0,1,0.5924761295318604,-0.7871299982070923,-0.17146165668964386,0,0.7692810297012329,0.48963287472724915,0.41044706106185913,0,-0.2391217052936554,-0.3750818967819214,0.8956190943717957,0,0.00021699999342672527,0.02653699927031994,0,1,-0.6582085490226746,-0.017127254977822304,0.7526410222053528,0,-0.6134935021400452,-0.5672351121902466,-0.5494277477264404,0,0.43633437156677246,-0.8233779668807983,0.3628512918949127,0,-0.0544390007853508,-0.024317000061273575,0.003645000047981739,1,0.9369370341300964,0.17388980090618134,-0.30316823720932007,0,0.14559495449066162,0.5943901538848877,0.7908865809440613,0,0.3177274763584137,-0.7851511240005493,0.5315889120101929,0,0,0.14278100430965424,0,1,-0.9897832870483398,-0.04087018966674805,-0.1365969479084015,0,0.06540928035974503,0.7211180925369263,-0.689717173576355,0,0.12669138610363007,-0.6916051506996155,-0.7110773324966431,0,0,0.12532299757003784,0,1,0.986717939376831,-0.0658465176820755,0.14849980175495148,0,-0.055605530738830566,0.7220247983932495,0.6896291375160217,0,-0.15263019502162933,-0.6887267231941223,0.7087732553482056,0,0,0.0696519985795021,0,1,-0.8949154019355774,-0.3809780478477478,-0.2323412299156189,0,0.44623398780822754,-0.7655773758888245,-0.4634283185005188,0,-0.001319180242717266,-0.5184077024459839,0.8551323413848877,0,0.0544390007853508,-0.024317000061273575,-0.00775500014424324,1,0.9844467043876648,0.05329150706529617,0.16740810871124268,0,-0.17396363615989685,0.4287746846675873,0.8865034580230713,0,-0.024537252262234688,-0.9018381834030151,0.43137651681900024,0,0,0.14293700456619263,0,1,-0.9334129095077515,0.35860568284988403,-0.011912168003618717,0,0.09534896910190582,0.21590381860733032,-0.9717482328414917,0,-0.34590256214141846,-0.9081782102584839,-0.23572008311748505,0,0,0.12558400630950928,0,1,0.9788336753845215,0.05061759054660797,-0.19829703867435455,0,0.09962747991085052,0.7285172939300537,0.6777435541152954,0,0.17876875400543213,-0.6831547021865845,0.7080551385879517,0,0,0.06777899712324142,0,1
