1.467,30,44,41
B0,mixamorig_Hips,-1,-0.582866907119751,0.010885918512940407,-0.8124949336051941,0,-0.12343193590641022,0.9871199727058411,0.10177306830883026,0,0.8031379580497742,0.15960800647735596,-0.5740160346031189,0,0.0030060000717639923,0.2950269877910614,-0.004251999780535698,1
B1,mixamorig_Spine,0,0.9965190291404724,0.04953696206212044,-0.06704605370759964,0,-0.046500030905008316,0.9978529810905457,0.04612409695982933,0,0.06918694823980331,-0.04284590482711792,0.9966830015182495,0,0,0.04390399903059006,0.007627999875694513,1
B2,mixamorig_Spine1,1,0.9988699555397034,-0.044569231569767,-0.01652595028281212,0,0.04420175775885582,0.9987809658050537,-0.02197115309536457,0,0.017485037446022034,0.02121584117412567,0.9996219873428345,0,0,0.05198799818754196,0,1
B3,mixamorig_Spine2,2,0.9995750188827515,-0.021998971700668335,-0.019112106412649155,0,0.021925028413534164,0.9997509717941284,-0.00406988151371479,0,0.019196892157197,0.0036491204518824816,0.9998090267181396,0,0,0.059415001422166824,0,1
B4,mixamorig_Neck,3,0.9850700497627258,0.003466011257842183,-0.17212189733982086,0,-0.027000993490219116,0.9905340075492859,-0.13458292186260223,0,0.17002612352371216,0.1372210532426834,0.9758390188217163,0,0,0.06684199720621109,0,1
B5,mixamorig_Head,4,0.9123830199241638,0.11264315992593765,-0.3935328722000122,0,-0.07962474226951599,0.9918659925460815,0.09930216521024704,0,0.4015180468559265,-0.05926673114299774,0.9139319658279419,0,0,0.051865000277757645,-0.006849000230431557,1
B6,mixamorig_HeadTop_End,5,1,0,0,0,0,1,0,0,0,0,1,0,0,0.2007790058851242,-0.026512999087572098,1
B7,mixamorig_LeftShoulder,3,0.013174465857446194,-0.0702667087316513,0.9974410533905029,0,-0.9562860131263733,-0.292326420545578,-0.007962588220834732,0,0.29213783144950867,-0.9537340998649597,-0.0710463747382164,0,-0.02097800001502037,0.05739400163292885,0.004528000019490719,1
B8,mixamorig_LeftArm,7,-0.9094030261039734,-0.3709700107574463,0.18806283175945282,0,-0.18690599501132965,0.7684441208839417,0.6120127439498901,0,-0.37155410647392273,0.5214161276817322,-0.7681618332862854,0,0,0.047561001032590866,0,1
B9,mixamorig_LeftForeArm,8,-0.04905977472662926,-0.8439079523086548,0.5342391133308411,0,0.9987860321998596,-0.043868351727724075,0.022423218935728073,0,0.004513048566877842,0.5346909165382385,0.8450360894203186,0,0,0.1254729926586151,0,1
B10,mixamorig_LeftHand,9,-0.45109987258911133,0.05351487174630165,0.8908681273460388,0,0.005926200188696384,0.9983580112457275,-0.056971050798892975,0,-0.8924539089202881,-0.020420167595148087,-0.45067620277404785,0,0,0.10390900075435638,0,1
B11,mixamorig_LeftHandThumb1,10,0.5288187861442566,0.848466157913208,0.021366892382502556,0,-0.8467327356338501,0.5291321873664856,-0.055345963686704636,0,-0.0582650750875473,0.011175934225320816,0.9982389211654663,0,-0.011734999716281891,0.01218700036406517,0,1
B12,mixamorig_LeftHandThumb2,11,0.8676278591156006,-0.4208672046661377,-0.2647498548030853,0,0.4740898311138153,0.8607441782951355,0.18536189198493958,0,0.14986906945705414,-0.28634020686149597,0.9463339447975159,0,0.0017049999441951513,0.013426999561488628,0,1
B13,mixamorig_LeftHandThumb3,12,0.520138144493103,0.5641048550605774,-0.6412820816040039,0,-0.11837411671876907,0.7912110090255737,0.5999780297279358,0,0.8458391427993774,-0.236160010099411,0.47831395268440247,0,-0.0028230000752955675,0.021270999684929848,0,1
B14,mixamorig_LeftHandThumb4,13,1,0,0,0,0,1,0,0,0,0,1,0,0.0011180000146850944,0.0193060003221035,0,1
B15,mixamorig_LeftHandIndex1,10,0.2140548825263977,0.9369140267372131,0.276354044675827,0,-0.924341082572937,0.1027960330247879,0.36745864152908325,0,0.3158693015575409,-0.33410197496414185,0.8880327939987183,0,0,0.015510999597609043,0,1
B16,mixamorig_LeftHandIndex2,15,0.5479682087898254,0.8143608570098877,0.19117408990859985,0,-0.7991881966590881,0.442176878452301,0.407158762216568,0,0.2470412701368332,-0.3758939504623413,0.8931259512901306,0,0.0016049999976530671,0.031279001384973526,0,1
B17,mixamorig_LeftHandIndex3,16,0.518314003944397,0.8216739892959595,0.23707197606563568,0,-0.798352062702179,0.36552518606185913,0.4785657525062561,0,0.3065691888332367,-0.43731415271759033,0.8454418182373047,0,-0.0005729999975301325,0.027307000011205673,0,1
B18,mixamorig_LeftHandIndex4,17,1,0,0,0,0,1,0,0,0,0,1,0,-0.001032999949529767,0.02392200008034706,0,1
B19,mixamorig_RightShoulder,3,0.2510930299758911,0.11703196167945862,-0.9608619213104248,0,0.9420650005340576,-0.2576308846473694,0.2148018330335617,0,-0.22240911424160004,-0.9591299891471863,-0.17494109272956848,0,0.02097800001502037,0.05642100051045418,-0.0010760000441223383,1
B20,mixamorig_RightArm,19,-0.8621028065681458,0.16490283608436584,-0.47915124893188477,0,-0.1920487880706787,0.7687018513679504,0.6100932359695435,0,0.46893084049224854,0.617983877658844,-0.6310310363769531,0,0,0.047561001032590866,0,1
B21,mixamorig_RightForeArm,20,0.35338079929351807,0.9136419892311096,0.20095020532608032,0,-0.8933908939361572,0.26589515805244446,0.36215025186538696,0,0.27744385600090027,-0.3075038492679596,0.9102010726928711,0,0,0.12654699385166168,0,1
B22,mixamorig_RightHand,21,-0.7109593152999878,-0.37522876262664795,-0.5947619676589966,0,-0.49018025398254395,0.870854914188385,0.03653291240334511,0,0.5042431354522705,0.31751397252082825,-0.8030719757080078,0,0,0.10343500226736069,0,1
B23,mixamorig_RightHandThumb1,22,0.6895207166671753,-0.693335235118866,-0.20939616858959198,0,0.6889597773551941,0.5387305617332458,0.48487573862075806,0,-0.22337324917316437,-0.4785972535610199,0.8491458296775818,0,0.014523999765515327,0.011982999742031097,0,1
B24,mixamorig_RightHandThumb2,23,0.8976380825042725,0.36521297693252563,0.246710866689682,0,-0.3163750171661377,0.9236639738082886,-0.2162199169397354,0,-0.30684414505958557,0.11603403836488724,0.944659948348999,0,-0.0007680000271648169,0.015043999999761581,0,1
B25,mixamorig_RightHandThumb3,24,0.9631829261779785,0.009668789803981781,-0.26867222785949707,0,-0.005889248102903366,0.9998720288276672,0.014869901351630688,0,0.26878175139427185,-0.012740164063870907,0.9631171226501465,0,0.0040270001627504826,0.02192699909210205,0,1
B26,mixamorig_RightHandThumb4,25,1,0,0,0,0,1,0,0,0,0,1,0,-0.003258999902755022,0.017292000353336334,0,1
B27,mixamorig_RightHandIndex1,22,0.606106698513031,-0.7502411007881165,-0.26414620876312256,0,0.7630557417869568,0.4547520875930786,0.4592893719673157,0,-0.2244567722082138,-0.47993677854537964,0.8481042385101318,0,0,0.02219099923968315,0,1
B28,mixamorig_RightHandIndex2,27,0.5424748063087463,-0.8148120641708374,-0.20445798337459564,0,0.797985851764679,0.4237341582775116,0.42856502532958984,0,-0.26256394386291504,-0.3956400454044342,0.8800730109214783,0,-0.0009210000280290842,0.029239999130368233,0,1
B29,mixamorig_RightHandIndex3,28,0.6626577973365784,-0.7278381586074829,-0.1764547973871231,0,0.7086369395256042,0.5331271886825562,0.46217790246009827,0,-0.24231787025928497,-0.43130823969841003,0.8690539598464966,0,0.00013600000238511711,0.026674000546336174,0,1
B30,mixamorig_RightHandIndex4,29,1,0,0,0,0,1,0,0,0,0,1,0,0.0007859999896027148,0.02132599987089634,0,1
B31,mixamorig_LeftUpLeg,0,-0.6598381996154785,-0.008508282713592052,0.7513598799705505,0,-0.6436490416526794,-0.5095632672309875,-0.5710176229476929,0,0.38772374391555786,-0.8603911995887756,0.3307529389858246,0,-0.05041100084781647,-0.02436700090765953,0.003154000034555793,1
B32,mixamorig_LeftLeg,31,0.9630959630012512,0.12029392272233963,-0.2407831996679306,0,0.12012778222560883,0.6084319949150085,0.7844619750976562,0,0.24086593091487885,-0.7844359874725342,0.5715270638465881,0,0,0.14514699578285217,0,1
B33,mixamorig_LeftFoot,32,-0.991037905216217,-0.026119457557797432,-0.1310000717639923,0,0.06721328943967819,0.7499960064888,-0.6580179929733276,0,0.1154366284608841,-0.6609259247779846,-0.7415190935134888,0,0,0.11971700191497803,0,1
B34,mixamorig_LeftToeBase,33,0.9861189723014832,-0.025608034804463387,0.1640530228614807,0,-0.10025501996278763,0.6957659721374512,0.7112370133399963,0,-0.1323559731245041,-0.7178119421005249,0.6835411190986633,0,0,0.0696519985795021,0,1
B35,mixamorig_LeftToe_End,34,1,0,0,0,0,1,0,0,0,0,1,0,0,0.028690999373793602,0,1
B36,mixamorig_RightUpLeg,0,-0.7241590023040771,-0.4053747057914734,-0.5579110980033875,0,0.596679151058197,-0.7739309072494507,-0.2121458798646927,0,-0.34578585624694824,-0.486520916223526,0.8023270964622498,0,0.05041100084781647,-0.02436700090765953,-0.008173000067472458,1
B37,mixamorig_RightLeg,36,0.9936929941177368,0.06701480597257614,0.08990314602851868,0,-0.11178700625896454,0.6548879742622375,0.747412919998169,0,-0.008788756094872952,-0.7527490258216858,0.6582489609718323,0,0,0.145236998796463,0,1
B38,mixamorig_RightFoot,37,-0.8820129036903381,0.4656030535697937,0.0725768581032753,0,0.18156571686267853,0.4779147803783417,-0.8594371676445007,0,-0.43484190106391907,-0.7448567748069763,-0.5060641765594482,0,0,0.11989700049161911,0,1
B39,mixamorig_RightToeBase,38,0.9794480204582214,-0.001738694030791521,-0.20168688893318176,0,0.14528828859329224,0.6996790766716003,0.6995288729667664,0,0.1398998498916626,-0.7144550085067749,0.6855520009994507,0,0,0.06777899712324142,0,1
B40,mixamorig_RightToe_End,39,1,0,0,0,0,1,0,0,0,0,1,0,0,0.0280969999730587,0,1
@34,0,1,2,3,4,5,7,8,9,10,11,12,13,15,16,17,19,20,21,22,23,24,25,27,28,29,31,32,33,34,36,37,38,39
K0,0.5819611549377441,0.010885904543101788,0.8131438493728638,0,0.12354522943496704,0.9871199727058411,-0.1016354188323021,0,-0.8037769794464111,0.15960796177387238,0.5731207132339478,0,-0.003010735847055912,0.2950269877910614,0.004248647019267082,1,0.9965190291404724,0.049536965787410736,-0.06704605370759964,0,-0.046500034630298615,0.9978529810905457,0.04612409323453903,0,0.06918694823980331,-0.04284590110182762,0.9966830015182495,0,0,0.04390399903059006,0.007627999875694513,1,0.9988699555397034,-0.0445692352950573,-0.016525955870747566,0,0.04420176148414612,0.9987809658050537,-0.02197115495800972,0,0.01748504303395748,0.02121584303677082,0.9996219873428345,0,0,0.05198799818754196,0,1,0.9995750188827515,-0.021998971700668335,-0.019112106412649155,0,0.021925028413534164,0.9997509717941284,-0.004069880582392216,0,0.019196892157197,0.0036491192877292633,0.9998090267181396,0,0,0.059415001422166824,0,1,0.9850700497627258,0.0034660084638744593,-0.17212189733982086,0,-0.027000989764928818,0.9905340075492859,-0.13458292186260223,0,0.17002612352371216,0.1372210532426834,0.9758390188217163,0,0,0.06684199720621109,0,1,0.9123830199241638,0.11264322698116302,-0.3935328722000122,0,-0.07962477952241898,0.9918659925460815,0.09930222481489182,0,0.4015180468559265,-0.059266772121191025,0.9139319658279419,0,0,0.051865000277757645,-0.006849000230431557,1,0.013174022547900677,-0.07026699930429459,0.9974409341812134,0,-0.9562859535217285,-0.29232627153396606,-0.007963177748024464,0,0.29213783144950867,-0.9537340402603149,-0.07104640454053879,0,-0.02097800001502037,0.05739400163292885,0.004528000019490719,1,-0.9094030261039734,-0.3709699809551239,0.1880628764629364,0,-0.18690595030784607,0.7684441208839417,0.6120127439498901,0,-0.3715541362762451,0.5214161276817322,-0.7681618332862854,0,0,0.047561001032590866,0,1,-0.04905976355075836,-0.84390789270401,0.5342392325401306,0,0.9987860321998596,-0.04386843368411064,0.02242306061089039,0,0.004513213410973549,0.5346910357475281,0.8450360298156738,0,0,0.1254729926586151,0,1,-0.4510999023914337,0.05351513251662254,0.8908681869506836,0,0.005926125682890415,0.9983580112457275,-0.05697137489914894,0,-0.8924539685249329,-0.02042037434875965,-0.45067620277404785,0,0,0.10390900075435638,0,1,0.5288187861442566,0.848466157913208,0.02136687934398651,0,-0.8467327356338501,0.5291321873664856,-0.05534602329134941,0,-0.058265119791030884,0.011175977997481823,0.9982389211654663,0,-0.011734999716281891,0.01218700036406517,0,1,0.8676278591156006,-0.4208672344684601,-0.2647498548030853,0,0.4740898311138153,0.8607441782951355,0.1853618323802948,0,0.14986909925937653,-0.2863401472568512,0.9463339447975159,0,0.0017049999441951513,0.013426999561488628,0,1,0.520138144493103,0.5641048550605774,-0.6412820816040039,0,-0.11837411671876907,0.7912110090255737,0.5999780297279358,0,0.8458391427993774,-0.236160010099411,0.47831395268440247,0,-0.0028230000752955675,0.021270999684929848,0,1,0.21405503153800964,0.9369139671325684,0.27635428309440613,0,-0.924341082572937,0.10279610008001328,0.36745867133140564,0,0.3158692419528961,-0.3341022729873657,0.8880327343940735,0,0,0.015510999597609043,0,1,0.5479682087898254,0.8143608570098877,0.19117426872253418,0,-0.7991882562637329,0.44217681884765625,0.40715885162353516,0,0.247041255235672,-0.37589412927627563,0.8931258916854858,0,0.0016049999976530671,0.031279001384973526,0,1,0.5183140635490417,0.8216739296913147,0.23707211017608643,0,-0.7983520030975342,0.3655252158641815,0.4785657227039337,0,0.30656909942626953,-0.4373142719268799,0.8454418182373047,0,-0.0005729999975301325,0.027307000011205673,0,1,0.2510930597782135,0.11703193187713623,-0.9608619809150696,0,0.9420650601387024,-0.2576308250427246,0.21480193734169006,0,-0.22240902483463287,-0.959130048751831,-0.17494109272956848,0,0.02097800001502037,0.05642100051045418,-0.0010760000441223383,1,-0.8621029257774353,0.16490276157855988,-0.4791512191295624,0,-0.19204875826835632,0.76870197057724,0.6100931167602539,0,0.46893081068992615,0.6179838180541992,-0.6310312151908875,0,0,0.047561001032590866,0,1,0.35338065028190613,0.9136421084403992,0.2009499967098236,0,-0.8933908343315125,0.2658950686454773,0.36215028166770935,0,0.2774440050125122,-0.3075036108493805,0.9102011322975159,0,0,0.12654699385166168,0,1,-0.7109593152999878,-0.37522873282432556,-0.5947620272636414,0,-0.49018028378486633,0.8708548545837402,0.03653297945857048,0,0.5042430758476257,0.317514032125473,-0.8030719757080078,0,0,0.10343500226736069,0,1,0.6895207166671753,-0.693335235118866,-0.20939621329307556,0,0.6889598369598389,0.5387305617332458,0.48487570881843567,0,-0.2233732044696808,-0.4785972833633423,0.8491458296775818,0,0.014523999765515327,0.011982999742031097,0,1,0.8976380825042725,0.365213006734848,0.2467108517885208,0,-0.3163750469684601,0.9236639738082886,-0.216219961643219,0,-0.30684414505958557,0.11603407561779022,0.944659948348999,0,-0.0007680000271648169,0.015043999999761581,0,1,0.9631829261779785,0.00966876745223999,-0.26867225766181946,0,-0.0058892336674034595,0.9998720288276672,0.014869866892695427,0,0.26878178119659424,-0.01274013426154852,0.9631171226501465,0,0.0040270001627504826,0.02192699909210205,0,1,0.6061066389083862,-0.7502412796020508,-0.26414597034454346,0,0.7630558013916016,0.45475199818611145,0.45928943157196045,0,-0.2244569957256317,-0.4799365997314453,0.8481042981147766,0,0,0.02219099923968315,0,1,0.5424748063087463,-0.8148120641708374,-0.20445792376995087,0,0.797985851764679,0.423734188079834,0.42856496572494507,0,-0.26256391406059265,-0.39563995599746704,0.880073070526123,0,-0.0009210000280290842,0.029239999130368233,0,1,0.6626579165458679,-0.7278380393981934,-0.17645476758480072,0,0.7086368799209595,0.5331273078918457,0.4621778130531311,0,-0.2423177808523178,-0.43130820989608765,0.8690540194511414,0,0.00013600000238511711,0.026674000546336174,0,1,-0.6598379611968994,-0.008508363738656044,0.7513600587844849,0,-0.6436492800712585,-0.5095630884170532,-0.5710175037384033,0,0.38772377371788025,-0.8603913187980652,0.3307526707649231,0,-0.05041100084781647,-0.02436700090765953,0.003154000034555793,1,0.9630959630012512,0.12029382586479187,-0.24078315496444702,0,0.12012781947851181,0.6084319949150085,0.7844619154930115,0,0.2408658266067505,-0.7844359874725342,0.5715270638465881,0,0,0.14514699578285217,0,1,-0.9910379648208618,-0.026119429618120193,-0.13100025057792664,0,0.06721343100070953,0.7499960064888,-0.6580179929733276,0,0.11543673276901245,-0.6609259843826294,-0.7415190935134888,0,0,0.11971700191497803,0,1,0.9861189723014832,-0.025608038529753685,0.1640530228614807,0,-0.10025503486394882,0.6957659125328064,0.7112370133399963,0,-0.1323559731245041,-0.7178119421005249,0.6835410594940186,0,0,0.0696519985795021,0,1,-0.7241590619087219,-0.4053747355937958,-0.5579111576080322,0,0.5966792106628418,-0.7739309072494507,-0.21214596927165985,0,-0.34578579664230347,-0.48652103543281555,0.8023270964622498,0,0.05041100084781647,-0.02436700090765953,-0.008173000067472458,1,0.993692934513092,0.06701488047838211,0.08990323543548584,0,-0.11178711801767349,0.6548879742622375,0.747412919998169,0,-0.008788760751485825,-0.7527490258216858,0.6582489609718323,0,0,0.145236998796463,0,1,-0.8820129036903381,0.46560320258140564,0.07257690280675888,0,0.1815657615661621,0.4779147207736969,-0.8594372272491455,0,-0.434842050075531,-0.7448567748069763,-0.506064236164093,0,0,0.11989700049161911,0,1,0.9794479608535767,-0.0017386398976668715,-0.2016870230436325,0,0.1452883630990982,0.6996790766716003,0.6995288729667664,0,0.13989996910095215,-0.7144550681114197,0.6855519413948059,0,0,0.06777899712324142,0,1
K0.033,0.5721253752708435,-0.010749103501439095,0.8200961351394653,0,0.14620870351791382,0.9852339625358582,-0.08908630162477493,0,-0.8070291876792908,0.17087380588054657,0.5652491450309753,0,-0.004212707746773958,0.2952460050582886,0.006002306472510099,1,0.9978320002555847,0.028475971892476082,-0.059340812265872955,0,-0.025626646354794502,0.998507022857666,0.048236098140478134,0,0.06062578782439232,-0.046610817313194275,0.9970720410346985,0,0,0.04390399903059006,0.007627999875694513,1,0.999047040939331,-0.04088370129466057,-0.015314003452658653,0,0.04071810841560364,0.9991099834442139,-0.010970844887197018,0,0.01574890874326229,0.010336837731301785,0.9998230338096619,0,0,0.05198799818754196,0,1,0.9996280074119568,-0.020715219900012016,-0.017716659232974052,0,0.020789671689271927,0.9997760057449341,0.004027696792036295,0,0.017629260197281837,-0.004394523333758116,0.9998350739479065,0,0,0.059415001422166824,0,1,0.9842990636825562,0.006941367406398058,-0.17637300491333008,0,-0.029751697555184364,0.991454005241394,-0.12701787054538727,0,0.173984095454216,0.13027098774909973,0.9760940074920654,0,0,0.06684199720621109,0,1,0.9068979620933533,0.1168040856719017,-0.404837965965271,0,-0.08059997111558914,0.9911569952964783,0.10541313141584396,0,0.4135702848434448,-0.06296897679567337,0.9082918167114258,0,0,0.051865000277757645,-0.006849000230431557,1,0.021315190941095352,-0.05980026721954346,0.9979829788208008,0,-0.9600918292999268,-0.2796584367752075,0.0037484446074813604,0,0.2788701355457306,-0.958234965801239,-0.06337469071149826,0,-0.02097800001502037,0.05739400163292885,0.004528000019490719,1,-0.9276570677757263,-0.3679172992706299,0.06395059078931808,0,-0.26830819249153137,0.7757765650749207,0.5711231827735901,0,-0.25973743200302124,0.512647807598114,-0.8183696269989014,0,0,0.047561001032590866,0,1,0.16048863530158997,-0.8565805554389954,0.4904218912124634,0,0.9812533855438232,0.19217324256896973,0.014542272314429283,0,-0.1067025437951088,0.47889402508735657,0.8713637590408325,0,0,0.1254729926586151,0,1,-0.4336436092853546,0.0766388550400734,0.8978191018104553,0,0.030736561864614487,0.9970548748970032,-0.07026407867670059,0,-0.9005599617958069,-0.002873697318136692,-0.4347221255302429,0,0,0.10390900075435638,0,1,0.5288190245628357,0.8484660387039185,0.021367371082305908,0,-0.8467319011688232,0.5291320085525513,-0.05534626916050911,0,-0.058265626430511475,0.011175732128322124,0.9982390403747559,0,-0.011734999716281891,0.01218700036406517,0,1,0.8676278591156006,-0.4208671748638153,-0.2647499442100525,0,0.4740898609161377,0.860744059085846,0.185362309217453,0,0.14986899495124817,-0.2863406836986542,0.9463340640068054,0,0.0017049999441951513,0.013426999561488628,0,1,0.5201379060745239,0.5641049742698669,-0.6412822008132935,0,-0.1183750256896019,0.7912108898162842,0.5999771356582642,0,0.8458388447761536,-0.23615886270999908,0.4783143401145935,0,-0.0028230000752955675,0.021270999684929848,0,1,0.21405526995658875,0.9369139671325684,0.2763548195362091,0,-0.9243411421775818,0.10279621928930283,0.3674583435058594,0,0.3158687949180603,-0.33410269021987915,0.8880327343940735,0,0,0.015510999597609043,0,1,0.5479679107666016,0.8143609166145325,0.1911732256412506,0,-0.7991880178451538,0.4421769082546234,0.40715816617012024,0,0.2470412403345108,-0.37589284777641296,0.8931260704994202,0,0.0016049999976530671,0.031279001384973526,0,1,0.5183134078979492,0.8216736912727356,0.2370721697807312,0,-0.7983523011207581,0.3655247688293457,0.47856569290161133,0,0.3065691888332367,-0.43731430172920227,0.8454417586326599,0,-0.0005729999975301325,0.027307000011205673,0,1,0.1594666987657547,0.10986170917749405,-0.9810712337493896,0,0.9674841165542603,-0.21502885222434998,0.1331789642572403,0,-0.19632749259471893,-0.970409095287323,-0.1405794769525528,0,0.02097800001502037,0.05642100051045418,-0.0010760000441223383,1,-0.8966752886772156,0.12093477696180344,-0.4258491098880768,0,-0.16791436076164246,0.7971623539924622,0.5799456238746643,0,0.4096067249774933,0.5915295481681824,-0.6944894790649414,0,0,0.047561001032590866,0,1,0.1607774943113327,0.986964225769043,-0.007210644893348217,0,-0.9166732430458069,0.1520272046327591,0.36959195137023926,0,0.3658701479434967,-0.052812252193689346,0.9291659593582153,0,0,0.12654699385166168,0,1,-0.7175174951553345,-0.28581416606903076,-0.6352002620697021,0,-0.2976207137107849,0.9502987265586853,-0.09140545129776001,0,0.6297546029090881,0.12346366792917252,-0.7669196724891663,0,0,0.10343500226736069,0,1,0.689521074295044,-0.6933349967002869,-0.2093958854675293,0,0.6889590620994568,0.5387308597564697,0.48487502336502075,0,-0.22337289154529572,-0.478596955537796,0.8491460680961609,0,0.014523999765515327,0.011982999742031097,0,1,0.8976380825042725,0.365213006734848,0.2467108517885208,0,-0.3163750469684601,0.9236639738082886,-0.216219961643219,0,-0.30684414505958557,0.11603407561779022,0.944659948348999,0,-0.0007680000271648169,0.015043999999761581,0,1,0.9631829261779785,0.00966876745223999,-0.26867225766181946,0,-0.0058892336674034595,0.9998720288276672,0.014869866892695427,0,0.26878178119659424,-0.01274013426154852,0.9631171226501465,0,0.0040270001627504826,0.02192699909210205,0,1,0.6061066389083862,-0.7502410411834717,-0.26414647698402405,0,0.7630558609962463,0.45475202798843384,0.4592892527580261,0,-0.22445648908615112,-0.47993677854537964,0.8481040000915527,0,0,0.02219099923968315,0,1,0.5424747467041016,-0.8148120641708374,-0.20445826649665833,0,0.797985851764679,0.4237338602542877,0.4285653829574585,0,-0.2625642716884613,-0.39564064145088196,0.8800731897354126,0,-0.0009210000280290842,0.029239999130368233,0,1,0.6626577973365784,-0.7278382182121277,-0.17645397782325745,0,0.7086368203163147,0.5331273674964905,0.4621788561344147,0,-0.24231897294521332,-0.43130818009376526,0.8690539598464966,0,0.00013600000238511711,0.026674000546336174,0,1,-0.6665611267089844,-0.024646906182169914,0.7450429201126099,0,-0.6243616342544556,-0.5275843143463135,-0.5760452747344971,0,0.40727031230926514,-0.8491447567939758,0.3362782299518585,0,-0.05041100084781647,-0.02436700090765953,0.003154000034555793,1,0.9677209854125977,0.1009427160024643,-0.2309272289276123,0,0.11729488521814346,0.6306090950965881,0.7671860456466675,0,0.22306647896766663,-0.7695080041885376,0.5984131693840027,0,0,0.14514699578285217,0,1,-0.9911090731620789,-0.030767008662223816,-0.12944509088993073,0,0.06056999787688255,0.7619028687477112,-0.6448521018028259,0,0.11846490949392319,-0.6469599604606628,-0.7532662153244019,0,0,0.11971700191497803,0,1,0.9861189723014832,-0.0256082471460104,0.1640535295009613,0,-0.10025525093078613,0.6957659125328064,0.7112370133399963,0,-0.1323564499616623,-0.7178119421005249,0.6835409998893738,0,0,0.0696519985795021,0,1,-0.7197762131690979,-0.4099552035331726,-0.5602306127548218,0,0.6170981526374817,-0.747492790222168,-0.2458522766828537,0,-0.31798017024993896,-0.5226762890815735,0.7910107374191284,0,0.05041100084781647,-0.02436700090765953,-0.008173000067472458,1,0.9933300018310547,0.06629100441932678,0.09434226900339127,0,-0.11495202034711838,0.6332179307937622,0.7653899788856506,0,-0.009000754915177822,-0.7711300849914551,0.636614978313446,0,0,0.145236998796463,0,1,-0.8822471499443054,0.46557360887527466,0.06986775249242783,0,0.18173354864120483,0.4736979603767395,-0.8617329001426697,0,-0.434296190738678,-0.7475639581680298,-0.5025288462638855,0,0,0.11989700049161911,0,1,0.9794489741325378,-0.0017381877405568957,-0.20168690383434296,0,0.14528782665729523,0.6996790766716003,0.6995289921760559,0,0.1399001032114029,-0.7144550085067749,0.6855519413948059,0,0,0.06777899712324142,0,1
K0.067,0.5632052421569824,-0.03353186324238777,0.825636088848114,0,0.16998052597045898,0.9825091361999512,-0.07604870945215225,0,-0.8086442351341248,0.18317295610904694,0.5590535402297974,0,-0.005931393709033728,0.295305997133255,0.0057503958232700825,1,0.9991689920425415,0.008776037022471428,-0.039807017892599106,0,-0.0070573436096310616,0.9990450143814087,0.04311241954565048,0,0.04014737159013748,-0.04279566928744316,0.9982770085334778,0,0,0.04390399903059006,0.007627999875694513,1,0.99943608045578,-0.03164398670196533,-0.011266962625086308,0,0.0317021906375885,0.9994849562644958,0.005025667138397694,0,0.011102122254669666,-0.005380017217248678,0.9999240040779114,0,0,0.05198799818754196,0,1,0.9997910261154175,-0.015187432058155537,-0.013711596839129925,0,0.01539467554539442,0.999767005443573,0.015137935988605022,0,0.013478484936058521,-0.015345845371484756,0.9997910261154175,0,0,0.059415001422166824,0,1,0.983444094657898,0.010760770179331303,-0.18089483678340912,0,-0.032709162682294846,0.9923800230026245,-0.11879198998212814,0,0.17823809385299683,0.1227421686053276,0.9763019680976868,0,0,0.06684199720621109,0,1,0.9008010625839233,0.12144410610198975,-0.4169049561023712,0,-0.08163286000490189,0.9903380870819092,0.112101711332798,0,0.42649078369140625,-0.06694816797971725,0.9020110964775085,0,0,0.051865000277757645,-0.006849000230431557,1,0.03241659328341484,-0.04872163385152817,0.9982860088348389,0,-0.9637030959129333,-0.26634854078292847,0.018294377252459526,0,0.2650006413459778,-0.9626440405845642,-0.055587269365787506,0,-0.02097800001502037,0.05739400163292885,0.004528000019490719,1,-0.9357170462608337,-0.3430410325527191,-0.08219746500253677,0,-0.33799251914024353,0.8051897883415222,0.4872686564922333,0,-0.10096853971481323,0.48372742533683777,-0.8693745732307434,0,0,0.047561001032590866,0,1,0.40851691365242004,-0.7703399658203125,0.48958125710487366,0,0.8807245492935181,0.4735189974308014,0.010171420872211456,0,-0.23966148495674133,0.4270310699939728,0.8718978762626648,0,0,0.1254729926586151,0,1,-0.41144677996635437,0.199342742562294,0.8893672823905945,0,0.12427403032779694,0.9789462089538574,-0.1619282215833664,0,-0.9029218554496765,0.04390040785074234,-0.4275573194026947,0,0,0.10390900075435638,0,1,0.5288190245628357,0.8484660387039185,0.021367093548178673,0,-0.846731960773468,0.529132068157196,-0.0553467720746994,0,-0.05826590210199356,0.011176230385899544,0.9982390403747559,0,-0.011734999716281891,0.01218700036406517,0,1,0.8676278591156006,-0.4208672344684601,-0.2647498548030853,0,0.4740898311138153,0.8607441782951355,0.1853618323802948,0,0.14986909925937653,-0.2863401472568512,0.9463339447975159,0,0.0017049999441951513,0.013426999561488628,0,1,0.5201379060745239,0.5641053318977356,-0.6412819027900696,0,-0.11837460100650787,0.7912108898162842,0.5999783277511597,0,0.8458392024040222,-0.23615971207618713,0.47831395268440247,0,-0.0028230000752955675,0.021270999684929848,0,1,0.21405507624149323,0.9369148015975952,0.27635443210601807,0,-0.924341082572937,0.10279593616724014,0.3674587905406952,0,0.31586942076683044,-0.33410215377807617,0.8880327343940735,0,0,0.015510999597609043,0,1,0.5479680299758911,0.8143609762191772,0.19117407500743866,0,-0.7991880774497986,0.4421766698360443,0.4071582853794098,0,0.24704104661941528,-0.3758937120437622,0.8931261301040649,0,0.0016049999976530671,0.031279001384973526,0,1,0.5183134078979492,0.8216736912727356,0.2370721697807312,0,-0.7983523011207581,0.3655247688293457,0.47856569290161133,0,0.3065691888332367,-0.43731430172920227,0.8454417586326599,0,-0.0005729999975301325,0.027307000011205673,0,1,0.06977467983961105,0.08702706545591354,-0.9937589168548584,0,0.982783854007721,-0.1768382489681244,0.05351771041750908,0,-0.1710771769285202,-0.980384886264801,-0.09786766767501831,0,0.02097800001502037,0.05642100051045418,-0.0010760000441223383,1,-0.9282956719398499,0.10671637952327728,-0.35619962215423584,0,-0.11095080524682999,0.834802508354187,0.5392544865608215,0,0.3549036681652069,0.5401083827018738,-0.7631033658981323,0,0,0.047561001032590866,0,1,0.02957080490887165,0.9977699518203735,-0.05983290076255798,0,-0.923058032989502,0.05022592097520828,0.3813677728176117,0,0.3835224509239197,0.04395190626382828,0.922484815120697,0,0,0.12654699385166168,0,1,-0.7413138747215271,-0.09005982428789139,-0.6650887131690979,0,-0.0716434195637703,0.9959128499031067,-0.05500239133834839,0,0.6673237085342407,0.006875188555568457,-0.7447360754013062,0,0,0.10343500226736069,0,1,0.6895213723182678,-0.6933355331420898,-0.20939619839191437,0,0.6889594197273254,0.5387306809425354,0.4848756492137909,0,-0.2233731895685196,-0.4785972833633423,0.8491458296775818,0,0.014523999765515327,0.011982999742031097,0,1,0.8976380825042725,0.365213006734848,0.2467108517885208,0,-0.3163750469684601,0.9236639738082886,-0.216219961643219,0,-0.30684414505958557,0.11603407561779022,0.944659948348999,0,-0.0007680000271648169,0.015043999999761581,0,1,0.9631829261779785,0.00966876745223999,-0.26867225766181946,0,-0.0058892336674034595,0.9998720288276672,0.014869866892695427,0,0.26878178119659424,-0.01274013426154852,0.9631171226501465,0,0.0040270001627504826,0.02192699909210205,0,1,0.6061066389083862,-0.7502412796020508,-0.26414597034454346,0,0.7630558013916016,0.45475199818611145,0.45928943157196045,0,-0.2244569957256317,-0.4799365997314453,0.8481042981147766,0,0,0.02219099923968315,0,1,0.5424749255180359,-0.8148120045661926,-0.20445813238620758,0,0.7979860901832581,0.42373427748680115,0.4285655915737152,0,-0.26256415247917175,-0.39564040303230286,0.880072832107544,0,-0.0009210000280290842,0.029239999130368233,0,1,0.6626579165458679,-0.7278380393981934,-0.17645476758480072,0,0.7086368799209595,0.5331273078918457,0.4621778130531311,0,-0.2423177808523178,-0.43130820989608765,0.8690540194511414,0,0.00013600000238511711,0.026674000546336174,0,1,-0.6755329370498657,-0.04655882343649864,0.735858142375946,0,-0.6012512445449829,-0.5428966879844666,-0.5863109827041626,0,0.4267928898334503,-0.8385080695152283,0.33875104784965515,0,-0.05041100084781647,-0.02436700090765953,0.003154000034555793,1,0.9720498919487,0.08416019380092621,-0.21917042136192322,0,0.11642004549503326,0.6378839015960693,0.7612821459770203,0,0.20387493073940277,-0.7655200362205505,0.610257089138031,0,0,0.14514699578285217,0,1,-0.9911139607429504,-0.031109066680073738,-0.1293257772922516,0,0.05998707562685013,0.763244092464447,-0.6433199048042297,0,0.11872022598981857,-0.6453612446784973,-0.7545957565307617,0,0,0.11971700191497803,0,1,0.9861189723014832,-0.0256082471460104,0.1640535295009613,0,-0.10025525093078613,0.6957659125328064,0.7112370133399963,0,-0.1323564499616623,-0.7178119421005249,0.6835409998893738,0,0,0.0696519985795021,0,1,-0.7081220149993896,-0.4214699864387512,-0.5665030479431152,0,0.6420256495475769,-0.7182616591453552,-0.26814815402030945,0,-0.2938811480998993,-0.5535913109779358,0.7792117595672607,0,0.05041100084781647,-0.02436700090765953,-0.008173000067472458,1,0.9930809736251831,0.06654476374387741,0.09675968438386917,0,-0.1170642077922821,0.6262640953063965,0.770771861076355,0,-0.009306280873715878,-0.7767659425735474,0.6297209858894348,0,0,0.145236998796463,0,1,-0.8793602585792542,0.47163742780685425,0.06544280797243118,0,0.193205326795578,0.47904080152511597,-0.8562660217285156,0,-0.43519720435142517,-0.740323007106781,-0.5123726725578308,0,0,0.11989700049161911,0,1,0.9794390201568604,-0.0016930183628574014,-0.20173296332359314,0,0.14531096816062927,0.6995709538459778,0.6996320486068726,0,0.1399420201778412,-0.7145609259605408,0.685433030128479,0,0,0.06777899712324142,0,1
K0.100,0.5528978705406189,-0.055589135736227036,0.8313924074172974,0,0.19296300411224365,0.9791910648345947,-0.06285415589809418,0,-0.8105976581573486,0.19517986476421356,0.5521189570426941,0,-0.008059722371399403,0.2951270043849945,0.004235021770000458,1,0.9998869895935059,-0.0091990502551198,-0.011928976513445377,0,0.009555947966873646,0.9994979500770569,0.030215224251151085,0,0.011645026504993439,-0.03032577596604824,0.9994720816612244,0,0,0.04390399903059006,0.007627999875694513,1,0.9998040795326233,-0.019256873056292534,-0.004608737770467997,0,0.019305124878883362,0.9997569918632507,0.010664056986570358,0,0.00440226262435317,-0.010750941932201385,0.9999330043792725,0,0,0.05198799818754196,0,1,0.9999589920043945,-0.0049753086641430855,-0.007515760138630867,0,0.005100691691040993,0.9998469352722168,0.016756176948547363,0,0.0074312398210167885,-0.01679381914436817,0.9998310208320618,0,0,0.059415001422166824,0,1,0.9820009469985962,0.017188014462590218,-0.1880941092967987,0,-0.03747398406267166,0.9937840104103088,-0.10483217239379883,0,0.18512289226055145,0.1099938303232193,0.9765400886535645,0,0,0.06684199720621109,0,1,0.8904089331626892,0.1295582801103592,-0.4363320469856262,0,-0.08317271620035172,0.9888060092926025,0.12387418746948242,0,0.4474969804286957,-0.07400780916213989,0.8912180066108704,0,0,0.051865000277757645,-0.006849000230431557,1,0.042455218732357025,-0.03829896077513695,0.9983640313148499,0,-0.9668971300125122,-0.2532258927822113,0.03140296787023544,0,0.25160902738571167,-0.966649055480957,-0.04778200387954712,0,-0.02097800001502037,0.05739400163292885,0.004528000019490719,1,-0.9207949638366699,-0.31660711765289307,-0.22780992090702057,0,-0.3845718801021576,0.8344521522521973,0.39470797777175903,0,0.06512907147407532,0.45105409622192383,-0.8901168704032898,0,0,0.047561001032590866,0,1,0.613264799118042,-0.6116961240768433,0.4997349679470062,0,0.7034868001937866,0.710678219795227,0.006594372913241386,0,-0.35918402671813965,0.3475123643875122,0.8661528825759888,0,0,0.1254729926586151,0,1,-0.3853316903114319,0.3251499831676483,0.863595187664032,0,0.2212679535150528,0.9411188960075378,-0.2556096315383911,0,-0.895857036113739,0.09259144216775894,-0.43458810448646545,0,0,0.10390900075435638,0,1,0.5288190245628357,0.8484660387039185,0.021366871893405914,0,-0.846731960773468,0.5291320085525513,-0.05534599348902702,0,-0.05826512724161148,0.011176006868481636,0.9982389211654663,0,-0.011734999716281891,0.01218700036406517,0,1,0.8676278591156006,-0.4208672344684601,-0.2647498548030853,0,0.4740898311138153,0.8607441782951355,0.1853618323802948,0,0.14986909925937653,-0.2863401472568512,0.9463339447975159,0,0.0017049999441951513,0.013426999561488628,0,1,0.5201382040977478,0.5641047358512878,-0.6412821412086487,0,-0.11837423592805862,0.7912107110023499,0.5999773144721985,0,0.8458390235900879,-0.23615974187850952,0.4783141613006592,0,-0.0028230000752955675,0.021270999684929848,0,1,0.21405473351478577,0.9369140863418579,0.27635395526885986,0,-0.9243409633636475,0.1027960404753685,0.3674581050872803,0,0.31586891412734985,-0.3341018259525299,0.8880330324172974,0,0,0.015510999597609043,0,1,0.547968864440918,0.8143610954284668,0.1911730170249939,0,-0.799187958240509,0.4421779215335846,0.407158225774765,0,0.2470410168170929,-0.3758927285671234,0.8931261301040649,0,0.0016049999976530671,0.031279001384973526,0,1,0.5183132290840149,0.8216738700866699,0.23707199096679688,0,-0.7983521223068237,0.36552467942237854,0.4785650968551636,0,0.30656901001930237,-0.43731391429901123,0.8454420566558838,0,-0.0005729999975301325,0.027307000011205673,0,1,-0.014216200448572636,0.05083497613668442,-0.9986060261726379,0,0.9902459979057312,-0.13772088289260864,-0.021108001470565796,0,-0.13860197365283966,-0.9891660213470459,-0.04838128015398979,0,0.02097800001502037,0.05642100051045418,-0.0010760000441223383,1,-0.9439089298248291,0.1057741641998291,-0.31280604004859924,0,-0.058508168905973434,0.8787429928779602,0.4736950695514679,0,0.3249809443950653,0.4654269516468048,-0.8232650756835938,0,0,0.047561001032590866,0,1,-0.048644743859767914,0.9963130354881287,-0.07067112624645233,0,-0.9190069437026978,-0.016931606456637383,0.3938762843608856,0,0.3912279009819031,0.08410732448101044,0.9164430499076843,0,0,0.12654699385166168,0,1,-0.750200092792511,0.028969483450055122,-0.6605757474899292,0,0.060463499277830124,0.9978600144386292,-0.02490590326488018,0,0.6584402322769165,-0.05862509831786156,-0.7503457069396973,0,0,0.10343500226736069,0,1,0.6895211338996887,-0.6933358311653137,-0.2093958854675293,0,0.6889591217041016,0.5387301445007324,0.48487573862075806,0,-0.2233738750219345,-0.4785972833633423,0.8491458892822266,0,0.014523999765515327,0.011982999742031097,0,1,0.8976380825042725,0.3652130961418152,0.2467106729745865,0,-0.31637492775917053,0.9236639738082886,-0.2162209451198578,0,-0.3068443536758423,0.11603505164384842,0.9446598887443542,0,-0.0007680000271648169,0.015043999999761581,0,1,0.9631829261779785,0.009668835438787937,-0.26867222785949707,0,-0.005889164749532938,0.9998720288276672,0.01487036608159542,0,0.26878175139427185,-0.012740633450448513,0.9631170630455017,0,0.0040270001627504826,0.02192699909210205,0,1,0.6061059832572937,-0.7502409219741821,-0.26414600014686584,0,0.7630559802055359,0.4547517001628876,0.4592893719673157,0,-0.2244570255279541,-0.4799366295337677,0.8481042385101318,0,0,0.02219099923968315,0,1,0.5424748063087463,-0.8148120641708374,-0.20445792376995087,0,0.797985851764679,0.423734188079834,0.42856496572494507,0,-0.26256391406059265,-0.39563995599746704,0.880073070526123,0,-0.0009210000280290842,0.029239999130368233,0,1,0.6626577973365784,-0.7278382182121277,-0.17645397782325745,0,0.7086368203163147,0.5331273674964905,0.4621788561344147,0,-0.24231897294521332,-0.43130818009376526,0.8690539598464966,0,0.00013600000238511711,0.026674000546336174,0,1,-0.6948410272598267,-0.05183511599898338,0.7172929048538208,0,-0.5786560773849487,-0.5519428849220276,-0.6004298329353333,0,0.42702800035476685,-0.8322690725326538,0.35351791977882385,0,-0.05041100084781647,-0.02436700090765953,0.003154000034555793,1,0.9784249067306519,0.06500212103128433,-0.1961113065481186,0,0.11099810898303986,0.6352047920227051,0.7643260359764099,0,0.17425371706485748,-0.7696039080619812,0.6142852902412415,0,0,0.14514699578285217,0,1,-0.9913890361785889,-0.03919614106416702,-0.12494487315416336,0,0.05005314573645592,0.7682713270187378,-0.6381646990776062,0,0.12100514024496078,-0.6389232873916626,-0.7596937417984009,0,0,0.11971700191497803,0,1,0.9856100082397461,-0.024730205535888672,0.16721713542938232,0,-0.10577820986509323,0.6813780069351196,0.7242479920387268,0,-0.13184887170791626,-0.7315139174461365,0.668956995010376,0,0,0.0696519985795021,0,1,-0.6924421191215515,-0.4358242154121399,-0.57496178150177,0,0.6686598062515259,-0.6869622468948364,-0.28456395864486694,0,-0.27095723152160645,-0.5814980864524841,0.7670998573303223,0,0.05041100084781647,-0.02436700090765953,-0.008173000067472458,1,0.9928579330444336,0.06551510095596313,0.09970331192016602,0,-0.11867489665746689,0.6279439330101013,0.7691570520401001,0,-0.012216688133776188,-0.7754959464073181,0.6312341094017029,0,0,0.145236998796463,0,1,-0.8748433589935303,0.48053058981895447,0.06115405261516571,0,0.21016544103622437,0.4902687966823578,-0.8458530306816101,0,-0.43643996119499207,-0.7271360754966736,-0.5298990607261658,0,0,0.11989700049161911,0,1,0.9794290065765381,-0.001644837437197566,-0.20178285241127014,0,0.14533615112304688,0.699455738067627,0.6997421383857727,0,0.13998715579509735,-0.7146738767623901,0.6853061318397522,0,0,0.06777899712324142,0,1
