0.500,30,14,41
B0,mixamorig_Hips,-1,-0.9706361293792725,0.07191692292690277,-0.22955067455768585,0,-0.00491593312472105,0.9481340646743774,0.3178316354751587,0,0.24050232768058777,0.30962735414505005,-0.9199397563934326,0,0.004246000200510025,0.3167459964752197,-0.002466999925673008,1
B1,mixamorig_Spine,0,0.9925540089607239,-0.02469809725880623,-0.1192740797996521,0,0.03290387988090515,0.9971879720687866,0.06732585281133652,0,0.1172759160399437,-0.07074915617704391,0.9905760288238525,0,0,0.04302100092172623,0.007772999815642834,1
B2,mixamorig_Spine1,1,0.9989370107650757,-0.01010486576706171,-0.04497203603386879,0,0.006926132831722498,0.9975030422210693,-0.07028508931398392,0,0.045569974929094315,0.06989891827106476,0.9965130090713501,0,0,0.05100400000810623,0,1
B3,mixamorig_Spine2,2,0.9989420175552368,-0.012244796380400658,-0.04431895911693573,0,0.00910420436412096,0.9974780082702637,-0.0703839510679245,0,0.04506905749440193,0.06990604847669601,0.9965349435806274,0,0,0.0582909993827343,0,1
B4,mixamorig_Neck,3,0.9999669790267944,-0.006635097321122885,-0.004633840639144182,0,0.006295892875641584,0.9975460767745972,-0.06973273307085037,0,0.005085153505206108,0.06970126181840897,0.9975549578666687,0,0,0.06557700037956238,0,1
B5,mixamorig_Head,4,0.9987390041351318,0.027518512681126595,-0.04197990149259567,0,-0.014141436666250229,0.9567089676856995,0.29070109128952026,0,0.04816222935914993,-0.2897409498691559,0.955892026424408,0,0,0.047589000314474106,-0.0062409997917711735,1
B6,mixamorig_HeadTop_End,5,1,0,0,0,0,1,0,0,0,0,1,0,0,0.20593500137329102,-0.02700600028038025,1
B7,mixamorig_LeftShoulder,3,-0.011052814312279224,0.01165099535137415,0.999871015548706,0,-0.8983200192451477,-0.43931594491004944,-0.0048111299984157085,0,0.43920308351516724,-0.8982569575309753,0.01532201562076807,0,-0.02094700001180172,0.05637200176715851,0.004391000140458345,1
B8,mixamorig_LeftArm,7,-0.4768397808074951,-0.287881076335907,0.8305109739303589,0,0.46642404794692993,0.7179808616638184,0.5166730880737305,0,-0.7450318336486816,0.633741021156311,-0.20808729529380798,0,0,0.04468899965286255,0,1
B9,mixamorig_LeftForeArm,8,0.7950008511543274,-0.6065431237220764,-0.008877896703779697,0,0.6063868999481201,0.7950210571289062,-0.015369007363915443,0,0.016380077227950096,0.00683493260294199,0.9998419880867004,0,0,0.12458900362253189,0,1
B10,mixamorig_LeftHand,9,-0.8345960974693298,0.00947494525462389,0.5507808923721313,0,0.014395145699381828,0.9998859763145447,0.004612118471413851,0,-0.5506741404533386,0.01177782192826271,-0.834636926651001,0,0,0.11004800349473953,0,1
B11,mixamorig_LeftHandThumb1,10,0.8040921688079834,0.5944718718528748,-0.006268004886806011,0,-0.5790989995002747,0.7808268070220947,-0.23442338407039642,0,-0.13446378707885742,0.19212765991687775,0.972114086151123,0,-0.011331000365316868,0.010877000167965889,0,1
B12,mixamorig_LeftHandThumb2,11,0.8865988254547119,-0.44304338097572327,-0.13287480175495148,0,0.46085065603256226,0.8215991258621216,0.3355461359024048,0,-0.039491649717092514,-0.3587300181388855,0.9326050281524658,0,0.0010509999701753259,0.012520999647676945,0,1
B13,mixamorig_LeftHandThumb3,12,0.984063982963562,-0.12145489454269409,0.12987226247787476,0,0.1142570823431015,0.9915440082550049,0.06153423711657524,0,-0.13624770939350128,-0.04571480676531792,0.9896199703216553,0,-0.0027069998905062675,0.021330999210476875,0,1
B14,mixamorig_LeftHandThumb4,13,1,0,0,0,0,1,0,0,0,0,1,0,0.0016560000367462635,0.01953900046646595,0,1
B15,mixamorig_LeftHandIndex1,10,0.2991296947002411,0.8387889862060547,0.454923152923584,0,-0.8849621415138245,0.0655554011464119,0.46102574467658997,0,0.3568805158138275,-0.5404959917068481,0.7619057297706604,0,0,0.011916999705135822,0,1
B16,mixamorig_LeftHandIndex2,15,0.6912002563476562,0.6879397034645081,0.22131606936454773,0,-0.6932681798934937,0.5447677373886108,0.4718130826950073,0,0.20401307940483093,-0.4795486629009247,0.8534701466560364,0,0.0012529999949038029,0.03068999946117401,0,1
B17,mixamorig_LeftHandIndex3,16,0.7726951241493225,0.6200438737869263,0.1359710395336151,0,-0.612524151802063,0.6720810532569885,0.41607865691185,0,0.16660331189632416,-0.40478718280792236,0.89910489320755,0,-0.0003870000073220581,0.027449000626802444,0,1
B18,mixamorig_LeftHandIndex4,17,1,0,0,0,0,1,0,0,0,0,1,0,-0.0008660000166855752,0.023740999400615692,0,1
B19,mixamorig_RightShoulder,3,-0.4527996778488159,-0.006024132948368788,-0.8915921449661255,0,0.8152918815612793,-0.40759676694869995,-0.4112962782382965,0,-0.3609321117401123,-0.9131419062614441,0.1894710212945938,0,0.02094700001180172,0.055417999625205994,-0.0008929999894462526,1
B20,mixamorig_RightArm,19,-0.8886660933494568,0.4519980549812317,0.07726378738880157,0,0.3697949945926666,0.6067726016044617,0.7036182880401611,0,0.27115270495414734,0.6538538336753845,-0.7063653469085693,0,0,0.04468899965286255,0,1
B21,mixamorig_RightForeArm,20,0.4175814986228943,0.8726937770843506,0.2530440092086792,0,-0.8743301630020142,0.3101147711277008,0.37332987785339355,0,0.24733008444309235,-0.3771398365497589,0.89252108335495,0,0,0.12549099326133728,0,1
B22,mixamorig_RightHand,21,-0.9666479229927063,-0.12159907072782516,-0.2254011482000351,0,-0.18930885195732117,0.9320091009140015,0.3090648651123047,0,0.1724938154220581,0.341427206993103,-0.9239439368247986,0,0,0.10966599732637405,0,1
B23,mixamorig_RightHandThumb1,22,0.7971250414848328,-0.6031059622764587,0.029231276363134384,0,0.5866449475288391,0.7620890140533447,-0.27398496866226196,0,0.14296522736549377,0.23554882407188416,0.9612900018692017,0,0.014530999585986137,0.007644999772310257,0,1
B24,mixamorig_RightHandThumb2,23,0.8486899137496948,0.5086330771446228,0.14497628808021545,0,-0.5266308188438416,0.7873802781105042,0.32045671343803406,0,0.0488433800637722,-0.34831714630126953,0.9361028671264648,0,-0.0006230000290088356,0.013120000250637531,0,1
B25,mixamorig_RightHandThumb3,24,0.9913899302482605,-0.06185539811849594,-0.1154153123497963,0,0.06123663857579231,0.9980840682983398,-0.008902638219296932,0,0.1157447099685669,0.0017583376029506326,0.9932770133018494,0,0.003869999898597598,0.02131900005042553,0,1
B26,mixamorig_RightHandThumb4,25,1,0,0,0,0,1,0,0,0,0,1,0,-0.0032470000442117453,0.017129000276327133,0,1
B27,mixamorig_RightHandIndex1,22,0.3582439720630646,-0.8329288959503174,-0.42177119851112366,0,0.836319088935852,0.08548293262720108,0.541537880897522,0,-0.41500821709632874,-0.5467378497123718,0.7272179126739502,0,0,0.020004000514745712,0,1
B28,mixamorig_RightHandIndex2,27,0.6841309070587158,-0.6937010884284973,-0.22526519000530243,0,0.6984557509422302,0.5341620445251465,0.4762672483921051,0,-0.21005891263484955,-0.48316681385040283,0.8499560952186584,0,-0.000990999978967011,0.029092999175190926,0,1
B29,mixamorig_RightHandIndex3,28,0.7796376943588257,-0.6103643178939819,-0.14007315039634705,0,0.6048896908760071,0.6760932207107544,0.42072001099586487,0,-0.1620899885892868,-0.41273802518844604,0.8963109850883484,0,0.00021699999342672527,0.02653699927031994,0,1
B30,mixamorig_RightHandIndex4,29,1,0,0,0,0,1,0,0,0,0,1,0,0.0007740000146441162,0.02116999961435795,0,1
B31,mixamorig_LeftUpLeg,0,-0.9592739939689636,-0.01557392068207264,0.28204891085624695,0,-0.26865699887275696,-0.25820279121398926,-0.9279840588569641,0,0.08727812767028809,-0.9659649729728699,0.24350306391716003,0,-0.0544390007853508,-0.024317000061273575,0.003645000047981739,1
B32,mixamorig_LeftLeg,31,0.9835858941078186,-0.13356523215770721,-0.12132526189088821,0,0.013325944542884827,-0.6167720556259155,0.7870290875434875,0,-0.17994965612888336,-0.7757270932197571,-0.6048680543899536,0,0,0.14278100430965424,0,1
B33,mixamorig_LeftFoot,32,-0.9508967399597168,0.3054792881011963,0.049763187766075134,0,0.3027796745300293,0.9514670968055725,-0.05508609861135483,0,-0.06417576223611832,-0.037313953042030334,-0.9972409009933472,0,0,0.12532299757003784,0,1
B34,mixamorig_LeftToeBase,33,0.971312940120697,-0.006708627566695213,0.23771028220653534,0,-0.16076456010341644,0.7180509567260742,0.6771681904792786,0,-0.17523106932640076,-0.6959579586982727,0.6963740587234497,0,0,0.0696519985795021,0,1
B35,mixamorig_LeftToe_End,34,1,0,0,0,0,1,0,0,0,0,1,0,0,0.028690999373793602,0,1
B36,mixamorig_RightUpLeg,0,-0.9847310781478882,0.14817188680171967,-0.09137830883264542,0,-0.12078221887350082,-0.9595470428466797,-0.25432613492012024,0,-0.125365749001503,-0.23940593004226685,0.9627920389175415,0,0.0544390007853508,-0.024317000061273575,-0.00775500014424324,1
B37,mixamorig_RightLeg,36,0.9957150220870972,-0.005021235905587673,0.09233509004116058,0,-0.06410407274961472,0.6821712851524353,0.7283767461776733,0,-0.06664574146270752,-0.7311752438545227,0.6789268255233765,0,0,0.14293700456619263,0,1
B38,mixamorig_RightFoot,37,-0.9603870511054993,-0.2209639996290207,0.16979898512363434,0,-0.20338305830955505,0.13923507928848267,-0.9691489338874817,0,0.1905050128698349,-0.9652920365333557,-0.17865987122058868,0,0,0.12558400630950928,0,1
B39,mixamorig_RightToeBase,38,0.9601269960403442,0.054257698357105255,-0.27424806356430054,0,0.2029068022966385,0.5395820140838623,0.8171170949935913,0,0.19231420755386353,-0.8401829600334167,0.5070579648017883,0,0,0.06777899712324142,0,1
B40,mixamorig_RightToe_End,39,1,0,0,0,0,1,0,0,0,0,1,0,0,0.0280969999730587,0,1
@34,0,1,2,3,4,5,7,8,9,10,11,12,13,15,16,17,19,20,21,22,23,24,25,27,28,29,31,32,33,34,36,37,38,39
K0,0.970379650592804,0.07191692292690277,0.23063206672668457,0,0.005270075984299183,0.9481340646743774,-0.31782594323158264,0,-0.24152721464633942,0.30962735414505005,0.9196711182594299,0,-0.004248746205121279,0.3167459964752197,0.002462266944348812,1,0.9925540089607239,-0.024698108434677124,-0.1192740797996521,0,0.03290389105677605,0.9971879720687866,0.06732585281133652,0,0.1172759160399437,-0.07074915617704391,0.9905760288238525,0,0,0.04302100092172623,0.007772999815642834,1,0.9989370107650757,-0.010104866698384285,-0.04497203230857849,0,0.0069261337630450726,0.9975030422210693,-0.07028508186340332,0,0.045569971203804016,0.06989891082048416,0.9965130686759949,0,0,0.05100400000810623,0,1,0.9989420175552368,-0.012244796380400658,-0.04431895539164543,0,0.009104205295443535,0.9974780082702637,-0.0703839510679245,0,0.04506905376911163,0.06990604847669601,0.9965349435806274,0,0,0.0582909993827343,0,1,0.9999669790267944,-0.006635102443397045,-0.004633842967450619,0,0.006295897997915745,0.9975460767745972,-0.06973274052143097,0,0.005085156299173832,0.06970126926898956,0.9975549578666687,0,0,0.06557700037956238,0,1,0.9987390041351318,0.02751852758228779,-0.0419798269867897,0,-0.014141472987830639,0.9567089676856995,0.2907010614871979,0,0.04816216230392456,-0.2897409200668335,0.955892026424408,0,0,0.047589000314474106,-0.0062409997917711735,1,-0.011052914895117283,0.011651120148599148,0.999871015548706,0,-0.8983199596405029,-0.43931594491004944,-0.004811183083802462,0,0.43920308351516724,-0.8982569575309753,0.015322201885282993,0,-0.02094700001180172,0.05637200176715851,0.004391000140458345,1,-0.47683942317962646,-0.2878810465335846,0.830511212348938,0,0.4664241075515747,0.7179810404777527,0.5166727900505066,0,-0.7450320720672607,0.6337408423423767,-0.20808713138103485,0,0,0.04468899965286255,0,1,0.7950008511543274,-0.6065431237220764,-0.008877900429069996,0,0.6063868999481201,0.7950210571289062,-0.015369042754173279,0,0.016380101442337036,0.006834958679974079,0.9998419880867004,0,0,0.12458900362253189,0,1,-0.8345960974693298,0.009474892169237137,0.5507808923721313,0,0.014395110309123993,0.9998859763145447,0.004612161312252283,0,-0.5506741404533386,0.011777837760746479,-0.834636926651001,0,0,0.11004800349473953,0,1,0.8040921092033386,0.5944719314575195,-0.006267896853387356,0,-0.5790989995002747,0.78082674741745,-0.23442338407039642,0,-0.13446389138698578,0.19212758541107178,0.972114086151123,0,-0.011331000365316868,0.010877000167965889,0,1,0.8865988850593567,-0.44304338097572327,-0.13287469744682312,0,0.46085062623023987,0.8215991854667664,0.33554607629776,0,-0.03949170187115669,-0.35872992873191833,0.9326050877571106,0,0.0010509999701753259,0.012520999647676945,0,1,0.984063982963562,-0.12145490199327469,0.12987227737903595,0,0.1142570972442627,0.9915440082550049,0.06153421849012375,0,-0.13624772429466248,-0.04571478068828583,0.9896199703216553,0,-0.0027069998905062675,0.021330999210476875,0,1,0.299129843711853,0.8387889266014099,0.4549233615398407,0,-0.8849622011184692,0.06555546075105667,0.46102574467658997,0,0.3568803668022156,-0.540496289730072,0.7619056701660156,0,0,0.011916999705135822,0,1,0.6912001967430115,0.6879397034645081,0.2213161438703537,0,-0.6932681798934937,0.5447675585746765,0.47181323170661926,0,0.2040131837129593,-0.47954878211021423,0.8534700870513916,0,0.0012529999949038029,0.03068999946117401,0,1,0.7726951241493225,0.6200438141822815,0.13597121834754944,0,-0.612524151802063,0.6720809936523438,0.41607871651649475,0,0.166603222489357,-0.4047873318195343,0.8991048336029053,0,-0.0003870000073220581,0.027449000626802444,0,1,-0.45280003547668457,-0.006024381145834923,-0.8915920853614807,0,0.8152917623519897,-0.40759706497192383,-0.41129639744758606,0,-0.3609321713447571,-0.9131418466567993,0.18947140872478485,0,0.02094700001180172,0.055417999625205994,-0.0008929999894462526,1,-0.888666033744812,0.4519980251789093,0.07726370543241501,0,0.36979496479034424,0.6067727208137512,0.7036181688308716,0,0.27115270495414734,0.653853714466095,-0.7063653469085693,0,0,0.04468899965286255,0,1,0.41758137941360474,0.8726937770843506,0.2530441880226135,0,-0.8743302226066589,0.3101145327091217,0.3733299672603607,0,0.2473301738500595,-0.37714001536369324,0.8925210237503052,0,0,0.12549099326133728,0,1,-0.9666479229927063,-0.12159911543130875,-0.2254011631011963,0,-0.18930889666080475,0.9320091009140015,0.3090648353099823,0,0.1724938154220581,0.34142717719078064,-0.9239439368247986,0,0,0.10966599732637405,0,1,0.797124981880188,-0.6031060218811035,0.029231291264295578,0,0.5866450071334839,0.7620889544487,-0.2739850580692291,0,0.14296528697013855,0.23554889857769012,0.9612899422645569,0,0.014530999585986137,0.007644999772310257,0,1,0.84868985414505,0.5086330771446228,0.14497637748718262,0,-0.5266308784484863,0.7873802185058594,0.3204568028450012,0,0.04884336143732071,-0.3483172357082367,0.9361028671264648,0,-0.0006230000290088356,0.013120000250637531,0,1,0.9913899302482605,-0.06185537949204445,-0.1154152974486351,0,0.06123661994934082,0.9980840682983398,-0.008902649395167828,0,0.1157446950674057,0.0017583512235432863,0.9932770133018494,0,0.003869999898597598,0.02131900005042553,0,1,0.3582439720630646,-0.8329288959503174,-0.4217713177204132,0,0.8363191485404968,0.08548280596733093,0.5415380001068115,0,-0.4150083065032959,-0.5467380285263062,0.7272177934646606,0,0,0.020004000514745712,0,1,0.6841309070587158,-0.6937010884284973,-0.22526507079601288,0,0.6984557509422302,0.5341619849205017,0.4762672781944275,0,-0.21005907654762268,-0.48316672444343567,0.8499560952186584,0,-0.000990999978967011,0.029092999175190926,0,1,0.7796376943588257,-0.6103643774986267,-0.14007307589054108,0,0.6048896908760071,0.6760932803153992,0.42072001099586487,0,-0.16209006309509277,-0.41273799538612366,0.8963109850883484,0,0.00021699999342672527,0.02653699927031994,0,1,-0.9592739939689636,-0.015573941171169281,0.2820488512516022,0,-0.2686569094657898,-0.25820279121398926,-0.9279840588569641,0,0.08727813512086868,-0.9659649729728699,0.24350306391716003,0,-0.0544390007853508,-0.024317000061273575,0.003645000047981739,1,0.9835858941078186,-0.13356508314609528,-0.12132538110017776,0,0.013326107524335384,-0.6167720556259155,0.787028968334198,0,-0.17994961142539978,-0.7757270336151123,-0.6048680543899536,0,0,0.14278100430965424,0,1,-0.9508967399597168,0.3054792881011963,0.04976321756839752,0,0.3027796745300293,0.9514670968055725,-0.05508607625961304,0,-0.06417578458786011,-0.03731392323970795,-0.9972409009933472,0,0,0.12532299757003784,0,1,0.9713129997253418,-0.006708507426083088,0.2377101182937622,0,-0.16076451539993286,0.718051016330719,0.6771681308746338,0,-0.17523087561130524,-0.6959578990936279,0.6963741183280945,0,0,0.0696519985795021,0,1,-0.9847310781478882,0.14817184209823608,-0.09137829393148422,0,-0.12078217417001724,-0.9595470428466797,-0.25432610511779785,0,-0.1253657191991806,-0.23940590023994446,0.9627920389175415,0,0.0544390007853508,-0.024317000061273575,-0.00775500014424324,1,0.9957150220870972,-0.005021189339458942,0.09233520925045013,0,-0.06410419195890427,0.6821712851524353,0.7283767461776733,0,-0.0666457936167717,-0.7311752438545227,0.6789268255233765,0,0,0.14293700456619263,0,1,-0.9603870511054993,-0.2209639698266983,0.16979897022247314,0,-0.20338304340839386,0.13923509418964386,-0.9691489338874817,0,0.1905049830675125,-0.9652920365333557,-0.1786598563194275,0,0,0.12558400630950928,0,1,0.960127055644989,0.05425766482949257,-0.2742479145526886,0,0.20290668308734894,0.5395820736885071,0.8171170949935913,0,0.19231410324573517,-0.840182900428772,0.5070580840110779,0,0,0.06777899712324142,0,1
K0.036,0.9737294316291809,-0.04962661862373352,0.22223477065563202,0,0.11709108203649521,0.946168065071106,-0.30175262689590454,0,-0.1952964961528778,0.3198472857475281,0.9271226525306702,0,-0.003462505992501974,0.314616322517395,0.0024076791014522314,1,0.9777509570121765,0.07884414494037628,-0.19438910484313965,0,-0.06274065375328064,0.9941726326942444,0.08765897154808044,0,0.20016779005527496,-0.07351256906986237,0.97700035572052,0,0,0.04302100092172623,0.007772999815642834,1,0.9974839091300964,0.006556860636919737,-0.0705878809094429,0,-0.011334673501551151,0.9976551532745361,-0.0674998015165329,0,0.06997977942228317,0.06813006103038788,0.995219349861145,0,0,0.05100400000810623,0,1,0.9975654482841492,0.0021281037479639053,-0.0697053000330925,0,-0.006907400209456682,0.9976339936256409,-0.06839530169963837,0,0.06939485669136047,0.0687103122472763,0.995220422744751,0,0,0.0582909993827343,0,1,0.9993876814842224,0.03213045373558998,0.013871226459741592,0,-0.03034450113773346,0.9930243492126465,-0.11393406242132187,0,-0.017435215413570404,0.11344335973262787,0.9933911561965942,0,0,0.06557700037956238,0,1,0.991589367389679,-0.043526530265808105,0.12188289314508438,0,0.014982916414737701,0.9740241169929504,0.2259463369846344,0,-0.12855157256126404,-0.22221989929676056,0.9664844274520874,0,0,0.047589000314474106,-0.0062409997917711735,1,-0.0692729577422142,-0.0022592167370021343,0.9975954294204712,0,-0.9533283710479736,-0.2944395840167999,-0.06686586886644363,0,0.29388242959976196,-0.9556673169136047,0.018242917954921722,0,-0.02094700001180172,0.05637200176715851,0.004391000140458345,1,-0.24416369199752808,-0.20852631330490112,0.9470488429069519,0,0.6123327612876892,0.7241292595863342,0.31731146574020386,0,-0.7519531846046448,0.6573846936225891,-0.0491185262799263,0,0,0.04468899965286255,0,1,0.5566222071647644,-0.8307613134384155,-0.002836530329659581,0,0.8305467963218689,0.5565503835678101,-0.021049486473202705,0,0.019065765663981438,0.009360738098621368,0.9997740983963013,0,0,0.12458900362253189,0,1,-0.8812090158462524,-0.011173618026077747,0.4725942015647888,0,-0.06562196463346481,0.9929333925247192,-0.09888400882482529,0,-0.4681493937969208,-0.11814998090267181,-0.8757146596908569,0,0,0.11004800349473953,0,1,0.8040921092033386,0.5944719314575195,-0.006267750635743141,0,-0.5790990591049194,0.7808268666267395,-0.234422966837883,0,-0.13446374237537384,0.19212713837623596,0.9721140265464783,0,-0.011331000365316868,0.010877000167965889,0,1,0.886599063873291,-0.44304290413856506,-0.13287508487701416,0,0.46085014939308167,0.821599006652832,0.3355458974838257,0,-0.03949117287993431,-0.35873010754585266,0.9326050281524658,0,0.0010509999701753259,0.012520999647676945,0,1,0.984063982963562,-0.12145490199327469,0.12987224757671356,0,0.1142570972442627,0.9915440082550049,0.06153421476483345,0,-0.1362476944923401,-0.045714784413576126,0.9896199703216553,0,-0.0027069998905062675,0.021330999210476875,0,1,0.2991301417350769,0.8387890458106995,0.45492276549339294,0,-0.8849619626998901,0.06555590778589249,0.4610259532928467,0,0.35688063502311707,-0.5404960513114929,0.7619061470031738,0,0,0.011916999705135822,0,1,0.6912001967430115,0.6879398822784424,0.22131682932376862,0,-0.6932681202888489,0.5447669625282288,0.4718128740787506,0,0.20401284098625183,-0.4795491397380829,0.853469967842102,0,0.0012529999949038029,0.03068999946117401,0,1,0.7726938724517822,0.6200441718101501,0.13597115874290466,0,-0.612524688243866,0.6720800399780273,0.41607916355133057,0,0.16660407185554504,-0.40478771924972534,0.8991050124168396,0,-0.0003870000073220581,0.027449000626802444,0,1,-0.47081178426742554,-0.05411207303404808,-0.8805728554725647,0,0.8655318021774292,-0.22162814438343048,-0.44915056228637695,0,-0.1708551049232483,-0.9736284613609314,0.151180699467659,0,0.02094700001180172,0.055417999625205994,-0.0008929999894462526,1,-0.8006693124771118,0.5384958982467651,0.2625856101512909,0,0.5610917806625366,0.5203607678413391,0.6437398195266724,0,0.21001194417476654,0.662757158279419,-0.7187823057174683,0,0,0.04468899965286255,0,1,0.17569750547409058,0.9176937341690063,0.3563259243965149,0,-0.9194151163101196,0.023594098165631294,0.3925810158252716,0,0.351861834526062,-0.3965867757797241,0.8478866219520569,0,0,0.12549099326133728,0,1,-0.9581642746925354,-0.258577823638916,-0.12271220982074738,0,-0.2824644148349762,0.7850732207298279,0.5512469410896301,0,-0.046202193945646286,0.5628472566604614,-0.825268566608429,0,0,0.10966599732637405,0,1,0.797124981880188,-0.6031060218811035,0.029231291264295578,0,0.5866450071334839,0.7620889544487,-0.2739850580692291,0,0.14296528697013855,0.23554889857769012,0.9612899422645569,0,0.014530999585986137,0.007644999772310257,0,1,0.84868985414505,0.5086331963539124,0.1449759155511856,0,-0.5266308188438416,0.7873802185058594,0.3204568922519684,0,0.04884384199976921,-0.34831711649894714,0.9361029267311096,0,-0.0006230000290088356,0.013120000250637531,0,1,0.9913899898529053,-0.06185591220855713,-0.1154152899980545,0,0.061237093061208725,0.9980840086936951,-0.0089031420648098,0,0.11574471741914749,0.0017587865004315972,0.9932770133018494,0,0.003869999898597598,0.02131900005042553,0,1,0.3582439720630646,-0.8329290151596069,-0.42177093029022217,0,0.8363191485404968,0.08548315614461899,0.5415377616882324,0,-0.41500794887542725,-0.5467373728752136,0.7272178530693054,0,0,0.020004000514745712,0,1,0.6841309070587158,-0.6937011480331421,-0.22526554763317108,0,0.6984559297561646,0.5341619253158569,0.4762670695781708,0,-0.21005864441394806,-0.4831669330596924,0.8499560952186584,0,-0.000990999978967011,0.029092999175190926,0,1,0.7796371579170227,-0.6103646755218506,-0.14007319509983063,0,0.6048901677131653,0.6760929226875305,0.42072001099586487,0,-0.16209018230438232,-0.41273796558380127,0.8963109850883484,0,0.00021699999342672527,0.02653699927031994,0,1,-0.9901379346847534,-0.07843342423439026,0.1160791739821434,0,-0.11386173218488693,-0.032191820442676544,-0.9929750561714172,0,0.0816192775964737,-0.9963998198509216,0.022943727672100067,0,-0.0544390007853508,-0.024317000061273575,0.003645000047981739,1,0.9788892269134521,-0.18109965324401855,-0.09475408494472504,0,0.018843965604901314,-0.381653755903244,0.9241135120391846,0,-0.20351992547512054,-0.906390368938446,-0.37018412351608276,0,0,0.14278100430965424,0,1,-0.9632773995399475,0.2661415934562683,-0.035587191581726074,0,0.26774004101753235,0.9420090913772583,-0.2023230344057083,0,-0.020323101431131363,-0.20442113280296326,-0.9786719679832458,0,0,0.12532299757003784,0,1,0.9760268926620483,0.009878062643110752,0.21742619574069977,0,-0.14516568183898926,0.7738639116287231,0.6164911985397339,0,-0.16216856241226196,-0.6332748532295227,0.7567460536956787,0,0,0.0696519985795021,0,1,-0.9681572914123535,-0.10020162165164948,-0.22941377758979797,0,0.07602151483297348,-0.9908031225204468,0.11193439364433289,0,-0.23851998150348663,0.09092973917722702,0.9668710231781006,0,0.0544390007853508,-0.024317000061273575,-0.00775500014424324,1,0.9988244771957397,0.034564439207315445,0.033979445695877075,0,-0.045959822833538055,0.898059070110321,0.43746691942214966,0,-0.015394755639135838,-0.43851450085639954,0.8985922336578369,0,0,0.14293700456619263,0,1,-0.9787025451660156,-0.20275166630744934,-0.032125309109687805,0,-0.04491306096315384,0.364193320274353,-0.9302402138710022,0,0.20030754804611206,-0.9089855551719666,-0.3655429780483246,0,0,0.12558400630950928,0,1,0.9419823884963989,0.12437731772661209,-0.3117668330669403,0,0.25707343220710754,0.3298965394496918,0.9083401560783386,0,0.2158278524875641,-0.9357880353927612,0.27878284454345703,0,0,0.06777899712324142,0,1
K0.071,0.9692275524139404,-0.19550509750843048,0.1495809257030487,0,0.23296429216861725,0.9247979521751404,-0.3007921576499939,0,-0.07952577620744705,0.3263833522796631,0.9418860077857971,0,0.0011807054979726672,0.3111732602119446,0.007415695581585169,1,0.9480448961257935,0.2049376517534256,-0.24333439767360687,0,-0.18818864226341248,0.9779593348503113,0.09044922143220901,0,0.25650742650032043,-0.03995712473988533,0.9657156467437744,0,0,0.04302100092172623,0.007772999815642834,1,0.996421754360199,0.019508574157953262,-0.08223484456539154,0,-0.025763528421521187,0.9967978000640869,-0.07570073008537292,0,0.0804947018623352,0.07754851877689362,0.9937337040901184,0,0,0.05100400000810623,0,1,0.9965259432792664,0.013357556425035,-0.08220065385103226,0,-0.019702594727277756,0.9968461990356445,-0.076869435608387,0,0.08091463893651962,0.07822196930646896,0.9936464428901672,0,0,0.0582909993827343,0,1,0.9982168674468994,0.04593785107135773,0.03812238201498985,0,-0.03888222575187683,0.9849002957344055,-0.16870175302028656,0,-0.045296501368284225,0.16691850125789642,0.9849293828010559,0,0,0.06557700037956238,0,1,0.9533112645149231,-0.13503679633140564,0.27011576294898987,0,0.07342198491096497,0.9712573289871216,0.2264268696308136,0,-0.29292774200439453,-0.19602276384830475,0.9358246922492981,0,0,0.047589000314474106,-0.0062409997917711735,1,-0.1770848035812378,-0.003429720876738429,0.9841898679733276,0,-0.9624637365341187,-0.20837794244289398,-0.17390176653862,0,0.20567983388900757,-0.9780422449111938,0.03359954431653023,0,-0.02094700001180172,0.05637200176715851,0.004391000140458345,1,-0.21108292043209076,-0.06430938839912415,0.9753499627113342,0,0.6358957886695862,0.748779833316803,0.18698963522911072,0,-0.7423478364944458,0.659691572189331,-0.11716059595346451,0,0,0.04468899965286255,0,1,0.37450775504112244,-0.9272220730781555,0.0017788572004064918,0,0.9269832968711853,0.37436625361442566,-0.023492759093642235,0,0.021117059513926506,0.010447192937135696,0.999722421169281,0,0,0.12458900362253189,0,1,-0.9317445755004883,-0.019224863499403,0.36260613799095154,0,-0.02516561932861805,0.9996151924133301,-0.011666818521916866,0,-0.3622421324253082,-0.019995689392089844,-0.931869387626648,0,0,0.11004800349473953,0,1,0.8040921092033386,0.5944718718528748,-0.006268045399338007,0,-0.5790991187095642,0.7808268666267395,-0.2344239354133606,0,-0.1344640552997589,0.19212807714939117,0.9721139669418335,0,-0.011331000365316868,0.010877000167965889,0,1,0.886599063873291,-0.44304296374320984,-0.13287469744682312,0,0.4608500599861145,0.821599006652832,0.33554595708847046,0,-0.03949156031012535,-0.3587300181388855,0.9326051473617554,0,0.0010509999701753259,0.012520999647676945,0,1,0.9840640425682068,-0.12145489454269409,0.12987184524536133,0,0.11425711214542389,0.9915440082550049,0.06153419613838196,0,-0.13624727725982666,-0.04571480304002762,0.9896199107170105,0,-0.0027069998905062675,0.021330999210476875,0,1,0.29912957549095154,0.8387885093688965,0.4549233019351959,0,-0.8849621415138245,0.06555531919002533,0.461025595664978,0,0.3568803668022156,-0.5404962301254272,0.7619056105613708,0,0,0.011916999705135822,0,1,0.6912001967430115,0.6879399418830872,0.22131676971912384,0,-0.6932681202888489,0.5447669625282288,0.471812903881073,0,0.2040129154920578,-0.4795490801334381,0.853469967842102,0,0.0012529999949038029,0.03068999946117401,0,1,0.7726951241493225,0.6200438141822815,0.13597120344638824,0,-0.612524151802063,0.6720810532569885,0.41607865691185,0,0.1666032075881958,-0.4047872722148895,0.89910489320755,0,-0.0003870000073220581,0.027449000626802444,0,1,-0.3865011930465698,-0.021704310551285744,-0.922033965587616,0,0.9058496952056885,-0.19684842228889465,-0.37508323788642883,0,-0.17335988581180573,-0.9801938533782959,0.09574288874864578,0,0.02094700001180172,0.055417999625205994,-0.0008929999894462526,1,-0.7923569083213806,0.5683620572090149,0.22166498005390167,0,0.5906705260276794,0.6238680481910706,0.5117586851119995,0,0.15257450938224792,0.5364263653755188,-0.8300405740737915,0,0,0.04468899965286255,0,1,-0.1164994016289711,0.8688952922821045,0.4810912013053894,0,-0.8705247044563293,-0.32252466678619385,0.37170615792274475,0,0.4781374931335449,-0.3754982054233551,0.7939687371253967,0,0,0.12549099326133728,0,1,-0.9420047402381897,-0.2730012834072113,-0.1951875388622284,0,-0.3314557373523712,0.665702760219574,0.6685629487037659,0,-0.05258166417479515,0.6944853663444519,-0.7175828218460083,0,0,0.10966599732637405,0,1,0.797124981880188,-0.6031060218811035,0.029231291264295578,0,0.5866450071334839,0.7620889544487,-0.2739850580692291,0,0.14296528697013855,0.23554889857769012,0.9612899422645569,0,0.014530999585986137,0.007644999772310257,0,1,0.84868985414505,0.5086330771446228,0.14497637748718262,0,-0.5266308784484863,0.7873802185058594,0.3204568028450012,0,0.04884336143732071,-0.3483172357082367,0.9361028671264648,0,-0.0006230000290088356,0.013120000250637531,0,1,0.9913899898529053,-0.0618557445704937,-0.1154153048992157,0,0.06123697757720947,0.9980840086936951,-0.00890266988426447,0,0.1157447025179863,0.0017583305016160011,0.9932770133018494,0,0.003869999898597598,0.02131900005042553,0,1,0.3582439720630646,-0.8329289555549622,-0.42177125811576843,0,0.836319088935852,0.08548280596733093,0.5415380597114563,0,-0.41500842571258545,-0.5467380285263062,0.7272178530693054,0,0,0.020004000514745712,0,1,0.6841301918029785,-0.693700909614563,-0.22526511549949646,0,0.6984560489654541,0.5341616868972778,0.4762672483921051,0,-0.21005913615226746,-0.48316678404808044,0.8499560356140137,0,-0.000990999978967011,0.029092999175190926,0,1,0.7796378135681152,-0.6103641986846924,-0.1400729864835739,0,0.6048898696899414,0.6760938167572021,0.4207201600074768,0,-0.16208995878696442,-0.4127378761768341,0.8963110446929932,0,0.00021699999342672527,0.02653699927031994,0,1,-0.9848425984382629,-0.13028182089328766,-0.11450360715389252,0,0.11138883233070374,0.030973339453339577,-0.993293821811676,0,0.13295473158359528,-0.9909927248954773,-0.015992019325494766,0,-0.0544390007853508,-0.024317000061273575,0.003645000047981739,1,0.9793476462364197,-0.20171932876110077,-0.013703575357794762,0,0.03177928924560547,0.08664456754922867,0.9957321286201477,0,-0.19967107474803925,-0.9756034016609192,0.09126565605401993,0,0,0.14278100430965424,0,1,-0.9631719589233398,0.22944308817386627,-0.1401994377374649,0,0.2642616629600525,0.904035210609436,-0.3359842598438263,0,0.0496559739112854,-0.36066001653671265,-0.9313746094703674,0,0,0.12532299757003784,0,1,0.9793340563774109,0.02122197113931179,0.20113040506839752,0,-0.1341301053762436,0.8124631643295288,0.5673737525939941,0,-0.15137028694152832,-0.5826261639595032,0.7985195517539978,0,0,0.0696519985795021,0,1,-0.9330363869667053,-0.24281200766563416,-0.2654918134212494,0,0.1602119505405426,-0.9411249160766602,0.2976847290992737,0,-0.32214245200157166,0.23521573841571808,0.9170052409172058,0,0.0544390007853508,-0.024317000061273575,-0.00775500014424324,1,0.9986259937286377,0.05113254114985466,0.011514990590512753,0,-0.05233031138777733,0.9603487849235535,0.273846298456192,0,0.0029440491925925016,-0.27407246828079224,0.9617045521736145,0,0,0.14293700456619263,0,1,-0.9817011952400208,-0.1900281012058258,-0.0123071800917387,0,-0.1493331491947174,0.8083481788635254,-0.5694493055343628,0,0.11815990507602692,-0.5571914315223694,-0.8219341039657593,0,0,0.12558400630950928,0,1,0.9148059487342834,0.22631345689296722,-0.3345339894294739,0,0.2976711392402649,0.18203863501548767,0.9371517896652222,0,0.27298814058303833,-0.9568930268287659,0.09916302561759949,0,0,0.06777899712324142,0,1
K0.107,0.9812187552452087,-0.17896699905395508,0.07197041809558868,0,0.19273704290390015,0.924768328666687,-0.32811006903648376,0,-0.007835085503757,0.3358193337917328,0.9418939352035522,0,0.00401565246284008,0.3146134316921234,0.01287805289030075,1,0.9511971473693848,0.1974656730890274,-0.23713186383247375,0,-0.17914250493049622,0.9790592193603516,0.09670034795999527,0,0.2512611448764801,-0.04950070381164551,0.9666528701782227,0,0,0.04302100092172623,0.007772999815642834,1,0.9968710541725159,0.021637655794620514,-0.07602574676275253,0,-0.02681366540491581,0.9973428249359131,-0.06773502379655838,0,0.07435812801122665,0.06956163048744202,0.9948026537895203,0,0,0.05100400000810623,0,1,0.9968905448913574,0.01740587316453457,-0.07685206085443497,0,-0.02265668660402298,0.9974290132522583,-0.06798925995826721,0,0.07547102868556976,0.0695190280675888,0.9947214722633362,0,0,0.0582909993827343,0,1,0.9983234405517578,0.027382833883166313,0.050994791090488434,0,-0.016482513397932053,0.9790327548980713,-0.20303663611412048,0,-0.05548527464270592,0.20185565948486328,0.9778425097465515,0,0,0.06557700037956238,0,1,0.9393041133880615,-0.1781349629163742,0.2932150959968567,0,0.10398491472005844,0.9622597694396973,0.25148317217826843,0,-0.32694703340530396,-0.20572924613952637,0.9223779439926147,0,0,0.047589000314474106,-0.0062409997917711735,1,-0.15710298717021942,-0.004126101266592741,0.9875736236572266,0,-0.9564767479896545,-0.24836093187332153,-0.15319375693798065,0,0.24590693414211273,-0.968658983707428,0.03507174178957939,0,-0.02094700001180172,0.05637200176715851,0.004391000140458345,1,-0.4147697389125824,0.024091340601444244,0.9096077084541321,0,0.5991122722625732,0.7596182823181152,0.2530688941478729,0,-0.6848580837249756,0.6499226689338684,-0.32950013875961304,0,0,0.04468899965286255,0,1,0.43939849734306335,-0.8982921838760376,0.00013431120896711946,0,0.8980611562728882,0.4392821192741394,-0.02276015654206276,0,0.020386260002851486,0.010121393948793411,0.9997407793998718,0,0,0.12458900362253189,0,1,-0.9407485723495483,-0.06602207571268082,0.3326159715652466,0,-0.026073340326547623,0.9920428991317749,0.123169906437397,0,-0.33810117840766907,0.10719946771860123,-0.9349840879440308,0,0,0.11004800349473953,0,1,0.8040921688079834,0.59447181224823,-0.006268010940402746,0,-0.5790989398956299,0.7808268666267395,-0.23442381620407104,0,-0.13446401059627533,0.1921280026435852,0.9721140265464783,0,-0.011331000365316868,0.010877000167965889,0,1,0.886599063873291,-0.44304290413856506,-0.132874995470047,0,0.4608501195907593,0.8215990662574768,0.33554577827453613,0,-0.03949122130870819,-0.35873016715049744,0.9326056838035583,0,0.0010509999701753259,0.012520999647676945,0,1,0.984063982963562,-0.12145490199327469,0.1298721730709076,0,0.11425710469484329,0.9915440082550049,0.06153421103954315,0,-0.13624761998653412,-0.045714788138866425,0.9896199703216553,0,-0.0027069998905062675,0.021330999210476875,0,1,0.29913026094436646,0.8387888669967651,0.4549231231212616,0,-0.8849621415138245,0.06555600464344025,0.46102574467658997,0,0.3568801283836365,-0.5404962301254272,0.7619057893753052,0,0,0.011916999705135822,0,1,0.6912000179290771,0.6879398822784424,0.22131626307964325,0,-0.6932681202888489,0.5447670817375183,0.4718130826950073,0,0.20401330292224884,-0.4795488715171814,0.8534700274467468,0,0.0012529999949038029,0.03068999946117401,0,1,0.7726947665214539,0.6200439929962158,0.1359710991382599,0,-0.6125242114067078,0.6720806956291199,0.4160783588886261,0,0.16660331189632416,-0.4047870934009552,0.8991050720214844,0,-0.0003870000073220581,0.027449000626802444,0,1,-0.3591882288455963,-0.02397298254072666,-0.932957112789154,0,0.9157935380935669,-0.2015828639268875,-0.3474004566669464,0,-0.17973986268043518,-0.9791778326034546,0.09436046332120895,0,0.02094700001180172,0.055417999625205994,-0.0008929999894462526,1,-0.8715440034866333,0.48346421122550964,0.08169253170490265,0,0.4359596371650696,0.6878427267074585,0.5803542733192444,0,0.22438891232013702,0.5414188504219055,-0.8102561831474304,0,0,0.04468899965286255,0,1,-0.26060792803764343,0.7985257506370544,0.5426244139671326,0,-0.8000224232673645,-0.49322623014450073,0.3416021168231964,0,0.5404143929481506,-0.34508728981018066,0.767376720905304,0,0,0.12549099326133728,0,1,-0.9469239711761475,-0.11627358198165894,-0.2996918857097626,0,-0.29733437299728394,0.6711435317993164,0.6790867447853088,0,0.1221764087677002,0.7321522235870361,-0.6700940132141113,0,0,0.10966599732637405,0,1,0.797124981880188,-0.6031060218811035,0.029231291264295578,0,0.5866450071334839,0.7620889544487,-0.2739850580692291,0,0.14296528697013855,0.23554889857769012,0.9612899422645569,0,0.014530999585986137,0.007644999772310257,0,1,0.84868985414505,0.508633017539978,0.14497648179531097,0,-0.5266308784484863,0.7873802185058594,0.32045674324035645,0,0.04884326085448265,-0.3483172357082367,0.9361028671264648,0,-0.0006230000290088356,0.013120000250637531,0,1,0.9913899302482605,-0.06185498833656311,-0.1154152974486351,0,0.061236221343278885,0.9980839490890503,-0.008902624249458313,0,0.1157446950674057,0.0017583738081157207,0.9932770133018494,0,0.003869999898597598,0.02131900005042553,0,1,0.358243852853775,-0.8329290747642517,-0.42177096009254456,0,0.8363189697265625,0.08548275381326675,0.5415381193161011,0,-0.4150087535381317,-0.546737790107727,0.7272180914878845,0,0,0.020004000514745712,0,1,0.6841307282447815,-0.6937011480331421,-0.22526510059833527,0,0.6984558701515198,0.5341618657112122,0.4762672483921051,0,-0.21005909144878387,-0.48316672444343567,0.8499560952186584,0,-0.000990999978967011,0.029092999175190926,0,1,0.779637336730957,-0.6103647351264954,-0.14007319509983063,0,0.6048901677131653,0.6760929822921753,0.42072004079818726,0,-0.16209018230438232,-0.4127379357814789,0.8963109850883484,0,0.00021699999342672527,0.02653699927031994,0,1,-0.9764367938041687,-0.14842766523361206,-0.15665385127067566,0,0.17677076160907745,-0.13372354209423065,-0.9751257300376892,0,0.12378725409507751,-0.9798400402069092,0.15681034326553345,0,-0.0544390007853508,-0.024317000061273575,0.003645000047981739,1,0.9776147603988647,-0.18519780039787292,0.09985698759555817,0,0.035226769745349884,0.6119673848152161,0.7900980710983276,0,-0.2074335664510727,-0.7688935995101929,0.6047919988632202,0,0,0.14278100430965424,0,1,-0.9798712134361267,0.18457284569740295,-0.07605715841054916,0,0.19938038289546967,0.8858198523521423,-0.4190111458301544,0,-0.009965133853256702,-0.4257415533065796,-0.9047903418540955,0,0,0.12532299757003784,0,1,0.9782649874687195,0.01758415810763836,0.20661187171936035,0,-0.13770779967308044,0.800039529800415,0.5839291214942932,0,-0.155029758810997,-0.5996894836425781,0.7850721478462219,0,0,0.0696519985795021,0,1,-0.9703595638275146,-0.13102349638938904,-0.20306552946567535,0,0.041417937725782394,-0.9180038571357727,0.3944036066532135,0,-0.23809099197387695,0.37430262565612793,0.8962200880050659,0,0.0544390007853508,-0.024317000061273575,-0.00775500014424324,1,0.9948612451553345,0.07147743552923203,-0.07171333581209183,0,-0.05334705114364624,0.9720216989517212,0.22875390946865082,0,0.08605760335922241,-0.22375254333019257,0.9708391427993774,0,0,0.14293700456619263,0,1,-0.9832026958465576,-0.18023096024990082,-0.028804177418351173,0,-0.17664885520935059,0.9793601036071777,-0.0982285887002945,0,0.045913491398096085,-0.09149037301540375,-0.9947470426559448,0,0,0.12558400630950928,0,1,0.9711143970489502,0.013502668589353561,-0.2382313460111618,0,0.1670585423707962,0.6744059324264526,0.7192136645317078,0,0.17037588357925415,-0.7382370233535767,0.6526693105697632,0,0,0.06777899712324142,0,1
