2.500,30,74,41
B0,mixamorig_Hips,-1,0.9986513257026672,0.01028222031891346,0.05088856443762779,0,-0.024509970098733902,0.9574571251869202,0.2875327467918396,0,-0.0457671582698822,-0.2883923351764679,0.9564181566238403,0,0.008325892500579357,0.8988297581672668,-0.03197131305932999,1
B1,mixamorig_Spine,0,0.9939116835594177,0.020518885925412178,0.1082511693239212,0,-0.05864150449633598,0.9302997589111328,0.3620816767215729,0,-0.09327659010887146,-0.3662254214286804,0.9258397221565247,0,0,0.13538900017738342,-0.008721999824047089,1
B2,mixamorig_Spine1,1,0.9997444152832031,-0.012175244279205799,0.01903822086751461,0,0.011308043263852596,0.9989219903945923,0.04501292109489441,0,-0.019565744325518608,-0.04478614032268524,0.9988045692443848,0,0,0.15828099846839905,0,1
B3,mixamorig_Spine2,2,0.9997707009315491,-0.011476586572825909,0.018099913373589516,0,0.010718190111219883,0.9990824460983276,0.04145459085702896,0,-0.01855907030403614,-0.04125110059976578,0.9989766478538513,0,0,0.18089300394058228,0,1
B4,mixamorig_Neck,3,0.9959860444068909,-0.038097791373729706,-0.08099919557571411,0,0.028749627992510796,0.9931114315986633,-0.11359526962041855,0,0.0847688838839531,0.11081051826477051,0.9902196526527405,0,0,0.2035049945116043,0,1
B5,mixamorig_Head,4,0.9984039664268494,-0.05479653179645538,-0.013637728989124298,0,0.04474405571818352,0.9150239825248718,-0.4009099304676056,0,0.03444734215736389,0.3996601104736328,0.9160159230232239,0,0,0.1708970069885254,0.012180999852716923,1
B6,mixamorig_HeadTop_End,5,1,0,0,0,0,1,0,0,0,0,1,0,0,0.5830889940261841,0.04156000167131424,1
B7,mixamorig_LeftShoulder,3,0.06796752661466599,0.035775478929281235,-0.9970459938049316,0,0.9061736464500427,-0.42032065987586975,0.04669110104441643,0,-0.41740861535072327,-0.9066702127456665,-0.06098690256476402,0,0.06443499773740768,0.16917000710964203,-0.0021009999327361584,1
B8,mixamorig_LeftArm,7,0.9158785939216614,0.38220396637916565,0.12282982468605042,0,-0.39538320899009705,0.8057505488395691,0.44095125794410706,0,0.06956307590007782,-0.4524223208427429,0.8890860676765442,0,0,0.1478630006313324,0,1
B9,mixamorig_LeftForeArm,8,0.5222200155258179,0.7788645625114441,0.34735560417175293,0,-0.7948377132415771,0.5921266078948975,-0.1327349990606308,0,-0.3090612590312958,-0.20677457749843597,0.9282917976379395,0,0,0.3846980035305023,0,1
B10,mixamorig_LeftHand,9,0.5110988616943359,0.20052552223205566,-0.8358035087585449,0,-0.5557806491851807,0.8188678026199341,-0.14340084791183472,0,0.6556568741798401,0.5378152132034302,0.5299704074859619,0,0,0.29548799991607666,0,1
B11,mixamorig_LeftHandThumb1,10,0.8455529808998108,0.5338701009750366,-0.004812160972505808,0,-0.5156098008155823,0.8142271041870117,-0.2667958438396454,0,-0.1385161578655243,0.22807122766971588,0.963740885257721,0,-0.04470000043511391,0.022832000628113747,0,1
B12,mixamorig_LeftHandThumb2,11,0.9756690263748169,-0.1653987169265747,-0.14392413198947906,0,0.20438331365585327,0.9237259030342102,0.32397201657295227,0,0.07936185598373413,-0.3455049395561218,0.9350550174713135,0,0.0032629999332129955,0.040022000670433044,0,1
B13,mixamorig_LeftHandThumb3,12,0.5692567229270935,0.31547605991363525,-0.7592251896858215,0,-0.24133892357349396,0.9468890428543091,0.21250219643115997,0,0.7859408259391785,0.06226224824786186,0.6151592135429382,0,-0.0047160000540316105,0.06285200268030167,0,1
B14,mixamorig_LeftHandThumb4,13,1,0,0,0,0,1,0,0,0,0,1,0,0.0014530000044032931,0.05391699820756912,0,1
B15,mixamorig_LeftHandIndex1,10,0.7551991939544678,0.6502818465232849,0.0825071856379509,0,-0.6523041725158691,0.733140766620636,0.1923651397228241,0,0.06460218131542206,-0.1990938037633896,0.977849006652832,0,0,0.08759299665689468,0,1
B16,mixamorig_LeftHandIndex2,15,0.8456770777702332,0.5315930247306824,0.04732226952910423,0,-0.5246098637580872,0.8117150068283081,0.2567179799079895,0,0.09805721789598465,-0.24192604422569275,0.9653269648551941,0,0.00533499987795949,0.08115100115537643,0,1
B17,mixamorig_LeftHandIndex3,16,0.9930859804153442,0.11738793551921844,-0.0007532485760748386,0,-0.11695195734500885,0.9899109601974487,0.07999209314584732,0,0.010135751217603683,-0.07935090363025665,0.9967950582504272,0,-0.003978000022470951,0.06615400314331055,0,1
B18,mixamorig_LeftHandIndex4,17,1,0,0,0,0,1,0,0,0,0,1,0,-0.0013569999719038606,0.05521000176668167,0,1
B19,mixamorig_RightShoulder,3,0.15046168863773346,0.009797347709536552,0.9885674715042114,0,-0.9397156238555908,-0.30917873978614807,0.146090567111969,0,0.3070753216743469,-0.950953483581543,-0.037312909960746765,0,-0.06443499773740768,0.16918499767780304,-0.0023219999857246876,1
B20,mixamorig_RightArm,19,0.8885872960090637,-0.3868429958820343,-0.24650835990905762,0,0.45870596170425415,0.7511956691741943,0.4746512472629547,0,0.0015604981454089284,-0.5348436832427979,0.8449497222900391,0,0,0.1478630006313324,0,1
B21,mixamorig_RightForeArm,20,0.2290785163640976,-0.9115055203437805,-0.34158602356910706,0,0.9500871896743774,0.2857251763343811,-0.12528476119041443,0,0.21179735660552979,-0.2958362400531769,0.9314625263214111,0,0,0.3846839964389801,0,1
B22,mixamorig_RightHand,21,0.5157164335250854,-0.31947237253189087,0.7949680685997009,0,0.27253851294517517,0.9408524036407471,0.20129583775997162,0,-0.8122553825378418,0.11284776777029037,0.5722811222076416,0,0,0.29550600051879883,0,1
B23,mixamorig_RightHandThumb1,22,0.6942191123962402,-0.6997880339622498,-0.1683935523033142,0,0.6696240901947021,0.5421420931816101,0.5076278448104858,0,-0.2639385759830475,-0.4651651680469513,0.8449599742889404,0,0.045409999787807465,0.022926000878214836,0,1
B24,mixamorig_RightHandThumb2,23,0.9115809798240662,0.3345801532268524,0.23890425264835358,0,-0.28710103034973145,0.9340140223503113,-0.21258191764354706,0,-0.2942657470703125,0.12519602477550507,0.9474880695343018,0,-0.0014270000392571092,0.0406700000166893,0,1
B25,mixamorig_RightHandThumb3,24,0.9642959833145142,0.07788822799921036,-0.2531150281429291,0,-0.06720370054244995,0.9964550137519836,0.050600964576005936,0,0.2561589777469635,-0.03178403899073601,0.966111958026886,0,0.009859999641776085,0.06350599974393845,0,1
B26,mixamorig_RightHandThumb4,25,1,0,0,0,0,1,0,0,0,0,1,0,-0.008431999944150448,0.0511230006814003,0,1
B27,mixamorig_RightHandIndex1,22,0.6168848872184753,-0.7520431280136108,-0.23213016986846924,0,0.7452358603477478,0.4632681906223297,0.47958895564079285,0,-0.2531331479549408,-0.4688430726528168,0.8462329506874084,0,0,0.0777449980378151,0,1
B28,mixamorig_RightHandIndex2,27,0.5257640480995178,-0.8284650444984436,-0.19291988015174866,0,0.8100060820579529,0.4183580279350281,0.410932719707489,0,-0.25973397493362427,-0.37232014536857605,0.891019880771637,0,-0.001630999962799251,0.08561699837446213,0,1
B29,mixamorig_RightHandIndex3,28,0.6341789364814758,-0.7513830065727234,-0.18232223391532898,0,0.7360581159591675,0.5145062208175659,0.4398876428604126,0,-0.23671825230121613,-0.41316738724708557,0.8793508410453796,0,0.0006419999990612268,0.06886699795722961,0,1
B30,mixamorig_RightHandIndex4,29,1,0,0,0,0,1,0,0,0,0,1,0,0.0009889999637380242,0.05904199928045273,0,1
B31,mixamorig_LeftUpLeg,0,-0.9948617815971375,-0.0834752544760704,0.05728088691830635,0,0.09766111522912979,-0.9403983354568481,0.32575130462646484,0,0.026674671098589897,0.32967156171798706,0.9437184929847717,0,0.1531279981136322,-0.07525999844074249,0.00989999994635582,1
B32,mixamorig_LeftLeg,31,0.9799184799194336,-0.1656562089920044,0.11098197847604752,0,-0.025232437998056412,-0.6551347970962524,-0.7550902366638184,0,0.19779367744922638,0.7371270656585693,-0.6461590528488159,0,0,0.43355700373649597,0,1
B33,mixamorig_LeftFoot,32,0.9263386726379395,0.36879709362983704,-0.07671783119440079,0,-0.27440762519836426,0.8001887798309326,0.5332905650138855,0,0.25806474685668945,-0.47295570373535156,0.8424465656280518,0,0,0.3312470018863678,0,1
B34,mixamorig_LeftToeBase,33,0.7357537746429443,0.14205394685268402,0.6621840000152588,0,-0.30594494938850403,0.9420164227485657,0.13785143196582794,0,-0.6042056679725647,-0.30401644110679626,0.7365525960922241,0,0,0.20004400610923767,0,1
B35,mixamorig_LeftToe_End,34,1,0,0,0,0,1,0,0,0,0,1,0,0,0.08402600139379501,0,1
B36,mixamorig_RightUpLeg,0,-0.9961761236190796,0.0740991085767746,0.04629224166274071,0,-0.02482026070356369,-0.7480142116546631,0.6632176637649536,0,0.08377110213041306,0.6595327258110046,0.7469933032989502,0,-0.1531279981136322,-0.07525999844074249,0.009096999652683735,1
B37,mixamorig_RightLeg,36,0.9946708083152771,-0.09839485585689545,-0.03080909699201584,0,0.01572781428694725,0.4401102364063263,-0.8978056907653809,0,0.10189888626337051,0.8925367593765259,0.4393124282360077,0,0,0.4337970018386841,0,1
B38,mixamorig_RightFoot,37,0.996354341506958,-0.049697332084178925,-0.06934679299592972,0,0.07702630013227463,0.1744922697544098,0.9816414713859558,0,-0.03668445721268654,-0.983403742313385,0.177684023976326,0,0,0.3317689895629883,0,1
B39,mixamorig_RightToeBase,38,0.9582204818725586,-0.04691498354077339,-0.28215575218200684,0,0.21560154855251312,0.7667042016983032,0.6047153472900391,0,0.18795984983444214,-0.64028400182724,0.74478679895401,0,0,0.19863300025463104,0,1
B40,mixamorig_RightToe_End,39,1,0,0,0,0,1,0,0,0,0,1,0,0,0.08659999817609787,0,1
@34,0,1,2,3,4,5,7,8,9,10,11,12,13,15,16,17,19,20,21,22,23,24,25,27,28,29,31,32,33,34,36,37,38,39
K0,-0.17483572661876678,-0.0026372773572802544,-0.24377340078353882,0,0.03731318935751915,0.2961585223674774,-0.029965249821543694,0,0.24091534316539764,-0.047783199697732925,-0.17226894199848175,0,-0.0027246742974966764,0.2523516118526459,0.004642166662961245,1,0.9965110421180725,-0.05141584575176239,-0.06574679166078568,0,0.05548814684152603,0.9965519309043884,0.061691030859947205,0,0.062348201870918274,-0.06512396037578583,0.9959279894828796,0,0,0.13538900017738342,-0.008721999824047089,1,0.9988689422607422,0.04255828633904457,-0.021180711686611176,0,-0.04209071770310402,0.9988700151443481,0.0220522228628397,0,0.022095290943980217,-0.021135779097676277,0.9995319843292236,0,0,0.15828099846839905,0,1,0.999576985836029,0.01990099437534809,-0.021198159083724022,0,-0.019819004461169243,0.9997950196266174,0.0040709227323532104,0,0.021274840459227562,-0.003649076446890831,0.999767005443573,0,0,0.18089300394058228,0,1,0.985069990158081,-0.02194621041417122,-0.17075201869010925,0,0.02700078673660755,0.9992619156837463,0.027335848659276962,0,0.1700260043144226,-0.03153814747929573,0.9849350452423096,0,0,0.2035049945116043,0,1,0.9123830199241638,-0.11264332383871078,-0.3935328423976898,0,0.07962467521429062,0.9918660521507263,-0.0993027314543724,0,0.4015180766582489,0.05926726758480072,0.9139319062232971,0,0,0.1708970069885254,0.012180999852716923,1,0.1496276557445526,-0.04659491777420044,-0.9876440167427063,0,0.9292349219322205,-0.3346770405769348,0.1565680205821991,0,-0.33783698081970215,-0.9411799311637878,-0.006779282353818417,0,0.06443499773740768,0.16917000710964203,-0.0021009999327361584,1,0.9575820565223694,0.2769716680049896,-0.07951613515615463,0,-0.21501736342906952,0.8704908490180969,0.44273412227630615,0,0.19184285402297974,-0.406856894493103,0.8931200504302979,0,0,0.1478630006313324,0,1,-0.07022499293088913,0.8090779781341553,0.5834911465644836,0,-0.9887270927429199,0.021087810397148132,-0.14823707938194275,0,-0.13223987817764282,-0.5873231291770935,0.798475980758667,0,0,0.3846980035305023,0,1,0.523855984210968,0.052352093160152435,-0.8501969575881958,0,-0.007795903831720352,0.9983620047569275,0.05667205899953842,0,0.8517711162567139,-0.023059941828250885,0.5234059691429138,0,0,0.29548799991607666,0,1,0.5601881742477417,0.8265288472175598,0.055128924548625946,0,-0.8266381025314331,0.5620757937431335,-0.027190107852220535,0,-0.05346006900072098,-0.030340107157826424,0.998108983039856,0,-0.04470000043511391,0.022832000628113747,0,1,0.9036030769348145,-0.3266604542732239,-0.2771185636520386,0,0.3815564811229706,0.9078142046928406,0.17403608560562134,0,0.19472143054008484,-0.2629958987236023,0.9449429512023926,0,0.0032629999332129955,0.040022000670433044,0,1,0.5232842564582825,0.5061907172203064,-0.6855250597000122,0,-0.10186933726072311,0.8358469605445862,0.5394279360771179,0,0.8460471034049988,-0.2124401330947876,0.4889506995677948,0,-0.0047160000540316105,0.06285200268030167,0,1,0.21043707430362701,0.9377200603485107,0.27640166878700256,0,-0.9144769906997681,0.0888618752360344,0.3947599530220032,0,0.34561267495155334,-0.3358350694179535,0.876223087310791,0,0,0.08759299665689468,0,1,0.5834459066390991,0.7945910692214966,0.16797584295272827,0,-0.776202917098999,0.48470890522003174,0.40319517254829407,0,0.23895584046840668,-0.3656258285045624,0.8995651006698608,0,0.00533499987795949,0.08115100115537643,0,1,0.4659770429134369,0.8502869606018066,0.2447001338005066,0,-0.8271240592002869,0.32039928436279297,0.4617466330528259,0,0.31421512365341187,-0.417560338973999,0.8525907397270203,0,-0.003978000022470951,0.06615400314331055,0,1,-0.3527541756629944,0.12964972853660583,0.9266911149024963,0,-0.8968572616577148,-0.3292827606201172,-0.29532891511917114,0,0.2668539881706238,-0.9352880120277405,0.2324330359697342,0,-0.06443499773740768,0.16918499767780304,-0.0023219999857246876,1,0.9895110130310059,-0.029353292658925056,0.1414409726858139,0,-0.047697294503450394,0.8578319549560547,0.5117130875587463,0,-0.1363530308008194,-0.5130919814109802,0.8474339842796326,0,0,0.1478630006313324,0,1,0.26644477248191833,-0.9501190185546875,-0.1621142476797104,0,0.9585888981819153,0.2787642478942871,-0.05828120559453964,0,0.10056575387716293,-0.1398722231388092,0.9850490093231201,0,0,0.3846839964389801,0,1,0.4791269600391388,-0.3866099417209625,0.7880159616470337,0,0.4675310552120209,0.8722249865531921,0.1436571180820465,0,-0.7428669333457947,0.29959210753440857,0.5986589789390564,0,0,0.29550600051879883,0,1,0.6952359676361084,-0.6982408761978149,-0.1706055998802185,0,0.6694691181182861,0.5426350235939026,0.5073047876358032,0,-0.2616446018218994,-0.4669121503829956,0.8447107672691345,0,0.045409999787807465,0.022926000878214836,0,1,0.9116620421409607,0.33389508724212646,0.23955567181110382,0,-0.28628793358802795,0.9342471361160278,-0.2126547396183014,0,-0.2948082983493805,0.1252872347831726,0.9473068714141846,0,-0.0014270000392571092,0.0406700000166893,0,1,0.9641300439834595,0.07701810449361801,-0.25401073694229126,0,-0.06679590046405792,0.9965800046920776,0.04863876476883888,0,0.2568883001804352,-0.029927238821983337,0.9659780263900757,0,0.009859999641776085,0.06350599974393845,0,1,0.6167795062065125,-0.7521296143531799,-0.23213113844394684,0,0.7453674077987671,0.46328580379486084,0.47936853766441345,0,-0.25300413370132446,-0.468687504529953,0.8463577032089233,0,0,0.0777449980378151,0,1,0.5257641673088074,-0.8284650444984436,-0.19291970133781433,0,0.8100060820579529,0.4183579981327057,0.41093379259109497,0,-0.2597346901893616,-0.3723202645778656,0.8910189867019653,0,-0.001630999962799251,0.08561699837446213,0,1,0.6341942548751831,-0.7513748407363892,-0.18229882419109344,0,0.736031174659729,0.5145067572593689,0.4399331212043762,0,-0.23676083981990814,-0.413180947303772,0.8793331384658813,0,0.0006419999990612268,0.06886699795722961,0,1,-0.6553950309753418,-0.0036143544130027294,0.7552769184112549,0,0.6369216442108154,-0.5401042699813843,0.5501070618629456,0,0.40594014525413513,0.8415899872779846,0.35628387331962585,0,0.1531279981136322,-0.07525999844074249,0.00989999994635582,1,0.9584790468215942,-0.11266914010047913,-0.26196298003196716,0,-0.1412591189146042,0.6104180812835693,-0.7793818116188049,0,0.24771900475025177,0.7840250730514526,0.5691568851470947,0,0,0.43355700373649597,0,1,0.9991539716720581,-0.04109402000904083,-0.001299498719163239,0,0.02955998107790947,0.6960309147834778,0.7174031138420105,0,-0.028576498851180077,-0.7168349027633667,0.696657121181488,0,0,0.3312470018863678,0,1,0.9822800159454346,-0.01133708655834198,0.18707799911499023,0,-0.1256410926580429,0.7008388042449951,0.7021680474281311,0,-0.139071986079216,-0.7132298350334167,0.6869951486587524,0,0,0.20004400610923767,0,1,-0.7365758419036865,0.3831072449684143,-0.5573909878730774,0,-0.5737497806549072,-0.7903081774711609,0.2149970829486847,0,-0.35814395546913147,0.478164941072464,0.8019301295280457,0,-0.1531279981136322,-0.07525999844074249,0.009096999652683735,1,0.9892789721488953,-0.1002475842833519,0.10620007663965225,0,0.1460264027118683,0.6686778664588928,-0.7290720343589783,0,0.0020740721374750137,0.7367629408836365,0.6761471033096313,0,0,0.4337970018386841,0,1,0.9032709002494812,0.42600539326667786,0.05120151862502098,0,-0.23683063685894012,0.39550119638442993,0.8874070048332214,0,0.3577895164489746,-0.8136940002441406,0.45813530683517456,0,0,0.3317689895629883,0,1,0.9726868867874146,-0.003318940754979849,-0.23209735751152039,0,0.16213205456733704,0.7252708673477173,0.6691011190414429,0,0.16611266136169434,-0.6884559392929077,0.7059991955757141,0,0,0.19863300025463104,0,1
K0.034,-0.1745208203792572,-0.002675441326573491,-0.24399849772453308,0,0.03696438670158386,0.296230286359787,-0.029687076807022095,0,0.24119731783866882,-0.047334253787994385,-0.17199824750423431,0,-0.002745317528024316,0.2524617314338684,0.004568647593259811,1,0.9964714050292969,-0.051236968487501144,-0.06648479402065277,0,0.05541166663169861,0.9965026378631592,0.06254616379737854,0,0.06304760277271271,-0.0660095065832138,0.9958256483078003,0,0,0.13538900017738342,-0.008721999824047089,1,0.9988700747489929,0.042560238391160965,-0.021128494292497635,0,-0.04204719141125679,0.9988232254981995,0.02416049875319004,0,0.02213193289935589,-0.0232448298484087,0.9994852542877197,0,0,0.15828099846839905,0,1,0.999576985836029,0.019900087267160416,-0.021195057779550552,0,-0.019773224368691444,0.9997859001159668,0.00617903470993042,0,0.021313469856977463,-0.005757322534918785,0.9997557997703552,0,0,0.18089300394058228,0,1,0.9851822853088379,-0.021545685827732086,-0.17015141248703003,0,0.026532968506217003,0.9992803335189819,0.02709134854376316,0,0.16944535076618195,-0.031204555183649063,0.9850454330444336,0,0,0.2035049945116043,0,1,0.912599503993988,-0.11450750380754471,-0.3924931585788727,0,0.08132292330265045,0.991636335849762,-0.10021715611219406,0,0.400686115026474,0.059539441019296646,0.914279043674469,0,0,0.1708970069885254,0.012180999852716923,1,0.15036869049072266,-0.04680250957608223,-0.9875212907791138,0,0.9279477596282959,-0.33788564801216125,0.15731124579906464,0,-0.34103167057037354,-0.9400224685668945,-0.007377168629318476,0,0.06443499773740768,0.16917000710964203,-0.0021009999327361584,1,0.957581639289856,0.27722498774528503,-0.07863239198923111,0,-0.21637338399887085,0.8719574213027954,0.4391729235649109,0,0.19031383097171783,-0.4035300314426422,0.8949546813964844,0,0,0.1478630006313324,0,1,-0.07069794833660126,0.8100093603134155,0.5821403861045837,0,-0.9887980222702026,0.019999200478196144,-0.14791199564933777,0,-0.13145244121551514,-0.5860764980316162,0.7995220422744751,0,0,0.3846980035305023,0,1,0.5240828394889832,0.05624309554696083,-0.8498077392578125,0,-0.01272420585155487,0.9982228875160217,0.0582185834646225,0,0.8515722155570984,-0.019698239862918854,0.5238673090934753,0,0,0.29548799991607666,0,1,0.5601881742477417,0.8265288472175598,0.055128924548625946,0,-0.8266381025314331,0.5620757937431335,-0.027190107852220535,0,-0.05346006900072098,-0.030340107157826424,0.998108983039856,0,-0.04470000043511391,0.022832000628113747,0,1,0.9036028981208801,-0.3266602158546448,-0.27711930871009827,0,0.38155677914619446,0.907814085483551,0.17403706908226013,0,0.19472166895866394,-0.2629969120025635,0.944942057132721,0,0.0032629999332129955,0.040022000670433044,0,1,0.5233471393585205,0.5067317485809326,-0.6850767731666565,0,-0.10200253129005432,0.8354416489601135,0.5400300621986389,0,0.8459921479225159,-0.2127435952425003,0.48891395330429077,0,-0.0047160000540316105,0.06285200268030167,0,1,0.20816928148269653,0.937781572341919,0.2779069244861603,0,-0.9147624969482422,0.08608852326869965,0.39471206068992615,0,0.34622901678085327,-0.33638569712638855,0.87576824426651,0,0,0.08759299665689468,0,1,0.5841678380966187,0.794134795665741,0.16762082278728485,0,-0.7757896780967712,0.48563697934150696,0.4028744399547577,0,0.2385338693857193,-0.36538493633270264,0.899775505065918,0,0.00533499987795949,0.08115100115537643,0,1,0.46615612506866455,0.8502219319343567,0.24458152055740356,0,-0.8270566463470459,0.3206387460231781,0.4617004692554474,0,0.31412574648857117,-0.41750749945640564,0.8526498675346375,0,-0.003978000022470951,0.06615400314331055,0,1,-0.35240620374679565,0.13075415790081024,0.9266678094863892,0,-0.8963048458099365,-0.3319483995437622,-0.29402098059654236,0,0.2691613733768463,-0.9341914057731628,0.23417623341083527,0,-0.06443499773740768,0.16918499767780304,-0.0023219999857246876,1,0.9899193644523621,-0.026933657005429268,0.13904911279678345,0,-0.0483238585293293,0.8586140871047974,0.5103400945663452,0,-0.13313481211662292,-0.5119147896766663,0.848656952381134,0,0,0.1478630006313324,0,1,0.2687811851501465,-0.9498398900032043,-0.1598757654428482,0,0.957949697971344,0.2809162139892578,-0.058461181819438934,0,0.10044050216674805,-0.13743974268436432,0.9854042530059814,0,0,0.3846839964389801,0,1,0.47813349962234497,-0.3870726227760315,0.7883926630020142,0,0.47364065051078796,0.8695706725120544,0.13968110084533691,0,-0.7396302819252014,0.3066287934780121,0.5991045236587524,0,0,0.29550600051879883,0,1,0.695236086845398,-0.6982408761978149,-0.17060531675815582,0,0.6694691181182861,0.5426355004310608,0.507304310798645,0,-0.26164430379867554,-0.466911643743515,0.8447111248970032,0,0.045409999787807465,0.022926000878214836,0,1,0.9116610288619995,0.3338961601257324,0.2395557016134262,0,-0.286289781332016,0.9342470765113831,-0.21265296638011932,0,-0.2948082685470581,0.1252851039171219,0.9473078846931458,0,-0.0014270000392571092,0.0406700000166893,0,1,0.9641300439834595,0.07701803743839264,-0.25401076674461365,0,-0.0667959600687027,0.9965800046920776,0.04863826930522919,0,0.2568882703781128,-0.02992674894630909,0.9659780263900757,0,0.009859999641776085,0.06350599974393845,0,1,0.6168559193611145,-0.7520836591720581,-0.2320745289325714,0,0.745324432849884,0.46340620517730713,0.479318231344223,0,-0.25294262170791626,-0.4686410427093506,0.8464012145996094,0,0,0.0777449980378151,0,1,0.5225193500518799,-0.8301358222961426,-0.19454628229141235,0,0.811538577079773,0.4142402708530426,0.41208165884017944,0,-0.26149454712867737,-0.37320205569267273,0.8901348114013672,0,-0.001630999962799251,0.08561699837446213,0,1,0.6340526342391968,-0.7514742016792297,-0.18238241970539093,0,0.7361171841621399,0.5142996907234192,0.44003209471702576,0,-0.23687347769737244,-0.4132581651210785,0.8792657852172852,0,0.0006419999990612268,0.06886699795722961,0,1,-0.654416024684906,-0.005103571806102991,0.7561172842979431,0,0.6372919678688049,-0.5418927073478699,0.5479156970977783,0,0.40693819522857666,0.840432345867157,0.35787588357925415,0,0.1531279981136322,-0.07525999844074249,0.00989999994635582,1,0.9584914445877075,-0.11282196640968323,-0.26185086369514465,0,-0.140903040766716,0.6109704971313477,-0.7790130972862244,0,0.24787291884422302,0.7835729122161865,0.5697129368782043,0,0,0.43355700373649597,0,1,0.9991572499275208,-0.04102542996406555,-0.0011578240664675832,0,0.029398297891020775,0.6957281827926636,0.7177032232284546,0,-0.02863856591284275,-0.7171328067779541,0.6963483691215515,0,0,0.3312470018863678,0,1,0.9822800159454346,-0.011336985975503922,0.18707802891731262,0,-0.12564100325107574,0.7008388638496399,0.7021670341491699,0,-0.13907192647457123,-0.7132288813591003,0.6869951486587524,0,0,0.20004400610923767,0,1,-0.7364131212234497,0.38369837403297424,-0.5571991801261902,0,-0.5735797882080078,-0.7908458709716797,0.2134702205657959,0,-0.3587506115436554,0.4768006503582001,0.8024711012840271,0,-0.1531279981136322,-0.07525999844074249,0.009096999652683735,1,0.9892768859863281,-0.09935455024242401,0.1070508286356926,0,0.14605142176151276,0.6707746386528015,-0.7271386384963989,0,0.0004375460557639599,0.7349765300750732,0.678092896938324,0,0,0.4337970018386841,0,1,0.9036362171173096,0.42527392506599426,0.05083687603473663,0,-0.23672732710838318,0.39700329303741455,0.8867626786231995,0,0.35693463683128357,-0.8133453726768494,0.4594205319881439,0,0,0.3317689895629883,0,1,0.9727963805198669,-0.0033892609644681215,-0.23163801431655884,0,0.1619095653295517,0.7250871062278748,0.669352650642395,0,0.16568921506404877,-0.6886485815048218,0.7059112787246704,0,0,0.19863300025463104,0,1
K0.068,-0.17448675632476807,-0.0027687824331223965,-0.24402181804180145,0,0.03665436804294586,0.2962802052497864,-0.029571279883384705,0,0.24126914143562317,-0.047014232724905014,-0.17198501527309418,0,-0.0028132847510278225,0.2525752782821655,0.0045229364186525345,1,0.9964990019798279,-0.05088920146226883,-0.06632630527019501,0,0.05516497790813446,0.9964037537574768,0.06431321799755096,0,0.06281498819589615,-0.06774700433015823,0.9957235455513,0,0,0.13538900017738342,-0.008721999824047089,1,0.9988730549812317,0.04256559535861015,-0.02101883664727211,0,-0.04200175404548645,0.998764157295227,0.026574814692139626,0,0.022124027833342552,-0.025662031024694443,0.9994261860847473,0,0,0.15828099846839905,0,1,0.9995769262313843,0.019901087507605553,-0.021191051229834557,0,-0.019722670316696167,0.9997683763504028,0.008595654740929604,0,0.0213572159409523,-0.008174078539013863,0.9997383952140808,0,0,0.18089300394058228,0,1,0.9851255416870117,-0.021370690315961838,-0.1705034226179123,0,0.026234205812215805,0.9993095397949219,0.02632235549390316,0,0.16982315480709076,-0.030403845012187958,0.9850059151649475,0,0,0.2035049945116043,0,1,0.9120435118675232,-0.11506146937608719,-0.3936203718185425,0,0.08230559527873993,0.9916605353355408,-0.09917077422142029,0,0.40174874663352966,0.05805093050003052,0.9139082431793213,0,0,0.1708970069885254,0.012180999852716923,1,0.1511375457048416,-0.04693058878183365,-0.9873977303504944,0,0.926652193069458,-0.3410794138908386,0.1580508053302765,0,-0.3441985249519348,-0.9388619065284729,-0.008061593398451805,0,0.06443499773740768,0.16917000710964203,-0.0021009999327361584,1,0.9577082991600037,0.2769133746623993,-0.07818599790334702,0,-0.21702046692371368,0.8735694289207458,0.4356372654438019,0,0.18893465399742126,-0.40024539828300476,0.8967204689979553,0,0,0.1478630006313324,0,1,-0.0715378075838089,0.8109226822853088,0.5807636976242065,0,-0.9887969493865967,0.018821194767951965,-0.14807899296283722,0,-0.13101130723953247,-0.5848507881164551,0.8004916310310364,0,0,0.3846980035305023,0,1,0.5242979526519775,0.06012175977230072,-0.8494099378585815,0,-0.01763787679374218,0.9980573058128357,0.05975613743066788,0,0.8513519763946533,-0.016348224133253098,0.5243395566940308,0,0,0.29548799991607666,0,1,0.5601881742477417,0.8265288472175598,0.055128924548625946,0,-0.8266381025314331,0.5620757937431335,-0.027190107852220535,0,-0.05346006900072098,-0.030340107157826424,0.998108983039856,0,-0.04470000043511391,0.022832000628113747,0,1,0.9036030173301697,-0.3266602158546448,-0.27711984515190125,0,0.38155677914619446,0.9078141450881958,0.17403699457645416,0,0.19472213089466095,-0.26299700140953064,0.9449419379234314,0,0.0032629999332129955,0.040022000670433044,0,1,0.5233404040336609,0.5066137313842773,-0.68517005443573,0,-0.10194488614797592,0.8355219960212708,0.5399171113967896,0,0.8460036516189575,-0.21271075308322906,0.48890888690948486,0,-0.0047160000540316105,0.06285200268030167,0,1,0.206805020570755,0.9378239512443542,0.27877938747406006,0,-0.9149324893951416,0.08443456143140793,0.39467722177505493,0,0.346598744392395,-0.3366852104663849,0.8755061626434326,0,0,0.08759299665689468,0,1,0.5857104659080505,0.7931546568870544,0.16688144207000732,0,-0.7748746871948242,0.4875662922859192,0.40230223536491394,0,0.23772220313549042,-0.3649449646472931,0.9001684784889221,0,0.00533499987795949,0.08115100115537643,0,1,0.4672059714794159,0.8498448729515076,0.24389058351516724,0,-0.8266656994819641,0.3220420777797699,0.4614255428314209,0,0.3135969936847687,-0.4171966314315796,0.8529973030090332,0,-0.003978000022470951,0.06615400314331055,0,1,-0.35206684470176697,0.13186562061309814,0.9266390800476074,0,-0.8957393169403076,-0.3346235454082489,-0.29270806908607483,0,0.27147701382637024,-0.9330795407295227,0.23592700064182281,0,-0.06443499773740768,0.16918499767780304,-0.0023219999857246876,1,0.9904614090919495,-0.024453304708003998,0.13560187816619873,0,-0.048728298395872116,0.8583701848983765,0.5107118487358093,0,-0.1288852095603943,-0.5124480724334717,0.8489910960197449,0,0,0.1478630006313324,0,1,0.2745741903781891,-0.9488226771354675,-0.15602661669254303,0,0.9563231468200684,0.28637903928756714,-0.058587875217199326,0,0.10027226060628891,-0.1331251561641693,0.9860134720802307,0,0,0.3846839964389801,0,1,0.47705236077308655,-0.388497918844223,0.7883464694023132,0,0.4792356491088867,0.8668948411941528,0.13720661401748657,0,-0.7367181777954102,0.3123490512371063,0.5997363924980164,0,0,0.29550600051879883,0,1,0.6952361464500427,-0.6982408761978149,-0.1706060916185379,0,0.6694691777229309,0.5426348447799683,0.5073049068450928,0,-0.2616441249847412,-0.4669121205806732,0.8447099328041077,0,0.045409999787807465,0.022926000878214836,0,1,0.9116619229316711,0.33389517664909363,0.23955604434013367,0,-0.2862878441810608,0.9342470169067383,-0.21265524625778198,0,-0.294808954000473,0.12528763711452484,0.9473070502281189,0,-0.0014270000392571092,0.0406700000166893,0,1,0.9641300439834595,0.07701809704303741,-0.25401073694229126,0,-0.06679590046405792,0.9965800046920776,0.04863874986767769,0,0.2568883001804352,-0.029927225783467293,0.9659780263900757,0,0.009859999641776085,0.06350599974393845,0,1,0.6179672479629517,-0.7513910531997681,-0.23136229813098907,0,0.7447680830955505,0.4652020335197449,0.4784429371356964,0,-0.2518673837184906,-0.46797317266464233,0.8470913767814636,0,0,0.0777449980378151,0,1,0.5220369696617126,-0.8303821086883545,-0.19478826224803925,0,0.8117641806602478,0.41362786293029785,0.412251353263855,0,-0.2617562413215637,-0.37333250045776367,0.8900033235549927,0,-0.001630999962799251,0.08561699837446213,0,1,0.6340337991714478,-0.7514882683753967,-0.18239375948905945,0,0.7361283898353577,0.5142711997032166,0.4400452673435211,0,-0.23688891530036926,-0.41326868534088135,0.8792568445205688,0,0.0006419999990612268,0.06886699795722961,0,1,-0.6540964245796204,-0.005680994130671024,0.7563890814781189,0,0.6371808052062988,-0.5430161952972412,0.546931266784668,0,0.40762463212013245,0.8397027850151062,0.35880497097969055,0,0.1531279981136322,-0.07525999844074249,0.00989999994635582,1,0.9583916664123535,-0.11293499916791916,-0.26216500997543335,0,-0.14081865549087524,0.6118317246437073,-0.7783520221710205,0,0.2483041137456894,0.7828840017318726,0.5704712271690369,0,0,0.43355700373649597,0,1,0.9991744160652161,-0.0406053364276886,-0.001021889504045248,0,0.02901708520948887,0.6959660649299622,0.7174882888793945,0,-0.02842267043888569,-0.716926097869873,0.6965702772140503,0,0,0.3312470018863678,0,1,0.9822800755500793,-0.011336268857121468,0.18707774579524994,0,-0.12564124166965485,0.7008389830589294,0.7021668553352356,0,-0.13907131552696228,-0.7132291197776794,0.686995804309845,0,0,0.20004400610923767,0,1,-0.7364735007286072,0.3839612901210785,-0.556937575340271,0,-0.5729708075523376,-0.7917231321334839,0.2118491232395172,0,-0.35959845781326294,0.47513020038604736,0.8030815124511719,0,-0.1531279981136322,-0.07525999844074249,0.009096999652683735,1,0.9892714619636536,-0.09987282007932663,0.10661420971155167,0,0.14608484506607056,0.6730955243110657,-0.7249842286109924,0,0.0006446822080761194,0.7327808141708374,0.680463969707489,0,0,0.4337970018386841,0,1,0.9035986065864563,0.4253823161125183,0.05059049651026726,0,-0.23740851879119873,0.3989683985710144,0.885698139667511,0,0.35657647252082825,-0.8123266100883484,0.46149688959121704,0,0,0.3317689895629883,0,1,0.9729031324386597,-0.0034201659727841616,-0.23118749260902405,0,0.1615661382675171,0.7253183126449585,0.6691862344741821,0,0.16539578139781952,-0.6884053945541382,0.7062169909477234,0,0,0.19863300025463104,0,1
K0.101,-0.1739891618490219,-0.00285616354085505,-0.24437600374221802,0,0.03630426153540611,0.2963492274284363,-0.02931126579642296,0,0.24168114364147186,-0.04657244309782982,-0.17152617871761322,0,-0.0028318525291979313,0.25272947549819946,0.004443288780748844,1,0.9964631199836731,-0.051193855702877045,-0.06664399057626724,0,0.055514395236968994,0.9963610172271729,0.06467927992343903,0,0.06309022009372711,-0.06815014034509659,0.9956778287887573,0,0,0.13538900017738342,-0.008721999824047089,1,0.9988729357719421,0.0426180362701416,-0.02090478129684925,0,-0.041999779641628265,0.9986920952796936,0.029172739014029503,0,0.022120719775557518,-0.028261857107281685,0.9993562698364258,0,0,0.15828099846839905,0,1,0.999576985836029,0.01994246058166027,-0.021185440942645073,0,-0.0197085402905941,0.9997429251670837,0.01119303423911333,0,0.02140321023762226,-0.010770764201879501,0.9997130036354065,0,0,0.18089300394058228,0,1,0.9850757122039795,-0.021189924329519272,-0.1708102822303772,0,0.025967160239815712,0.9993306398391724,0.025782285258173943,0,0.17014968395233154,-0.029832975938916206,0.984967052936554,0,0,0.2035049945116043,0,1,0.9115166664123535,-0.11559950560331345,-0.39468133449554443,0,0.0835106372833252,0.9917157292366028,-0.09759901463985443,0,0.4026941657066345,0.05600304901599884,0.9136193990707397,0,0,0.1708970069885254,0.012180999852716923,1,0.15191300213336945,-0.04706564173102379,-0.9872729778289795,0,0.9253382682800293,-0.3442850112915039,0.15879589319229126,0,-0.34737709164619446,-0.9376845955848694,-0.008749710395932198,0,0.06443499773740768,0.16917000710964203,-0.0021009999327361584,1,0.9580613970756531,0.2755627930164337,-0.07863428443670273,0,-0.21631115674972534,0.8754122853279114,0.43227583169937134,0,0.18795661628246307,-0.39713743329048157,0.8983063101768494,0,0,0.1478630006313324,0,1,-0.07213875651359558,0.8118434548377991,0.5794016718864441,0,-0.9887908101081848,0.017924917861819267,-0.14822593331336975,0,-0.1307220757007599,-0.5836001038551331,0.8014505505561829,0,0,0.3846980035305023,0,1,0.5245019197463989,0.06402094662189484,-0.8489994406700134,0,-0.02257877215743065,0.99786376953125,0.06129753962159157,0,0.8511098027229309,-0.012981314212083817,0.5248268246650696,0,0,0.29548799991607666,0,1,0.5601881742477417,0.8265288472175598,0.055128924548625946,0,-0.8266381025314331,0.5620757937431335,-0.027190107852220535,0,-0.05346006900072098,-0.030340107157826424,0.998108983039856,0,-0.04470000043511391,0.022832000628113747,0,1,0.9036028981208801,-0.3266602158546448,-0.27711930871009827,0,0.38155677914619446,0.907814085483551,0.17403706908226013,0,0.19472166895866394,-0.2629969120025635,0.944942057132721,0,0.0032629999332129955,0.040022000670433044,0,1,0.5232311487197876,0.5052618384361267,-0.6862505674362183,0,-0.1014179065823555,0.8364740610122681,0.5385400652885437,0,0.8461342453956604,-0.21218276023864746,0.4889116883277893,0,-0.0047160000540316105,0.06285200268030167,0,1,0.20701444149017334,0.9378246665000916,0.2786213755607605,0,-0.9149068593978882,0.08469906449317932,0.3946792185306549,0,0.3465407192707062,-0.3366166949272156,0.875555694103241,0,0,0.08759299665689468,0,1,0.5865414142608643,0.7926231026649475,0.16648562252521515,0,-0.7743816375732422,0.48860687017440796,0.40199142694473267,0,0.23728172481060028,-0.3647080659866333,0.9003810882568359,0,0.00533499987795949,0.08115100115537643,0,1,0.4675787389278412,0.8497052788734436,0.24366097152233124,0,-0.826549232006073,0.322563499212265,0.46126773953437805,0,0.31334570050239563,-0.4170769453048706,0.8531475067138672,0,-0.003978000022470951,0.06615400314331055,0,1,-0.35173001885414124,0.13299982249736786,0.9266054630279541,0,-0.8951539993286133,-0.3373454511165619,-0.2913707494735718,0,0.27383387088775635,-0.9319382905960083,0.2377098947763443,0,-0.06443499773740768,0.16918499767780304,-0.0023219999857246876,1,0.9909571409225464,-0.02587808109819889,0.1316603720188141,0,-0.04578087851405144,0.8571383953094482,0.5130471587181091,0,-0.12612782418727875,-0.5144352912902832,0.8482027649879456,0,0,0.1478630006313324,0,1,0.2830125093460083,-0.9472366571426392,-0.15048877894878387,0,0.9539046883583069,0.29432275891304016,-0.058651212602853775,0,0.09984882920980453,-0.1269529014825821,0.986870288848877,0,0,0.3846839964389801,0,1,0.47573766112327576,-0.3909173607826233,0.7879447340965271,0,0.48534920811653137,0.8637580871582031,0.13549062609672546,0,-0.7335596084594727,0.31797048449516296,0.6006540060043335,0,0,0.29550600051879883,0,1,0.6952359676361084,-0.6982408761978149,-0.1706055998802185,0,0.6694690585136414,0.542634904384613,0.5073050260543823,0,-0.261644572019577,-0.4669118821620941,0.8447099924087524,0,0.045409999787807465,0.022926000878214836,0,1,0.9116620421409607,0.3338959515094757,0.23955582082271576,0,-0.2862890064716339,0.9342471361160278,-0.21265390515327454,0,-0.29480814933776855,0.12528613209724426,0.9473069906234741,0,-0.0014270000392571092,0.0406700000166893,0,1,0.9641300439834595,0.07701803743839264,-0.25401076674461365,0,-0.0667959600687027,0.9965800046920776,0.04863828048110008,0,0.2568882703781128,-0.029926760122179985,0.9659780263900757,0,0.009859999641776085,0.06350599974393845,0,1,0.6188095211982727,-0.7508573532104492,-0.23084238171577454,0,0.7443558573722839,0.4665731191635132,0.47774872183799744,0,-0.2510162889957428,-0.46746429800987244,0.8476248979568481,0,0,0.0777449980378151,0,1,0.5248275399208069,-0.8289497494697571,-0.19338837265968323,0,0.8104502558708191,0.4171697497367859,0.41126498579978943,0,-0.2602423131465912,-0.37257498502731323,0.8907650113105774,0,-0.001630999962799251,0.08561699837446213,0,1,0.6341845393180847,-0.7513824701309204,-0.18230502307415009,0,0.7360367774963379,0.5144913196563721,0.43994057178497314,0,-0.23676930367946625,-0.41318678855895996,0.8793277144432068,0,0.0006419999990612268,0.06886699795722961,0,1,-0.6530494093894958,-0.007679140195250511,0.7572762370109558,0,0.6376046538352966,-0.5451383590698242,0.5443206429481506,0,0.4086402356624603,0.8383107781410217,0.36089837551116943,0,0.1531279981136322,-0.07525999844074249,0.00989999994635582,1,0.9586464166641235,-0.11208358407020569,-0.26160141825675964,0,-0.14058995246887207,0.6127012968063354,-0.7777091860771179,0,0.24745172262191772,0.7823258638381958,0.5716055035591125,0,0,0.43355700373649597,0,1,0.9991536736488342,-0.041116852313280106,-0.0009866865584626794,0,0.029335035011172295,0.6956262588500977,0.7178042531013489,0,-0.028827495872974396,-0.7172260284423828,0.696243941783905,0,0,0.3312470018863678,0,1,0.982279896736145,-0.01133728213608265,0.18707847595214844,0,-0.12564128637313843,0.7008388638496399,0.7021679878234863,0,-0.1390724778175354,-0.7132299542427063,0.6869952082633972,0,0,0.20004400610923767,0,1,-0.7363313436508179,0.38425832986831665,-0.5569210052490234,0,-0.5727121233940125,-0.7922467589378357,0.2105836123228073,0,-0.36030077934265137,0.4740152657032013,0.8034263253211975,0,-0.1531279981136322,-0.07525999844074249,0.009096999652683735,1,0.9892901182174683,-0.09897185862064362,0.10728641599416733,0,0.1459617018699646,0.6757773160934448,-0.7225101590156555,0,-0.000993554014712572,0.730431318283081,0.6829853653907776,0,0,0.4337970018386841,0,1,0.9041680097579956,0.4242299497127533,0.05009656772017479,0,-0.23734861612319946,0.4014023244380951,0.8846138119697571,0,0.355170875787735,-0.8117300271987915,0.4636256694793701,0,0,0.3317689895629883,0,1,0.9730537533760071,-0.0035024795215576887,-0.23055334389209747,0,0.16120120882987976,0.7252625226974487,0.6693341732025146,0,0.1648673266172409,-0.6884634494781494,0.7062838673591614,0,0,0.19863300025463104,0,1
