1.367,30,40,41
B0,mixamorig_Hips,-1,0.5836908221244812,-0.008791089989244938,0.8119281530380249,0,-0.12426580488681793,0.9871950745582581,0.1000228077173233,0,-0.8024108409881592,-0.1592772901058197,0.5751242637634277,0,0.009065000340342522,0.8411719799041748,-0.015483999624848366,1
B1,mixamorig_Spine,0,0.9965110421180725,-0.051415856927633286,-0.06574679166078568,0,0.05548815801739693,0.9965519309043884,0.061691030859947205,0,0.06234819069504738,-0.06512396037578583,0.9959279894828796,0,0,0.13538900017738342,-0.008721999824047089,1
B2,mixamorig_Spine1,1,0.9988689422607422,0.042558275163173676,-0.02118070237338543,0,-0.042090706527233124,0.9988700151443481,0.022052211686968803,0,0.02209528163075447,-0.021135767921805382,0.9995319843292236,0,0,0.15828099846839905,0,1
B3,mixamorig_Spine2,2,0.999576985836029,0.01990099437534809,-0.02119816094636917,0,-0.019819004461169243,0.9997950196266174,0.00407092459499836,0,0.02127484232187271,-0.0036490780767053366,0.999767005443573,0,0,0.18089300394058228,0,1
B4,mixamorig_Neck,3,0.985069990158081,-0.021946195513010025,-0.17075201869010925,0,0.027000775560736656,0.9992619156837463,0.027335867285728455,0,0.1700260043144226,-0.031538162380456924,0.9849350452423096,0,0,0.2035049945116043,0,1
B5,mixamorig_Head,4,0.9123830199241638,-0.11264335364103317,-0.3935328423976898,0,0.07962474226951599,0.9918660521507263,-0.09930267184972763,0,0.4015180766582489,0.059267185628414154,0.9139319062232971,0,0,0.1708970069885254,0.012180999852716923,1
B6,mixamorig_HeadTop_End,5,1,0,0,0,0,1,0,0,0,0,1,0,0,0.5830889940261841,0.04156000167131424,1
B7,mixamorig_LeftShoulder,3,0.14962773025035858,-0.04659508541226387,-0.9876440167427063,0,0.9292349219322205,-0.3346770405769348,0.15656818449497223,0,-0.33783695101737976,-0.9411799907684326,-0.006779196206480265,0,0.06443499773740768,0.16917000710964203,-0.0021009999327361584,1
B8,mixamorig_LeftArm,7,0.9575820565223694,0.2769716680049896,-0.0795162096619606,0,-0.21501734852790833,0.8704908490180969,0.44273412227630615,0,0.1918429285287857,-0.406856894493103,0.8931200504302979,0,0,0.1478630006313324,0,1
B9,mixamorig_LeftForeArm,8,-0.07022499293088913,0.8090779781341553,0.5834910869598389,0,-0.9887270331382751,0.02108784019947052,-0.14823713898658752,0,-0.1322399526834488,-0.5873230695724487,0.798475980758667,0,0,0.3846980035305023,0,1
B10,mixamorig_LeftHand,9,0.5238560438156128,0.052352044731378555,-0.850196897983551,0,-0.0077959029003977776,0.9983620047569275,0.056672003120183945,0,0.8517710566520691,-0.023059915751218796,0.5234060287475586,0,0,0.29548799991607666,0,1
B11,mixamorig_LeftHandThumb1,10,0.5601881742477417,0.8265288472175598,0.05512889847159386,0,-0.8266381025314331,0.5620757937431335,-0.027190061286091805,0,-0.0534600168466568,-0.03034011274576187,0.998108983039856,0,-0.04470000043511391,0.022832000628113747,0,1
B12,mixamorig_LeftHandThumb2,11,0.9036030173301697,-0.32666051387786865,-0.27711865305900574,0,0.38155660033226013,0.9078141450881958,0.1740362048149109,0,0.19472144544124603,-0.26299604773521423,0.9449429512023926,0,0.0032629999332129955,0.040022000670433044,0,1
B13,mixamorig_LeftHandThumb3,12,0.5232842564582825,0.5061907768249512,-0.6855249404907227,0,-0.10186933726072311,0.8358469009399414,0.5394279956817627,0,0.8460471034049988,-0.2124401181936264,0.4889506697654724,0,-0.0047160000540316105,0.06285200268030167,0,1
B14,mixamorig_LeftHandThumb4,13,1,0,0,0,0,1,0,0,0,0,1,0,0.0014530000044032931,0.05391699820756912,0,1
B15,mixamorig_LeftHandIndex1,10,0.21043707430362701,0.937720000743866,0.2764017581939697,0,-0.9144769310951233,0.08886178582906723,0.3947600722312927,0,0.3456128239631653,-0.33583515882492065,0.8762230277061462,0,0,0.08759299665689468,0,1
B16,mixamorig_LeftHandIndex2,15,0.5834459662437439,0.7945910096168518,0.16797596216201782,0,-0.7762028574943542,0.4847089350223541,0.40319520235061646,0,0.2389557659626007,-0.36562594771385193,0.8995650410652161,0,0.00533499987795949,0.08115100115537643,0,1
B17,mixamorig_LeftHandIndex3,16,0.46597692370414734,0.850287139415741,0.24469998478889465,0,-0.8271241188049316,0.3203991949558258,0.4617466926574707,0,0.3142153024673462,-0.4175601899623871,0.852590799331665,0,-0.003978000022470951,0.06615400314331055,0,1
B18,mixamorig_LeftHandIndex4,17,1,0,0,0,0,1,0,0,0,0,1,0,-0.0013569999719038606,0.05521000176668167,0,1
B19,mixamorig_RightShoulder,3,-0.3527541756629944,0.1296498030424118,0.9266910552978516,0,-0.8968572020530701,-0.3292829096317291,-0.29532888531684875,0,0.2668541371822357,-0.9352879524230957,0.23243319988250732,0,-0.06443499773740768,0.16918499767780304,-0.0023219999857246876,1
B20,mixamorig_RightArm,19,0.9895110130310059,-0.02935325726866722,0.14144089818000793,0,-0.0476972796022892,0.8578320145606995,0.5117130279541016,0,-0.13635295629501343,-0.5130919218063354,0.8474339842796326,0,0,0.1478630006313324,0,1
B21,mixamorig_RightForeArm,20,0.2664448022842407,-0.9501190781593323,-0.16211403906345367,0,0.9585888981819153,0.2787642776966095,-0.058281224220991135,0,0.10056572407484055,-0.13987202942371368,0.9850490689277649,0,0,0.3846839964389801,0,1
B22,mixamorig_RightHand,21,0.4791269898414612,-0.38660991191864014,0.7880159616470337,0,0.4675309956073761,0.8722249865531921,0.1436571180820465,0,-0.7428669333457947,0.2995920479297638,0.5986589789390564,0,0,0.29550600051879883,0,1
B23,mixamorig_RightHandThumb1,22,0.695236086845398,-0.6982408761978149,-0.1706053912639618,0,0.6694690585136414,0.5426352620124817,0.5073046684265137,0,-0.26164454221725464,-0.4669119417667389,0.8447108864784241,0,0.045409999787807465,0.022926000878214836,0,1
B24,mixamorig_RightHandThumb2,23,0.9116620421409607,0.33389508724212646,0.2395557016134262,0,-0.28628796339035034,0.9342471361160278,-0.2126546949148178,0,-0.2948083281517029,0.12528717517852783,0.9473068714141846,0,-0.0014270000392571092,0.0406700000166893,0,1
B25,mixamorig_RightHandThumb3,24,0.9641300439834595,0.0770181193947792,-0.25401070713996887,0,-0.06679592281579971,0.9965800046920776,0.04863873869180679,0,0.2568882703781128,-0.029927212744951248,0.9659780263900757,0,0.009859999641776085,0.06350599974393845,0,1
B26,mixamorig_RightHandThumb4,25,1,0,0,0,0,1,0,0,0,0,1,0,-0.008431999944150448,0.0511230006814003,0,1
B27,mixamorig_RightHandIndex1,22,0.6167794466018677,-0.7521297335624695,-0.23213079571723938,0,0.7453673481941223,0.4632858335971832,0.47936853766441345,0,-0.2530043423175812,-0.4686872065067291,0.8463578224182129,0,0,0.0777449980378151,0,1
B28,mixamorig_RightHandIndex2,27,0.5257640480995178,-0.8284651041030884,-0.19291970133781433,0,0.8100060820579529,0.41835781931877136,0.4109339118003845,0,-0.2597348392009735,-0.3723202645778656,0.8910189270973206,0,-0.001630999962799251,0.08561699837446213,0,1
B29,mixamorig_RightHandIndex3,28,0.6341942548751831,-0.7513748407363892,-0.18229883909225464,0,0.736031174659729,0.5145067572593689,0.4399331510066986,0,-0.23676086962223053,-0.41318097710609436,0.8793331384658813,0,0.0006419999990612268,0.06886699795722961,0,1
B30,mixamorig_RightHandIndex4,29,1,0,0,0,0,1,0,0,0,0,1,0,0.0009889999637380242,0.05904199928045273,0,1
B31,mixamorig_LeftUpLeg,0,-0.6553949117660522,-0.003614332526922226,0.7552769780158997,0,0.636921763420105,-0.54010409116745,0.5501070618629456,0,0.40594008564949036,0.8415900468826294,0.3562837243080139,0,0.1531279981136322,-0.07525999844074249,0.00989999994635582,1
B32,mixamorig_LeftLeg,31,0.9584790468215942,-0.11266910284757614,-0.2619629204273224,0,-0.1412590742111206,0.6104180812835693,-0.7793818712234497,0,0.247718945145607,0.7840251326560974,0.5691569447517395,0,0,0.43355700373649597,0,1
B33,mixamorig_LeftFoot,32,0.9991539716720581,-0.04109383374452591,-0.0012994295684620738,0,0.029559802263975143,0.6960309147834778,0.7174030542373657,0,-0.028576413169503212,-0.7168349027633667,0.696657121181488,0,0,0.3312470018863678,0,1
B34,mixamorig_LeftToeBase,33,0.9822800159454346,-0.011337077245116234,0.18707798421382904,0,-0.1256410926580429,0.7008388042449951,0.7021680474281311,0,-0.1390719711780548,-0.7132298350334167,0.6869951486587524,0,0,0.20004400610923767,0,1
B35,mixamorig_LeftToe_End,34,1,0,0,0,0,1,0,0,0,0,1,0,0,0.08402600139379501,0,1
B36,mixamorig_RightUpLeg,0,-0.7365758419036865,0.3831072151660919,-0.5573910474777222,0,-0.573749840259552,-0.7903081774711609,0.21499715745449066,0,-0.3581439256668091,0.47816503047943115,0.8019300699234009,0,-0.1531279981136322,-0.07525999844074249,0.009096999652683735,1
B37,mixamorig_RightLeg,36,0.98927903175354,-0.10024762153625488,0.10619992762804031,0,0.14602631330490112,0.6686778664588928,-0.7290720343589783,0,0.002074199728667736,0.7367629408836365,0.6761471033096313,0,0,0.4337970018386841,0,1
B38,mixamorig_RightFoot,37,0.9032708406448364,0.42600545287132263,0.05120184272527695,0,-0.23683086037635803,0.39550086855888367,0.887407124042511,0,0.3577894866466522,-0.813694179058075,0.45813509821891785,0,0,0.3317689895629883,0,1
B39,mixamorig_RightToeBase,38,0.9726868867874146,-0.0033188224770128727,-0.2320972979068756,0,0.16213193535804749,0.7252709269523621,0.6691011190414429,0,0.16611269116401672,-0.6884559392929077,0.7059991955757141,0,0,0.19863300025463104,0,1
B40,mixamorig_RightToe_End,39,1,0,0,0,0,1,0,0,0,0,1,0,0,0.08659999817609787,0,1
@34,0,1,2,3,4,5,7,8,9,10,11,12,13,15,16,17,19,20,21,22,23,24,25,27,28,29,31,32,33,34,36,37,38,39
K0,-0.17483572661876678,-0.0026372773572802544,-0.24377340078353882,0,0.03731318935751915,0.2961585223674774,-0.029965249821543694,0,0.24091534316539764,-0.047783199697732925,-0.17226894199848175,0,-0.0027246742974966764,0.2523516118526459,0.004642166662961245,1,0.9965109825134277,-0.051415812224149704,-0.06574782729148865,0,0.05548818036913872,0.9965519309043884,0.0616910345852375,0,0.06234917417168617,-0.06512396037578583,0.9959269762039185,0,0,0.13538900017738342,-0.008721999824047089,1,0.9988699555397034,0.042534712702035904,-0.021219979971647263,0,-0.04206627979874611,0.9988710284233093,0.022052278742194176,0,0.022134019061923027,-0.021134721115231514,0.9995319247245789,0,0,0.15828099846839905,0,1,0.9995750784873962,0.019817808642983437,-0.021365830674767494,0,-0.019735189154744148,0.9997969269752502,0.004071194678544998,0,0.021442171186208725,-0.003647805191576481,0.999763011932373,0,0,0.18089300394058228,0,1,0.9850689768791199,-0.02194618433713913,-0.17075294256210327,0,0.02700081095099449,0.9992619156837463,0.02733583375811577,0,0.17002707719802856,-0.031538162380456924,0.98493492603302,0,0,0.2035049945116043,0,1,0.9123830199241638,-0.11264322698116302,-0.3935328722000122,0,0.07962477952241898,0.9918659925460815,-0.09930222481489182,0,0.4015180468559265,0.059266772121191025,0.9139319658279419,0,0,0.1708970069885254,0.012180999852716923,1,0.14969821274280548,-0.046618666499853134,-0.9876319169998169,0,0.9295763969421387,-0.33369016647338867,0.15664958953857422,0,-0.33686569333076477,-0.9415290951728821,-0.006617216859012842,0,0.06443499773740768,0.16917000710964203,-0.0021009999327361584,1,0.9576619863510132,0.27680885791778564,-0.07912726700305939,0,-0.21583713591098785,0.8721989989280701,0.4389559328556061,0,0.1905217468738556,-0.40329310297966003,0.8950180411338806,0,0,0.1478630006313324,0,1,-0.07008326053619385,0.8060961961746216,0.5876198410987854,0,-0.9880590438842773,0.024934181943535805,-0.1520468294620514,0,-0.1372162103652954,-0.5912588834762573,0.7947229743003845,0,0,0.3846980035305023,0,1,0.5240182280540466,0.052338045090436935,-0.8500968813896179,0,-0.007782957050949335,0.9983630776405334,0.05666878819465637,0,0.8516711592674255,-0.02307921089231968,0.5235677361488342,0,0,0.29548799991607666,0,1,0.5599911212921143,0.8266779780387878,0.0548979677259922,0,-0.8267650604248047,0.5618758201599121,-0.02749226614832878,0,-0.053573038429021835,-0.02999226562678814,0.9981129169464111,0,-0.04470000043511391,0.022832000628113747,0,1,0.9036489129066467,-0.3255521357059479,-0.27826908230781555,0,0.38063880801200867,0.9083150625228882,0.1734289824962616,0,0.19629591703414917,-0.26263898611068726,0.9447159767150879,0,0.0032629999332129955,0.040022000670433044,0,1,0.521298885345459,0.5068618655204773,-0.6865411400794983,0,-0.10607712715864182,0.8367500305175781,0.5372129082679749,0,0.846755862236023,-0.207222118973732,0.48996320366859436,0,-0.0047160000540316105,0.06285200268030167,0,1,0.21059153974056244,0.9374037384986877,0.27735504508018494,0,-0.9147081971168518,0.08885081112384796,0.3942265808582306,0,0.3449060916900635,-0.3367195129394531,0.8761616945266724,0,0,0.08759299665689468,0,1,0.5834456086158752,0.7945913076400757,0.16797518730163574,0,-0.7762026190757751,0.48470839858055115,0.4031961262226105,0,0.23895719647407532,-0.36562585830688477,0.8995649814605713,0,0.00533499987795949,0.08115100115537643,0,1,0.4658939838409424,0.8503701090812683,0.24456770718097687,0,-0.8271640539169312,0.32040223479270935,0.4616727828979492,0,0.3142326772212982,-0.4173882007598877,0.8526690006256104,0,-0.003978000022470951,0.06615400314331055,0,1,-0.35268476605415344,0.1296766996383667,0.9267131090164185,0,-0.8971630930900574,-0.32829588651657104,-0.29549965262413025,0,0.2659166753292084,-0.9356310367584229,0.23212610185146332,0,-0.06443499773740768,0.16918499767780304,-0.0023219999857246876,1,0.9895340204238892,-0.029294921085238457,0.14129312336444855,0,-0.04709992557764053,0.8599729537963867,0.5081621408462524,0,-0.13639488816261292,-0.5094988942146301,0.8495931029319763,0,0,0.1478630006313324,0,1,0.2664870321750641,-0.9492809772491455,-0.16688616573810577,0,0.958061933517456,0.27981701493263245,-0.06180182471871376,0,0.1053648293018341,-0.1434178352355957,0.9840370416641235,0,0,0.3846839964389801,0,1,0.48132139444351196,-0.38685697317123413,0.7865568399429321,0,0.4674769937992096,0.8723629117012024,0.14299409091472626,0,-0.7414812445640564,0.29887109994888306,0.6007336378097534,0,0,0.29550600051879883,0,1,0.6942191123962402,-0.6997880339622498,-0.1683935523033142,0,0.6696240901947021,0.5421420931816101,0.5076278448104858,0,-0.2639385759830475,-0.4651651680469513,0.8449599742889404,0,0.045409999787807465,0.022926000878214836,0,1,0.911581814289093,0.33458027243614197,0.23890429735183716,0,-0.28710073232650757,0.9340140223503113,-0.21258239448070526,0,-0.2942657172679901,0.12519660592079163,0.9474881291389465,0,-0.0014270000392571092,0.0406700000166893,0,1,0.9642959833145142,0.0778883844614029,-0.2531149685382843,0,-0.06720360368490219,0.9964550137519836,0.05060196667909622,0,0.2561590075492859,-0.031785037368535995,0.9661120772361755,0,0.009859999641776085,0.06350599974393845,0,1,0.6169933080673218,-0.7518728375434875,-0.23239398002624512,0,0.7452002167701721,0.46326494216918945,0.479647696018219,0,-0.2529739737510681,-0.46911928057670593,0.8461268544197083,0,0,0.0777449980378151,0,1,0.525762677192688,-0.8284651041030884,-0.19291940331459045,0,0.8100069165229797,0.41835710406303406,0.4109341502189636,0,-0.2597353756427765,-0.37231990694999695,0.8910189270973206,0,-0.001630999962799251,0.08561699837446213,0,1,0.6341789364814758,-0.7513821125030518,-0.1823217272758484,0,0.7360578775405884,0.5145070552825928,0.439887136220932,0,-0.23671774566173553,-0.41316691040992737,0.8793511986732483,0,0.0006419999990612268,0.06886699795722961,0,1,-0.6553957462310791,-0.0036145818885415792,0.7552772164344788,0,0.6369215250015259,-0.5401043891906738,0.5501071810722351,0,0.4059399664402008,0.8415899872779846,0.35628417134284973,0,0.1531279981136322,-0.07525999844074249,0.00989999994635582,1,0.9584789276123047,-0.11266842484474182,-0.2619631588459015,0,-0.14125943183898926,0.6104188561439514,-0.7793810963630676,0,0.24771888554096222,0.7840250134468079,0.5691580772399902,0,0,0.43355700373649597,0,1,0.9991539716720581,-0.04109422117471695,-0.0012989691458642483,0,0.029559778049588203,0.6960318684577942,0.7174020409584045,0,-0.028576968237757683,-0.7168338298797607,0.6966581344604492,0,0,0.3312470018863678,0,1,0.9822779893875122,-0.011289949528872967,0.18708784878253937,0,-0.12568694353103638,0.7008060216903687,0.702191948890686,0,-0.13904014229774475,-0.7132629156112671,0.6869680285453796,0,0,0.20004400610923767,0,1,-0.7365748882293701,0.38310685753822327,-0.5573921799659729,0,-0.5737500786781311,-0.7903079986572266,0.21499678492546082,0,-0.3581448793411255,0.4781652092933655,0.8019289374351501,0,-0.1531279981136322,-0.07525999844074249,0.009096999652683735,1,0.9892789721488953,-0.10024707019329071,0.10619977861642838,0,0.14602594077587128,0.6686789393424988,-0.729072093963623,0,0.0020737808663398027,0.7367629408836365,0.6761480569839478,0,0,0.4337970018386841,0,1,0.9032710194587708,0.42600512504577637,0.0512019619345665,0,-0.23683087527751923,0.39550119638442993,0.8874059915542603,0,0.35778898000717163,-0.8136941194534302,0.45813584327697754,0,0,0.3317689895629883,0,1,0.9726868867874146,-0.003319102805107832,-0.23209728300571442,0,0.1621318757534027,0.7252708673477173,0.6691000461578369,0,0.1661127358675003,-0.6884558796882629,0.7060002088546753,0,0,0.19863300025463104,0,1
K0.034,-0.1807478368282318,-0.0038319178856909275,-0.23940661549568176,0,0.03629392758011818,0.2960571348667145,-0.03213994577527046,0,0.23667071759700775,-0.048327457159757614,-0.1779087781906128,0,-0.003603663993999362,0.25084683299064636,0.0018378410022705793,1,0.9983567595481873,-0.032843682914972305,-0.046954214572906494,0,0.035977963358163834,0.9970677495002747,0.06754381209611893,0,0.04459814727306366,-0.06912214308977127,0.9966110587120056,0,0,0.13538900017738342,-0.008721999824047089,1,0.9993041157722473,0.033841073513031006,-0.01568671688437462,0,-0.03361673280596733,0.9993320107460022,0.014351493678987026,0,0.016161905601620674,-0.0138141680508852,0.9997740983963013,0,0,0.15828099846839905,0,1,0.9997598528862,0.015376752242445946,-0.015585540793836117,0,-0.015382150188088417,0.9998812079429626,-0.0002265647053718567,0,0.015580219216644764,0.0004662498540710658,0.9998785257339478,0,0,0.18089300394058228,0,1,0.9872754812240601,-0.022487793117761612,-0.15742357075214386,0,0.027382953092455864,0.9992040395736694,0.028995802626013756,0,0.15664613246917725,-0.03293755277991295,0.9871049523353577,0,0,0.2035049945116043,0,1,0.8945062160491943,-0.1271665245294571,-0.4285869896411896,0,0.0880042016506195,0.9900193214416504,-0.11007567495107651,0,0.43830737471580505,0.060745932161808014,0.8967697620391846,0,0,0.1708970069885254,0.012180999852716923,1,0.12703290581703186,-0.03799434006214142,-0.9911707043647766,0,0.92558753490448,-0.35468849539756775,0.1322236955165863,0,-0.3565804660320282,-0.934211790561676,-0.009890040382742882,0,0.06443499773740768,0.16917000710964203,-0.0021009999327361584,1,0.9795284867286682,0.2009241133928299,0.012407634407281876,0,-0.18811249732971191,0.8916395306587219,0.4118160903453827,0,0.07168065011501312,-0.40571969747543335,0.9111828207969666,0,0,0.1478630006313324,0,1,0.025737686082720757,0.776885986328125,0.6291146278381348,0,-0.9925844073295593,0.09465198963880539,-0.0762770026922226,0,-0.11880549043416977,-0.6224861145019531,0.7735610008239746,0,0,0.3846980035305023,0,1,0.5430757403373718,0.09561958909034729,-0.8342215418815613,0,-0.03832019492983818,0.9952817559242249,0.08913419395685196,0,0.8388084769248962,-0.016439087688922882,0.5441775918006897,0,0,0.29548799991607666,0,1,0.5599911212921143,0.8266779780387878,0.05489771440625191,0,-0.8267651796340942,0.5618758797645569,-0.02749277651309967,0,-0.05357331782579422,-0.029991772025823593,0.9981129169464111,0,-0.04470000043511391,0.022832000628113747,0,1,0.9036490321159363,-0.3255520761013031,-0.2782697379589081,0,0.38063886761665344,0.9083149433135986,0.17342935502529144,0,0.1962963491678238,-0.2626396417617798,0.9447160363197327,0,0.0032629999332129955,0.040022000670433044,0,1,0.521298885345459,0.5068618655204773,-0.6865411400794983,0,-0.10607712715864182,0.8367500305175781,0.5372129082679749,0,0.846755862236023,-0.207222118973732,0.48996320366859436,0,-0.0047160000540316105,0.06285200268030167,0,1,0.21059106290340424,0.9374039769172668,0.27735474705696106,0,-0.9147079586982727,0.08885031193494797,0.39422687888145447,0,0.344906747341156,-0.33671921491622925,0.8761619329452515,0,0,0.08759299665689468,0,1,0.5834460854530334,0.7945910692214966,0.1679745763540268,0,-0.7762019634246826,0.4847087860107422,0.4031962454319,0,0.23895755410194397,-0.3656257092952728,0.8995652794837952,0,0.00533499987795949,0.08115100115537643,0,1,0.4658939838409424,0.8503701090812683,0.24456770718097687,0,-0.8271640539169312,0.32040223479270935,0.4616727828979492,0,0.3142326772212982,-0.4173882007598877,0.8526690006256104,0,-0.003978000022470951,0.06615400314331055,0,1,-0.2685203552246094,0.09325774013996124,0.9587488770484924,0,-0.9061490297317505,-0.36210861802101135,-0.2185661494731903,0,0.3267883360385895,-0.9274589419364929,0.18173901736736298,0,-0.06443499773740768,0.16918499767780304,-0.0023219999857246876,1,0.9848597049713135,-0.0049647181294858456,0.17328481376171112,0,-0.0792560875415802,0.8761106729507446,0.4755510687828064,0,-0.1541775017976761,-0.4820845127105713,0.8624518513679504,0,0,0.1478630006313324,0,1,0.14722537994384766,-0.9766349792480469,-0.15655507147312164,0,0.9844448566436768,0.1600281149148941,-0.07252275198698044,0,0.09588141739368439,-0.1434425562620163,0.9850029945373535,0,0,0.3846839964389801,0,1,0.499196320772171,-0.29896971583366394,0.8132776021957397,0,0.41036418080329895,0.9082286953926086,0.08198997378349304,0,-0.7631539702415466,0.2928106486797333,0.5760704278945923,0,0,0.29550600051879883,0,1,0.6942191123962402,-0.6997880339622498,-0.16839353740215302,0,0.6696240901947021,0.5421420931816101,0.5076278448104858,0,-0.2639385759830475,-0.4651651680469513,0.8449599742889404,0,0.045409999787807465,0.022926000878214836,0,1,0.9115808606147766,0.33458101749420166,0.2389041781425476,0,-0.2871019244194031,0.9340140223503113,-0.21258211135864258,0,-0.2942657470703125,0.1251959204673767,0.9474880695343018,0,-0.0014270000392571092,0.0406700000166893,0,1,0.9642959833145142,0.07788825780153275,-0.2531150281429291,0,-0.06720373034477234,0.9964550137519836,0.050600968301296234,0,0.2561589777469635,-0.03178403526544571,0.966111958026886,0,0.009859999641776085,0.06350599974393845,0,1,0.6169919967651367,-0.7518731355667114,-0.2323937565088272,0,0.7452009320259094,0.4632641077041626,0.4796479344367981,0,-0.2529747486114502,-0.4691191017627716,0.8461270332336426,0,0,0.0777449980378151,0,1,0.5257632732391357,-0.8284648060798645,-0.19291925430297852,0,0.8100062608718872,0.4183575212955475,0.4109340310096741,0,-0.25973522663116455,-0.3723199665546417,0.8910189867019653,0,-0.001630999962799251,0.08561699837446213,0,1,0.6341786980628967,-0.7513831853866577,-0.18232224881649017,0,0.73605877161026,0.5145063996315002,0.43988779187202454,0,-0.23671823740005493,-0.41316720843315125,0.8793509006500244,0,0.0006419999990612268,0.06886699795722961,0,1,-0.6700243353843689,0.0008769615087658167,0.742339015007019,0,0.6337908506393433,-0.5199655890464783,0.5726645588874817,0,0.3864927291870117,0.854186475276947,0.347833514213562,0,0.1531279981136322,-0.07525999844074249,0.00989999994635582,1,0.9438378810882568,-0.16015170514583588,-0.28900131583213806,0,-0.14708343148231506,0.579580545425415,-0.8015317320823669,0,0.29586613178253174,0.7990229725837708,0.5234742164611816,0,0,0.43355700373649597,0,1,0.9995107650756836,-0.029214896261692047,0.011128896847367287,0,0.011512105353176594,0.6749114394187927,0.7378085851669312,0,-0.029066041111946106,-0.7373200058937073,0.6749180555343628,0,0,0.3312470018863678,0,1,0.9736196398735046,0.00046089771785773337,0.22817781567573547,0,-0.1588040292263031,0.7194432020187378,0.6761530637741089,0,-0.16384929418563843,-0.6945512294769287,0.7005370259284973,0,0,0.20004400610923767,0,1,-0.7188452482223511,0.39233943819999695,-0.573874831199646,0,-0.5815883278846741,-0.7916283011436462,0.18729691207408905,0,-0.38081127405166626,0.46839600801467896,0.7972376346588135,0,-0.1531279981136322,-0.07525999844074249,0.009096999652683735,1,0.9894455075263977,-0.10081424564123154,0.10408515483140945,0,0.14489467442035675,0.6800918579101562,-0.7186657786369324,0,0.0016642885748296976,0.7261618971824646,0.68752121925354,0,0,0.4337970018386841,0,1,0.8965682983398438,0.4393225610256195,0.056220073252916336,0,-0.2504301369190216,0.3981468379497528,0.8824753165245056,0,0.36530768871307373,-0.8052790760993958,0.4669857323169708,0,0,0.3317689895629883,0,1,0.9726869463920593,-0.0033184599597007036,-0.23209717869758606,0,0.16213157773017883,0.7252707481384277,0.6691011786460876,0,0.16611284017562866,-0.6884559392929077,0.7059991359710693,0,0,0.19863300025463104,0,1
K0.068,-0.1923813372850418,-0.005815573967993259,-0.23012086749076843,0,0.03519582748413086,0.2956349551677704,-0.036894991993904114,0,0.22748759388923645,-0.05065730959177017,-0.18889972567558289,0,-0.004577999468892813,0.2496640533208847,-0.0016905047232285142,1,0.9992824196815491,-0.010589411482214928,-0.03635245934128761,0,0.013053671456873417,0.9975844025611877,0.06823397427797318,0,0.0355420857667923,-0.06865952908992767,0.9970065951347351,0,0,0.13538900017738342,-0.008721999824047089,1,0.9995865225791931,0.026183491572737694,-0.011913836002349854,0,-0.026135006919503212,0.9996499419212341,0.004207345191389322,0,0.01201982144266367,-0.0038942350074648857,0.9999203085899353,0,0,0.15828099846839905,0,1,0.9998575448989868,0.012293003499507904,-0.011588873341679573,0,-0.01237133052200079,0.9999011754989624,-0.006711524445563555,0,0.011505221016705036,0.006853936705738306,0.9999105334281921,0,0,0.18089300394058228,0,1,0.991028368473053,-0.017228154465556145,-0.13253751397132874,0,0.02059798501431942,0.9994974136352539,0.02409651130437851,0,0.13205571472644806,-0.026610324159264565,0.9908847808837891,0,0,0.2035049945116043,0,1,0.8828216195106506,-0.14462077617645264,-0.4468905031681061,0,0.10370510816574097,0.9879542589187622,-0.11485052108764648,0,0.45811718702316284,0.055047690868377686,0.8871853351593018,0,0,0.1708970069885254,0.012180999852716923,1,0.10081975907087326,-0.026889609172940254,-0.9945411086082458,0,0.9230909943580627,-0.37036681175231934,0.10359028726816177,0,-0.37113064527511597,-0.9284961819648743,-0.012518689967691898,0,0.06443499773740768,0.16917000710964203,-0.0021009999327361584,1,0.9846132397651672,0.13427689671516418,0.11182859539985657,0,-0.16845208406448364,0.8995398879051208,0.40305182337760925,0,-0.04647379741072655,-0.41568854451179504,0.9083194136619568,0,0,0.1478630006313324,0,1,0.11080082505941391,0.6892362833023071,0.716014564037323,0,-0.9880395531654358,0.15413527190685272,0.004525047726929188,0,-0.10724424570798874,-0.707951545715332,0.6980704069137573,0,0,0.3846980035305023,0,1,0.5524491667747498,0.13264793157577515,-0.8229245543479919,0,-0.06670926511287689,0.9911259412765503,0.1149769201874733,0,0.8308729529380798,-0.008622201159596443,0.5563952922821045,0,0,0.29548799991607666,0,1,0.5599910616874695,0.8266779780387878,0.05489819869399071,0,-0.8267651796340942,0.5618758797645569,-0.027493033558130264,0,-0.05357380583882332,-0.029992029070854187,0.9981129765510559,0,-0.04470000043511391,0.022832000628113747,0,1,0.9036489129066467,-0.3255520462989807,-0.2782701551914215,0,0.3806389570236206,0.9083149433135986,0.17342926561832428,0,0.1962967813014984,-0.26263973116874695,0.9447160363197327,0,0.0032629999332129955,0.040022000670433044,0,1,0.521298885345459,0.5068618655204773,-0.6865411400794983,0,-0.10607712715864182,0.8367500305175781,0.5372129082679749,0,0.846755862236023,-0.207222118973732,0.48996320366859436,0,-0.0047160000540316105,0.06285200268030167,0,1,0.21059104800224304,0.9374039769172668,0.27735471725463867,0,-0.9147079586982727,0.08885031193494797,0.39422687888145447,0,0.3449067771434784,-0.33671918511390686,0.8761619329452515,0,0,0.08759299665689468,0,1,0.5834461450576782,0.794592022895813,0.16797488927841187,0,-0.7762030363082886,0.4847090244293213,0.4031958281993866,0,0.23895689845085144,-0.3656251132488251,0.8995649814605713,0,0.00533499987795949,0.08115100115537643,0,1,0.4658939838409424,0.8503699898719788,0.24456806480884552,0,-0.8271638751029968,0.3204019069671631,0.46167320013046265,0,0.31423312425613403,-0.41738882660865784,0.8526690602302551,0,-0.003978000022470951,0.06615400314331055,0,1,-0.16760358214378357,0.05595619976520538,0.9842649698257446,0,-0.9043741226196289,-0.40616658329963684,-0.13090859353542328,0,0.3924502432346344,-0.9120843410491943,0.1186801865696907,0,-0.06443499773740768,0.16918499767780304,-0.0023219999857246876,1,0.9875658750534058,-0.013737449422478676,0.1566019207239151,0,-0.05702405050396919,0.8970208168029785,0.4382946789264679,0,-0.1464962512254715,-0.44177502393722534,0.8850839138031006,0,0,0.1478630006313324,0,1,0.06559473276138306,-0.9855772852897644,-0.15599723160266876,0,0.9933579564094543,0.0793079286813736,-0.08336714655160904,0,0.09453658014535904,-0.14949265122413635,0.9842332005500793,0,0,0.3846839964389801,0,1,0.5169245004653931,-0.20321325957775116,0.8315606117248535,0,0.3444020748138428,0.9386974573135376,0.01530363503843546,0,-0.7836940288543701,0.27848049998283386,0.5552229285240173,0,0,0.29550600051879883,0,1,0.6942189335823059,-0.6997880339622498,-0.16839304566383362,0,0.6696239113807678,0.5421420931816101,0.5076280236244202,0,-0.2639390528202057,-0.4651649296283722,0.8449599742889404,0,0.045409999787807465,0.022926000878214836,0,1,0.9115819334983826,0.33458030223846436,0.23890386521816254,0,-0.28710082173347473,0.9340139627456665,-0.2125823050737381,0,-0.2942652106285095,0.12519662082195282,0.947488009929657,0,-0.0014270000392571092,0.0406700000166893,0,1,0.9642959833145142,0.07788825780153275,-0.2531150281429291,0,-0.06720373034477234,0.9964550137519836,0.050600968301296234,0,0.2561589777469635,-0.03178403526544571,0.966111958026886,0,0.009859999641776085,0.06350599974393845,0,1,0.6169933080673218,-0.7518728375434875,-0.23239398002624512,0,0.7452002167701721,0.46326494216918945,0.479647696018219,0,-0.2529739737510681,-0.46911928057670593,0.8461268544197083,0,0,0.0777449980378151,0,1,0.5257627367973328,-0.8284660577774048,-0.19291935861110687,0,0.810006856918335,0.41835686564445496,0.41093334555625916,0,-0.2597353160381317,-0.37231966853141785,0.8910201191902161,0,-0.001630999962799251,0.08561699837446213,0,1,0.6341790556907654,-0.7513831257820129,-0.18232257664203644,0,0.7360579967498779,0.5145061612129211,0.43988683819770813,0,-0.2367175966501236,-0.41316723823547363,0.8793510794639587,0,0.0006419999990612268,0.06886699795722961,0,1,-0.6940611600875854,0.017272697761654854,0.7197086811065674,0,0.6213564276695251,-0.4905220866203308,0.6109861731529236,0,0.3635864853858948,0.8712576031684875,0.32971999049186707,0,0.1531279981136322,-0.07525999844074249,0.00989999994635582,1,0.944293737411499,-0.1676710844039917,-0.28318995237350464,0,-0.15136927366256714,0.542790412902832,-0.8261143565177917,0,0.2922283709049225,0.822961151599884,0.4871734380722046,0,0,0.43355700373649597,0,1,0.9997754096984863,-0.0006325053400360048,0.0211824681609869,0,-0.015488991513848305,0.6603803634643555,0.7507721185684204,0,-0.01446334458887577,-0.7509311437606812,0.6602218747138977,0,0,0.3312470018863678,0,1,0.9570218324661255,-0.006263640243560076,0.289949506521225,0,-0.1939142942428589,0.7296010255813599,0.6558043956756592,0,-0.21565505862236023,-0.6838440895080566,0.6970291137695312,0,0,0.20004400610923767,0,1,-0.7160841226577759,0.42551395297050476,-0.55331951379776,0,-0.5814521908760071,-0.8022039532661438,0.1355811059474945,0,-0.38618311285972595,0.418815940618515,0.8218607306480408,0,-0.1531279981136322,-0.07525999844074249,0.009096999652683735,1,0.9938310384750366,-0.10525451600551605,0.034935493022203445,0,0.09972569346427917,0.7103745937347412,-0.6967228651046753,0,0.048515938222408295,0.6959088444709778,0.7164889574050903,0,0,0.4337970018386841,0,1,0.886968731880188,0.4583990275859833,0.05618028715252876,0,-0.26687583327293396,0.4094635248184204,0.8724206686019897,0,0.3769131302833557,-0.788803219795227,0.48551711440086365,0,0,0.3317689895629883,0,1,0.9726691842079163,-0.003277010517194867,-0.23217208683490753,0,0.16215923428535461,0.7252486944198608,0.6691185235977173,0,0.16618968546390533,-0.688479483127594,0.7059580683708191,0,0,0.19863300025463104,0,1
K0.102,-0.20972806215286255,-0.0041162315756082535,-0.2144695222377777,0,0.03362695127725601,0.2956054210662842,-0.03855697438120842,0,0.2118569165468216,-0.050994809716939926,-0.20619449019432068,0,-0.0056068566627800465,0.2496144026517868,-0.006371370051056147,1,0.9990307092666626,-0.0009727747528813779,-0.04399801418185234,0,0.004085257183760405,0.9974892735481262,0.07070694863796234,0,0.043818771839141846,-0.07081816345453262,0.9965265393257141,0,0,0.13538900017738342,-0.008721999824047089,1,0.9996287822723389,0.02387521043419838,-0.013109550811350346,0,-0.023937517777085304,0.9997027516365051,-0.004616537131369114,0,0.012995443306863308,0.00492863729596138,0.9999038577079773,0,0,0.15828099846839905,0,1,0.9998231530189514,0.013903669081628323,-0.012642336077988148,0,-0.014060324057936668,0.999824047088623,-0.0123880784958601,0,0.012467876076698303,0.012563647702336311,0.9998431205749512,0,0,0.18089300394058228,0,1,0.9953885078430176,-0.01275497768074274,-0.09507487714290619,0,0.014682292006909847,0.9996998310089111,0.019599666818976402,0,0.09479639679193497,-0.020905211567878723,0.9952775239944458,0,0,0.2035049945116043,0,1,0.8916926383972168,-0.1444808542728424,-0.42896366119384766,0,0.11001475900411606,0.9884495139122009,-0.10423421114683151,0,0.43906861543655396,0.04575252905488014,0.8972878456115723,0,0,0.1708970069885254,0.012180999852716923,1,0.06894323974847794,-0.015012749470770359,-0.9975073933601379,0,0.9215935468673706,-0.3818942904472351,0.06944399327039719,0,-0.3819849193096161,-0.9240838885307312,-0.012493331916630268,0,0.06443499773740768,0.16917000710964203,-0.0021009999327361584,1,0.977367103099823,0.09457545727491379,0.18923097848892212,0,-0.16246406733989716,0.9084733724594116,0.38507306575775146,0,-0.1354929357767105,-0.40710127353668213,0.9032777547836304,0,0,0.1478630006313324,0,1,0.164585143327713,0.5879192352294922,0.7919987440109253,0,-0.9763478636741638,0.21123577654361725,0.046089399605989456,0,-0.14020168781280518,-0.7808525562286377,0.6087805032730103,0,0,0.3846980035305023,0,1,0.5499737858772278,0.16005878150463104,-0.819701075553894,0,-0.0876389890909195,0.9871061444282532,0.1339462250471115,0,0.8305708765983582,-0.0018291446613147855,0.5569097399711609,0,0,0.29548799991607666,0,1,0.5599907636642456,0.8266781568527222,0.05489819869399071,0,-0.8267648816108704,0.5618752241134644,-0.02749294601380825,0,-0.05357373133301735,-0.02999209240078926,0.9981129765510559,0,-0.04470000043511391,0.022832000628113747,0,1,0.9036492109298706,-0.32555264234542847,-0.27826985716819763,0,0.38063928484916687,0.9083147644996643,0.17342931032180786,0,0.19629625976085663,-0.26263970136642456,0.9447160363197327,0,0.0032629999332129955,0.040022000670433044,0,1,0.521298885345459,0.5068618655204773,-0.6865411400794983,0,-0.10607712715864182,0.8367500305175781,0.5372129082679749,0,0.8467558026313782,-0.2072221040725708,0.4899631440639496,0,-0.0047160000540316105,0.06285200268030167,0,1,0.2105906903743744,0.9374039769172668,0.27735424041748047,0,-0.9147079586982727,0.08885007351636887,0.39422714710235596,0,0.34490716457366943,-0.33671870827674866,0.8761619925498962,0,0,0.08759299665689468,0,1,0.5834451913833618,0.7945919036865234,0.16797509789466858,0,-0.7762030363082886,0.4847080409526825,0.40319573879241943,0,0.23895710706710815,-0.365625262260437,0.8995649218559265,0,0.00533499987795949,0.08115100115537643,0,1,0.46589410305023193,0.8503699898719788,0.24456781148910522,0,-0.8271641135215759,0.32040202617645264,0.4616740047931671,0,0.3142337501049042,-0.4173889756202698,0.8526691198348999,0,-0.003978000022470951,0.06615400314331055,0,1,-0.06321819126605988,0.02447511814534664,0.9976997971534729,0,-0.8866788744926453,-0.4602014422416687,-0.0448940247297287,0,0.4580439329147339,-0.8874770998954773,0.05079467594623566,0,-0.06443499773740768,0.16918499767780304,-0.0023219999857246876,1,0.9928247928619385,-0.03970521688461304,0.11279670894145966,0,-0.010643011890351772,0.9101833701133728,0.41406944394111633,0,-0.11910631507635117,-0.41229861974716187,0.9032293558120728,0,0,0.1478630006313324,0,1,-0.010289120487868786,-0.9844338297843933,-0.17545251548290253,0,0.9945380091667175,0.008150562644004822,-0.10405442863702774,0,0.10386474430561066,-0.17556485533714294,0.9789731502532959,0,0,0.3846839964389801,0,1,0.5275456309318542,-0.13933932781219482,0.8380215764045715,0,0.28823307156562805,0.9573014378547668,-0.022274309769272804,0,-0.7991350889205933,0.2532961070537567,0.5451820492744446,0,0,0.29550600051879883,0,1,0.6942189335823059,-0.6997880339622498,-0.1683930903673172,0,0.6696239113807678,0.5421420931816101,0.5076280236244202,0,-0.2639389932155609,-0.4651649594306946,0.8449599742889404,0,0.045409999787807465,0.022926000878214836,0,1,0.9115809202194214,0.3345809876918793,0.23890423774719238,0,-0.2871018648147583,0.934014081954956,-0.21258214116096497,0,-0.2942658066749573,0.1251959651708603,0.9474880695343018,0,-0.0014270000392571092,0.0406700000166893,0,1,0.9642959833145142,0.07788825780153275,-0.2531150281429291,0,-0.06720373034477234,0.9964550137519836,0.050600968301296234,0,0.2561589777469635,-0.03178403526544571,0.966111958026886,0,0.009859999641776085,0.06350599974393845,0,1,0.6169933080673218,-0.7518728375434875,-0.23239390552043915,0,0.7452001571655273,0.46326494216918945,0.4796477258205414,0,-0.2529740333557129,-0.46911925077438354,0.8461268544197083,0,0,0.0777449980378151,0,1,0.5257628560066223,-0.8284651041030884,-0.19291982054710388,0,0.8100070357322693,0.4183572232723236,0.41093379259109497,0,-0.2597348690032959,-0.3723200559616089,0.8910191059112549,0,-0.001630999962799251,0.08561699837446213,0,1,0.6341789364814758,-0.7513819932937622,-0.1823222041130066,0,0.7360580563545227,0.5145070552825928,0.43988698720932007,0,-0.23671729862689972,-0.4131671190261841,0.8793509602546692,0,0.0006419999990612268,0.06886699795722961,0,1,-0.728517472743988,0.04408061504364014,0.6836066246032715,0,0.5854265689849854,-0.47814059257507324,0.6547189950942993,0,0.35572072863578796,0.8771762251853943,0.32252806425094604,0,0.1531279981136322,-0.07525999844074249,0.00989999994635582,1,0.9817041754722595,-0.04452778771519661,-0.18513421714305878,0,-0.1431235522031784,0.4687250852584839,-0.8716718554496765,0,0.12559068202972412,0.882220983505249,0.45377644896507263,0,0,0.43355700373649597,0,1,0.998908281326294,0.032423075288534164,0.03361804783344269,0,-0.04627566039562225,0.5895964503288269,0.806370735168457,0,0.006323944311589003,-0.8070467710494995,0.5904536247253418,0,0,0.3312470018863678,0,1,0.956142246723175,-0.006534148007631302,0.292828232049942,0,-0.19575025141239166,0.7294386029243469,0.6554400324821472,0,-0.21788309514522552,-0.6840155124664307,0.6961684226989746,0,0,0.20004400610923767,0,1,-0.7014778852462769,0.46508705615997314,-0.5400218367576599,0,-0.5743646025657654,-0.8175211548805237,0.04200863838195801,0,-0.42194145917892456,0.33963742852211,0.8406022191047668,0,-0.1531279981136322,-0.07525999844074249,0.009096999652683735,1,0.9912720322608948,-0.12445705384016037,-0.04347388446331024,0,0.06824973225593567,0.7666158676147461,-0.6384683847427368,0,0.11278962343931198,0.6299285888671875,0.7684187293052673,0,0,0.4337970018386841,0,1,0.8738011717796326,0.4836004972457886,0.05101738125085831,0,-0.2925519347190857,0.43898048996925354,0.8495348691940308,0,0.38843971490859985,-0.7572495341300964,0.5250597596168518,0,0,0.3317689895629883,0,1,0.9711726903915405,0.00027929325005970895,-0.23837903141975403,0,0.16439825296401978,0.7233567833900452,0.670617401599884,0,0.17262032628059387,-0.6904741525650024,0.7024582028388977,0,0,0.19863300025463104,0,1
