15.733,30,472,41
B0,mixamorig_Hips,-1,-0.9706361293792725,0.07191692292690277,-0.22955067455768585,0,-0.00491593312472105,0.9481340646743774,0.3178316354751587,0,0.24050232768058777,0.30962735414505005,-0.9199397563934326,0,0.004246000200510025,0.3167459964752197,-0.002466999925673008,1
B1,mixamorig_Spine,0,0.9925540089607239,-0.02469809725880623,-0.1192740797996521,0,0.03290387988090515,0.9971879720687866,0.06732585281133652,0,0.1172759160399437,-0.07074915617704391,0.9905760288238525,0,0,0.04302100092172623,0.007772999815642834,1
B2,mixamorig_Spine1,1,0.9989370107650757,-0.01010486576706171,-0.04497203603386879,0,0.006926132831722498,0.9975030422210693,-0.07028508931398392,0,0.045569974929094315,0.06989891827106476,0.9965130090713501,0,0,0.05100400000810623,0,1
B3,mixamorig_Spine2,2,0.9989420175552368,-0.012244796380400658,-0.04431895911693573,0,0.00910420436412096,0.9974780082702637,-0.0703839510679245,0,0.04506905749440193,0.06990604847669601,0.9965349435806274,0,0,0.0582909993827343,0,1
B4,mixamorig_Neck,3,0.9999669790267944,-0.006635097321122885,-0.004633840639144182,0,0.006295892875641584,0.9975460767745972,-0.06973273307085037,0,0.005085153505206108,0.06970126181840897,0.9975549578666687,0,0,0.06557700037956238,0,1
B5,mixamorig_Head,4,0.9987390041351318,0.027518512681126595,-0.04197990149259567,0,-0.014141436666250229,0.9567089676856995,0.29070109128952026,0,0.04816222935914993,-0.2897409498691559,0.955892026424408,0,0,0.047589000314474106,-0.0062409997917711735,1
B6,mixamorig_HeadTop_End,5,1,0,0,0,0,1,0,0,0,0,1,0,0,0.20593500137329102,-0.02700600028038025,1
B7,mixamorig_LeftShoulder,3,-0.011052814312279224,0.01165099535137415,0.999871015548706,0,-0.8983200192451477,-0.43931594491004944,-0.0048111299984157085,0,0.43920308351516724,-0.8982569575309753,0.01532201562076807,0,-0.02094700001180172,0.05637200176715851,0.004391000140458345,1
B8,mixamorig_LeftArm,7,-0.4768397808074951,-0.287881076335907,0.8305109739303589,0,0.46642404794692993,0.7179808616638184,0.5166730880737305,0,-0.7450318336486816,0.633741021156311,-0.20808729529380798,0,0,0.04468899965286255,0,1
B9,mixamorig_LeftForeArm,8,0.7950008511543274,-0.6065431237220764,-0.008877896703779697,0,0.6063868999481201,0.7950210571289062,-0.015369007363915443,0,0.016380077227950096,0.00683493260294199,0.9998419880867004,0,0,0.12458900362253189,0,1
B10,mixamorig_LeftHand,9,-0.8345960974693298,0.00947494525462389,0.5507808923721313,0,0.014395145699381828,0.9998859763145447,0.004612118471413851,0,-0.5506741404533386,0.01177782192826271,-0.834636926651001,0,0,0.11004800349473953,0,1
B11,mixamorig_LeftHandThumb1,10,0.8040921688079834,0.5944718718528748,-0.006268004886806011,0,-0.5790989995002747,0.7808268070220947,-0.23442338407039642,0,-0.13446378707885742,0.19212765991687775,0.972114086151123,0,-0.011331000365316868,0.010877000167965889,0,1
B12,mixamorig_LeftHandThumb2,11,0.8865988254547119,-0.44304338097572327,-0.13287480175495148,0,0.46085065603256226,0.8215991258621216,0.3355461359024048,0,-0.039491649717092514,-0.3587300181388855,0.9326050281524658,0,0.0010509999701753259,0.012520999647676945,0,1
B13,mixamorig_LeftHandThumb3,12,0.984063982963562,-0.12145489454269409,0.12987226247787476,0,0.1142570823431015,0.9915440082550049,0.06153423711657524,0,-0.13624770939350128,-0.04571480676531792,0.9896199703216553,0,-0.0027069998905062675,0.021330999210476875,0,1
B14,mixamorig_LeftHandThumb4,13,1,0,0,0,0,1,0,0,0,0,1,0,0.0016560000367462635,0.01953900046646595,0,1
B15,mixamorig_LeftHandIndex1,10,0.2991296947002411,0.8387889862060547,0.454923152923584,0,-0.8849621415138245,0.0655554011464119,0.46102574467658997,0,0.3568805158138275,-0.5404959917068481,0.7619057297706604,0,0,0.011916999705135822,0,1
B16,mixamorig_LeftHandIndex2,15,0.6912002563476562,0.6879397034645081,0.22131606936454773,0,-0.6932681798934937,0.5447677373886108,0.4718130826950073,0,0.20401307940483093,-0.4795486629009247,0.8534701466560364,0,0.0012529999949038029,0.03068999946117401,0,1
B17,mixamorig_LeftHandIndex3,16,0.7726951241493225,0.6200438737869263,0.1359710395336151,0,-0.612524151802063,0.6720810532569885,0.41607865691185,0,0.16660331189632416,-0.40478718280792236,0.89910489320755,0,-0.0003870000073220581,0.027449000626802444,0,1
B18,mixamorig_LeftHandIndex4,17,1,0,0,0,0,1,0,0,0,0,1,0,-0.0008660000166855752,0.023740999400615692,0,1
B19,mixamorig_RightShoulder,3,-0.4527996778488159,-0.006024132948368788,-0.8915921449661255,0,0.8152918815612793,-0.40759676694869995,-0.4112962782382965,0,-0.3609321117401123,-0.9131419062614441,0.1894710212945938,0,0.02094700001180172,0.055417999625205994,-0.0008929999894462526,1
B20,mixamorig_RightArm,19,-0.8886660933494568,0.4519980549812317,0.07726378738880157,0,0.3697949945926666,0.6067726016044617,0.7036182880401611,0,0.27115270495414734,0.6538538336753845,-0.7063653469085693,0,0,0.04468899965286255,0,1
B21,mixamorig_RightForeArm,20,0.4175814986228943,0.8726937770843506,0.2530440092086792,0,-0.8743301630020142,0.3101147711277008,0.37332987785339355,0,0.24733008444309235,-0.3771398365497589,0.89252108335495,0,0,0.12549099326133728,0,1
B22,mixamorig_RightHand,21,-0.9666479229927063,-0.12159907072782516,-0.2254011482000351,0,-0.18930885195732117,0.9320091009140015,0.3090648651123047,0,0.1724938154220581,0.341427206993103,-0.9239439368247986,0,0,0.10966599732637405,0,1
B23,mixamorig_RightHandThumb1,22,0.7971250414848328,-0.6031059622764587,0.029231276363134384,0,0.5866449475288391,0.7620890140533447,-0.27398496866226196,0,0.14296522736549377,0.23554882407188416,0.9612900018692017,0,0.014530999585986137,0.007644999772310257,0,1
B24,mixamorig_RightHandThumb2,23,0.8486899137496948,0.5086330771446228,0.14497628808021545,0,-0.5266308188438416,0.7873802781105042,0.32045671343803406,0,0.0488433800637722,-0.34831714630126953,0.9361028671264648,0,-0.0006230000290088356,0.013120000250637531,0,1
B25,mixamorig_RightHandThumb3,24,0.9913899302482605,-0.06185539811849594,-0.1154153123497963,0,0.06123663857579231,0.9980840682983398,-0.008902638219296932,0,0.1157447099685669,0.0017583376029506326,0.9932770133018494,0,0.003869999898597598,0.02131900005042553,0,1
B26,mixamorig_RightHandThumb4,25,1,0,0,0,0,1,0,0,0,0,1,0,-0.0032470000442117453,0.017129000276327133,0,1
B27,mixamorig_RightHandIndex1,22,0.3582439720630646,-0.8329288959503174,-0.42177119851112366,0,0.836319088935852,0.08548293262720108,0.541537880897522,0,-0.41500821709632874,-0.5467378497123718,0.7272179126739502,0,0,0.020004000514745712,0,1
B28,mixamorig_RightHandIndex2,27,0.6841309070587158,-0.6937010884284973,-0.22526519000530243,0,0.6984557509422302,0.5341620445251465,0.4762672483921051,0,-0.21005891263484955,-0.48316681385040283,0.8499560952186584,0,-0.000990999978967011,0.029092999175190926,0,1
B29,mixamorig_RightHandIndex3,28,0.7796376943588257,-0.6103643178939819,-0.14007315039634705,0,0.6048896908760071,0.6760932207107544,0.42072001099586487,0,-0.1620899885892868,-0.41273802518844604,0.8963109850883484,0,0.00021699999342672527,0.02653699927031994,0,1
B30,mixamorig_RightHandIndex4,29,1,0,0,0,0,1,0,0,0,0,1,0,0.0007740000146441162,0.02116999961435795,0,1
B31,mixamorig_LeftUpLeg,0,-0.9592739939689636,-0.01557392068207264,0.28204891085624695,0,-0.26865699887275696,-0.25820279121398926,-0.9279840588569641,0,0.08727812767028809,-0.9659649729728699,0.24350306391716003,0,-0.0544390007853508,-0.024317000061273575,0.003645000047981739,1
B32,mixamorig_LeftLeg,31,0.9835858941078186,-0.13356523215770721,-0.12132526189088821,0,0.013325944542884827,-0.6167720556259155,0.7870290875434875,0,-0.17994965612888336,-0.7757270932197571,-0.6048680543899536,0,0,0.14278100430965424,0,1
B33,mixamorig_LeftFoot,32,-0.9508967399597168,0.3054792881011963,0.049763187766075134,0,0.3027796745300293,0.9514670968055725,-0.05508609861135483,0,-0.06417576223611832,-0.037313953042030334,-0.9972409009933472,0,0,0.12532299757003784,0,1
B34,mixamorig_LeftToeBase,33,0.971312940120697,-0.006708627566695213,0.23771028220653534,0,-0.16076456010341644,0.7180509567260742,0.6771681904792786,0,-0.17523106932640076,-0.6959579586982727,0.6963740587234497,0,0,0.0696519985795021,0,1
B35,mixamorig_LeftToe_End,34,1,0,0,0,0,1,0,0,0,0,1,0,0,0.028690999373793602,0,1
B36,mixamorig_RightUpLeg,0,-0.9847310781478882,0.14817188680171967,-0.09137830883264542,0,-0.12078221887350082,-0.9595470428466797,-0.25432613492012024,0,-0.125365749001503,-0.23940593004226685,0.9627920389175415,0,0.0544390007853508,-0.024317000061273575,-0.00775500014424324,1
B37,mixamorig_RightLeg,36,0.9957150220870972,-0.005021235905587673,0.09233509004116058,0,-0.06410407274961472,0.6821712851524353,0.7283767461776733,0,-0.06664574146270752,-0.7311752438545227,0.6789268255233765,0,0,0.14293700456619263,0,1
B38,mixamorig_RightFoot,37,-0.9603870511054993,-0.2209639996290207,0.16979898512363434,0,-0.20338305830955505,0.13923507928848267,-0.9691489338874817,0,0.1905050128698349,-0.9652920365333557,-0.17865987122058868,0,0,0.12558400630950928,0,1
B39,mixamorig_RightToeBase,38,0.9601269960403442,0.054257698357105255,-0.27424806356430054,0,0.2029068022966385,0.5395820140838623,0.8171170949935913,0,0.19231420755386353,-0.8401829600334167,0.5070579648017883,0,0,0.06777899712324142,0,1
B40,mixamorig_RightToe_End,39,1,0,0,0,0,1,0,0,0,0,1,0,0,0.0280969999730587,0,1
@20,0,1,2,3,4,5,7,8,9,19,20,21,31,32,33,34,36,37,38,39
K0,0.98340904712677,-0.1742398887872696,-0.050467826426029205,0,0.16644108295440674,0.9773189425468445,-0.13094016909599304,0,0.07213816791772842,0.12036783248186111,0.9901049733161926,0,-0.05896599963307381,1.379963994026184,-0.05620500072836876,1,0.9867338538169861,-0.02977319434285164,0.1595933586359024,0,0.007561805192381144,0.9904020428657532,0.1380128711462021,0,-0.1621706336736679,-0.1349751204252243,0.9774880409240723,0,0,0.28641000390052795,-0.0010140000376850367,1,0.9906299710273743,0.13305430114269257,0.03081907331943512,0,-0.13505271077156067,0.9879260659217834,0.07590906322002411,0,-0.020346926525235176,-0.07935994863510132,0.9966380000114441,0,0,0.33414700627326965,0,1,0.9908199906349182,0.13187777996063232,0.029729681089520454,0,-0.13384120166301727,0.9878969192504883,0.07840236276388168,0,-0.019030315801501274,-0.0816616341471672,0.9964780807495117,0,0,0.3818820118904114,0,1,0.9965919852256775,0.027356276288628578,0.07781889289617538,0,-0.028481725603342056,0.9995049834251404,0.013389105908572674,0,-0.07741411030292511,-0.015559895895421505,0.9968780875205994,0,0,0.4296180009841919,0,1,0.9534569382667542,-0.24014295637607574,0.1823461502790451,0,0.26148006319999695,0.959653913974762,-0.10340693593025208,0,-0.1501568704843521,0.14627406001091003,0.9777820706367493,0,0,0.14782500267028809,0.005317999981343746,1,0.3189890682697296,0.0005875587230548263,-0.9477580189704895,0,0.9151196479797363,-0.26036444306373596,0.30784255266189575,0,-0.24658147990703583,-0.9655098915100098,-0.08359107375144958,0,0.18283499777317047,0.39932799339294434,0.025655999779701233,1,0.6404641270637512,0.1538911759853363,-0.752411961555481,0,0.28192219138145447,0.8642070293426514,0.4167329668998718,0,0.7143709063529968,-0.47902393341064453,0.5101079940795898,0,0,0.37424200773239136,0,1,0.6985156536102295,0.7155373692512512,-0.009094090200960636,0,-0.7154827117919922,0.698124349117279,-0.026591069996356964,0,-0.012678091414272785,0.025080932304263115,0.9996050000190735,0,0,0.6282399892807007,0,1,0.3896295130252838,0.02515983395278454,0.9206282496452332,0,-0.8412877917289734,-0.3970124125480652,0.36690089106559753,0,0.37473174929618835,-0.9174681305885315,-0.13352100551128387,0,-0.18283499777317047,0.39932501316070557,0.02647699974477291,1,0.9021279215812683,0.2859341502189636,0.32312190532684326,0,-0.40008285641670227,0.8347530364990234,0.37831398844718933,0,-0.16155405342578888,-0.47056296467781067,0.867451012134552,0,0,0.3744710087776184,0,1,0.5847357511520386,-0.8111131191253662,0.013393104076385498,0,0.8110458254814148,0.5841822028160095,-0.03058527782559395,0,0.016984105110168457,0.028746722266077995,0.9994419813156128,0,0,0.628171980381012,0,1,-0.8164928555488586,-0.5147448778152466,0.2614920437335968,0,0.5747531056404114,-0.6817079782485962,0.45269471406936646,0,-0.05476105958223343,0.5199152231216431,0.8524608016014099,0,0.34321799874305725,-0.15895600616931915,-0.006912000011652708,1,0.9717860221862793,-0.1464853286743164,-0.18486161530017853,0,-0.1690853089094162,0.11377915740013123,-0.9790119528770447,0,0.16444437205791473,0.9826480150222778,0.08580052107572556,0,0,0.8110589981079102,0,1,0.8647488951683044,0.11634129285812378,-0.48854222893714905,0,0.4979272782802582,-0.3253048360347748,0.8038929104804993,0,-0.06539928168058395,-0.9384250044822693,-0.3392368257045746,0,0,0.7366570234298706,0,1,0.9758121371269226,0.04104577749967575,-0.21472160518169403,0,0.09388777613639832,0.8083291053771973,0.5811959505081177,0,0.19742141664028168,-0.5872979760169983,0.7849239110946655,0,0,0.2157279998064041,0,1,-0.9481931328773499,0.0685700848698616,-0.31020790338516235,0,-0.18054193258285522,-0.9197390079498291,0.3485470116138458,0,-0.26141008734703064,0.3864949643611908,0.8844689726829529,0,-0.34321799874305725,-0.15895600616931915,-0.004720000084489584,1,0.9964840412139893,-0.0606507733464241,0.05779988691210747,0,0.06893322616815567,0.20141305029392242,-0.9770780205726624,0,0.047618888318538666,0.9776269793510437,0.20488575100898743,0,0,0.8110560178756714,0,1,0.8545050024986267,-0.16743849217891693,0.49171680212020874,0,-0.5194024443626404,-0.28726881742477417,0.8047969341278076,0,0.006500899326056242,-0.9431018233299255,-0.3324406147003174,0,0,0.7364979982376099,0,1,0.9515569806098938,-0.05530081316828728,0.3024570345878601,0,-0.13597580790519714,0.8065850138664246,0.5752670168876648,0,-0.27577000856399536,-0.5885260701179504,0.7599918842315674,0,0,0.22300200164318085,0,1
K0.033,0.9947131276130676,-0.10083606839179993,0.019436918199062347,0,0.102681964635849,0.9739450812339783,-0.20220810174942017,0,0.0014593786327168345,0.20313484966754913,0.9791498184204102,0,-0.03153471276164055,1.35525381565094,-0.0658760666847229,1,0.9956931471824646,-0.02636576071381569,0.08887884765863419,0,0.005243362858891487,0.9731870293617249,0.22995387017726898,0,-0.09255866706371307,-0.2284974902868271,0.9691339731216431,0,0,0.28641000390052795,-0.0010140000376850367,1,0.9968640208244324,0.07689042389392853,0.01872115768492222,0,-0.07806001603603363,0.9942800402641296,0.07289108633995056,0,-0.013009446673095226,-0.07412386685609818,0.9971640110015869,0,0,0.33414700627326965,0,1,0.9969290494918823,0.07636827230453491,0.01730955019593239,0,-0.07744818180799484,0.9942430853843689,0.07404683530330658,0,-0.011555078439414501,-0.07516008615493774,0.9971050024032593,0,0,0.3818820118904114,0,1,0.9978350400924683,0.014210005290806293,0.06420742720365524,0,-0.016065815463662148,0.9994649887084961,0.028480056673288345,0,-0.0637684017419815,-0.029449956491589546,0.9975299835205078,0,0,0.4296180009841919,0,1,0.9623271226882935,-0.17464816570281982,0.20838414132595062,0,0.16818411648273468,0.98456209897995,0.04848656430840492,0,-0.21363544464111328,-0.011613047681748867,0.9768449068069458,0,0,0.14782500267028809,0.005317999981343746,1,0.3067326247692108,-0.006475840229541063,-0.9517731070518494,0,0.9095659852027893,-0.292564332485199,0.2951209247112274,0,-0.28036612272262573,-0.9562240839004517,-0.08384886384010315,0,0.18283499777317047,0.39932799339294434,0.025655999779701233,1,0.6333847045898438,0.07564546167850494,-0.7701303958892822,0,0.28374359011650085,0.9031921029090881,0.3220769166946411,0,0.7199394702911377,-0.422518253326416,0.5506042242050171,0,0,0.37424200773239136,0,1,0.6915954947471619,0.7222244739532471,-0.009350969456136227,0,-0.7221696376800537,0.6911954283714294,-0.026839742437005043,0,-0.012920970097184181,0.02531522512435913,0.9995959997177124,0,0,0.6282399892807007,0,1,0.43003323674201965,0.02772369608283043,0.9023869037628174,0,-0.8223516345024109,-0.40045320987701416,0.4041953384876251,0,0.3725700378417969,-0.9158979654312134,-0.1494097113609314,0,-0.18283499777317047,0.39932501316070557,0.02647699974477291,1,0.8567878007888794,0.33128926157951355,0.395173043012619,0,-0.4886455833911896,0.7664164900779724,0.4169313311576843,0,-0.16474220156669617,-0.5503211617469788,0.8185391426086426,0,0,0.3744710087776184,0,1,0.5014538168907166,-0.86502605676651,0.016533516347408295,0,0.8649548888206482,0.5007891654968262,-0.03261788934469223,0,0.019935518503189087,0.030657107010483742,0.999330997467041,0,0,0.628171980381012,0,1,-0.8712185621261597,-0.45147228240966797,0.19274508953094482,0,0.49088579416275024,-0.8036812543869019,0.3363456726074219,0,0.0030548670329153538,0.38764649629592896,0.9218035340309143,0,0.34321799874305725,-0.15895600616931915,-0.006912000011652708,1,0.978976309299469,-0.12363237142562866,-0.16223394870758057,0,-0.15193597972393036,0.08866782486438751,-0.9844051599502563,0,0.13608933985233307,0.9883589744567871,0.06801952421665192,0,0,0.8110589981079102,0,1,0.9124190211296082,0.07867075502872467,-0.40162393450737,0,0.3984365463256836,-0.39492136240005493,0.8278200626373291,0,-0.09348466992378235,-0.9153409004211426,-0.3916792869567871,0,0,0.7366570234298706,0,1,0.9780320525169373,0.0312989167869091,-0.20609267055988312,0,0.09344717860221863,0.8179282546043396,0.5676795840263367,0,0.18633680045604706,-0.574467658996582,0.797035276889801,0,0,0.2157279998064041,0,1,-0.9474350214004517,0.20621231198310852,-0.24463042616844177,0,-0.2832220792770386,-0.8962224721908569,0.34142282605171204,0,-0.14883777499198914,0.3927609324455261,0.9075168371200562,0,-0.34321799874305725,-0.15895600616931915,-0.004720000084489584,1,0.9999680519104004,-0.006823589559644461,0.0042265369556844234,0,0.0049168202094733715,0.10453993082046509,-0.9945080876350403,0,0.006344274152070284,0.9944970607757568,0.10457013547420502,0,0,0.8110560178756714,0,1,0.8459224104881287,-0.21204890310764313,0.4893365502357483,0,-0.5327233076095581,-0.29311054944992065,0.7939092516899109,0,-0.024917880073189735,-0.9322669506072998,-0.3609122931957245,0,0,0.7364979982376099,0,1,0.9548940658569336,-0.0434710830450058,0.2937478721141815,0,-0.13518527150154114,0.8171320557594299,0.5603758692741394,0,-0.264390766620636,-0.5748096108436584,0.7743973731994629,0,0,0.22300200164318085,0,1
K0.067,0.9907381534576416,0.013230547308921814,0.13514088094234467,0,0.02078547142446041,0.9687361717224121,-0.24722252786159515,0,-0.13418664038181305,0.24774160981178284,0.9594882130622864,0,-0.0029752813279628754,1.3331671953201294,-0.07217994332313538,1,0.9992110133171082,-0.017866158857941628,-0.03547065332531929,0,0.026074718683958054,0.9687749743461609,0.2465660721063614,0,0.029957912862300873,-0.24729657173156738,0.9684771299362183,0,0,0.28641000390052795,-0.0010140000376850367,1,0.999993085861206,-0.00019906200759578496,-0.0038115736097097397,0,0.0004674034717027098,0.9975100755691528,0.07053093612194061,0,0.0037880383897572756,-0.07053213566541672,0.9975020289421082,0,0,0.33414700627326965,0,1,0.9999909996986389,-0.000041339430026710033,-0.004157559480518103,0,0.00033714011078700423,0.9974640011787415,0.07117216289043427,0,0.0041440739296376705,-0.07117292284965515,0.9974550008773804,0,0,0.3818820118904114,0,1,0.9984509348869324,0.0053137787617743015,0.05539145693182945,0,-0.006944398861378431,0.999547004699707,0.02928735688328743,0,-0.05521071329712868,-0.02962663397192955,0.9980350136756897,0,0,0.4296180009841919,0,1,0.9669700264930725,-0.09827768802642822,0.23518279194831848,0,0.07132402807474136,0.990147054195404,0.12050697207450867,0,-0.24470871686935425,-0.09975245594978333,0.9644522070884705,0,0,0.14782500267028809,0.005317999981343746,1,0.2807985246181488,-0.006093416828662157,-0.9597479104995728,0,0.9179410934448242,-0.29027968645095825,0.27040985226631165,0,-0.2802428901195526,-0.9569220542907715,-0.07591666281223297,0,0.18283499777317047,0.39932799339294434,0.025655999779701233,1,0.7064023613929749,0.026371264830231667,-0.7073186039924622,0,0.24599619209766388,0.9278647899627686,0.2802715301513672,0,0.6636875867843628,-0.3719823956489563,0.6489591002464294,0,0,0.37424200773239136,0,1,0.733687698841095,0.679442286491394,-0.007786691654473543,0,-0.679390549659729,0.7333424091339111,-0.02525012381374836,0,-0.011445690877735615,0.023815911263227463,0.9996510744094849,0,0,0.6282399892807007,0,1,0.4438367784023285,0.026657408103346825,0.8957110643386841,0,-0.8190112709999084,-0.393546998500824,0.4175434410572052,0,0.36363479495048523,-0.9189181923866272,-0.1528378576040268,0,-0.18283499777317047,0.39932501316070557,0.02647699974477291,1,0.8316283822059631,0.2885202467441559,0.4744991362094879,0,-0.5163889527320862,0.7160994410514832,0.4696204364299774,0,-0.20429366827011108,-0.6355762481689453,0.7445178031921387,0,0,0.3744710087776184,0,1,0.5007982850074768,-0.865405797958374,0.016558077186346054,0,0.8653342127799988,0.5001325011253357,-0.03263246640563011,0,0.01995907723903656,0.0306705329567194,0.9993299841880798,0,0,0.628171980381012,0,1,-0.9242445826530457,-0.35698097944259644,0.135409414768219,0,0.3781251609325409,-0.9049361348152161,0.1952238231897354,0,0.052845682948827744,0.23163624107837677,0.971365749835968,0,0.34321799874305725,-0.15895600616931915,-0.006912000011652708,1,0.9964148998260498,-0.06209845468401909,-0.05744730308651924,0,-0.05055684968829155,0.10734399408102036,-0.992935836315155,0,0.06782643496990204,0.992280900478363,0.10381969809532166,0,0,0.8110589981079102,0,1,0.9321809411048889,0.04234933853149414,-0.359507292509079,0,0.3402095437049866,-0.44180673360824585,0.8300988674163818,0,-0.12367863953113556,-0.8961102962493896,-0.42625150084495544,0,0,0.7366570234298706,0,1,0.9834659695625305,0.004875552840530872,-0.1810254454612732,0,0.09320928901433945,0.8434255123138428,0.5290987491607666,0,0.15526114404201508,-0.5372239351272583,0.8290259838104248,0,0,0.2157279998064041,0,1,-0.9235122799873352,0.33084386587142944,-0.19408145546913147,0,-0.3831600546836853,-0.8190798759460449,0.42696231603622437,0,-0.017710328102111816,0.4686691462993622,0.8831963539123535,0,-0.34321799874305725,-0.15895600616931915,-0.004720000084489584,1,0.9992330074310303,-0.01395666878670454,0.03658398985862732,0,0.03666997328400612,0.005953800864517689,-0.9993100762367249,0,0.013729223981499672,0.9998850226402283,0.006461024284362793,0,0,0.8110560178756714,0,1,0.8014562129974365,-0.2269521951675415,0.5533165335655212,0,-0.597827672958374,-0.278656005859375,0.7516332864761353,0,-0.016399869695305824,-0.9331899285316467,-0.3590092062950134,0,0,0.7364979982376099,0,1,0.9599209427833557,-0.024771392345428467,0.27917397022247314,0,-0.13436822593212128,0.83347487449646,0.5359712243080139,0,-0.24596132338047028,-0.5520023107528687,0.7967417240142822,0,0,0.22300200164318085,0,1
K0.100,0.9548631310462952,0.11821166425943375,0.272511750459671,0,-0.0549253486096859,0.9718480110168457,-0.22911880910396576,0,-0.29192426800727844,0.20380915701389313,0.9344738721847534,0,0.0029659986030310392,1.3222899436950684,-0.07499799877405167,1,0.9847809672355652,-0.03728431463241577,-0.169754296541214,0,0.07178369909524918,0.9767730832099915,0.20189711451530457,0,0.15828369557857513,-0.21100986003875732,0.9645830392837524,0,0,0.28641000390052795,-0.0010140000376850367,1,0.9976049661636353,-0.06393003463745117,-0.026414863765239716,0,0.0655379518866539,0.995710015296936,0.06531212478876114,0,0.02212613634765148,-0.06688687205314636,0.9975150227546692,0,0,0.33414700627326965,0,1,0.9976720213890076,-0.0631360113620758,-0.025763051584362984,0,0.06472097337245941,0.9957050085067749,0.06619782000780106,0,0.021472947672009468,-0.06771117448806763,0.997473955154419,0,0,0.3818820118904114,0,1,0.9987439513206482,0.0023067903239279985,0.05005880817770958,0,-0.0032842098735272884,0.9998049736022949,0.019452011212706566,0,-0.05000418424606323,-0.019591983407735825,0.9985569715499878,0,0,0.4296180009841919,0,1,0.9702789783477783,-0.0367615781724453,0.23917992413043976,0,0.004641419276595116,0.9910389184951782,0.13349230587482452,0,-0.2419440597295761,-0.12841467559337616,0.9617550373077393,0,0,0.14782500267028809,0.005317999981343746,1,0.2551361918449402,-0.0035050734877586365,-0.9668989181518555,0,0.9300420880317688,-0.2725989520549774,0.24639898538589478,0,-0.2644389867782593,-0.9621210098266602,-0.06628994643688202,0,0.18283499777317047,0.39932799339294434,0.025655999779701233,1,0.818079948425293,0.034045279026031494,-0.5740950703620911,0,0.15734127163887024,0.9469109177589417,0.2803639769554138,0,0.5531619191169739,-0.319689005613327,0.7692920565605164,0,0,0.37424200773239136,0,1,0.8374727964401245,0.546465277671814,-0.00392910884693265,0,-0.5464237332344055,0.8372631669044495,-0.02030835673213005,0,-0.007808108348399401,0.019154641777276993,0.9997860193252563,0,0,0.6282399892807007,0,1,0.44089895486831665,0.02487236075103283,0.897212028503418,0,-0.823509156703949,-0.3863700330257416,0.4153915047645569,0,0.35698768496513367,-0.9220080971717834,-0.14986756443977356,0,-0.18283499777317047,0.39932501316070557,0.02647699974477291,1,0.8296247720718384,0.1831260621547699,0.5274353623390198,0,-0.4783669412136078,0.7202770113945007,0.5023621320724487,0,-0.2879036068916321,-0.6690788865089417,0.6851602792739868,0,0,0.3744710087776184,0,1,0.5569149255752563,-0.8304439783096313,0.01444217748939991,0,0.8303750157356262,0.5563240647315979,-0.03131422400474548,0,0.01797017827630043,0.0294317789375782,0.999405026435852,0,0,0.628171980381012,0,1,-0.9468109607696533,-0.29021531343460083,0.13900810480117798,0,0.3067166805267334,-0.9445741772651672,0.11706363409757614,0,0.09732989966869354,0.1534733772277832,0.98334801197052,0,0.34321799874305725,-0.15895600616931915,-0.006912000011652708,1,0.99360591173172,-0.07632920145988464,0.0831930935382843,0,0.0948358103632927,0.16439786553382874,-0.981825053691864,0,0.06126509606838226,0.9834359884262085,0.1705852895975113,0,0,0.8110589981079102,0,1,0.9503779411315918,0.023002203553915024,-0.31024616956710815,0,0.2874191999435425,-0.44653913378715515,0.8473448753356934,0,-0.1190461739897728,-0.8944680094718933,-0.4309919476509094,0,0,0.7366570234298706,0,1,0.9843699932098389,0,-0.1761142462491989,0,0.09332867711782455,0.8480408787727356,0.5216481685638428,0,0.14935176074504852,-0.5299307703971863,0.8347851634025574,0,0,0.2157279998064041,0,1,-0.9215059876441956,0.36185401678085327,-0.1410290151834488,0,-0.37182092666625977,-0.7171650528907776,0.5894258618354797,0,0.11214505136013031,0.5955970883369446,0.7954168915748596,0,-0.34321799874305725,-0.15895600616931915,-0.004720000084489584,1,0.9903189539909363,-0.05366302654147148,0.12801715731620789,0,0.12466798722743988,-0.061709195375442505,-0.9902780652046204,0,0.06104116514325142,0.9966509938240051,-0.05442173779010773,0,0,0.8110560178756714,0,1,0.7697069644927979,-0.2009882777929306,0.6059329509735107,0,-0.6382132172584534,-0.2650436758995056,0.7227968573570251,0,0.015325046144425869,-0.9430558681488037,-0.3322792053222656,0,0,0.7364979982376099,0,1,0.9588800668716431,-0.02874092571437359,0.282353013753891,0,-0.13449592888355255,0.8300400376319885,0.5412429571151733,0,-0.24991999566555023,-0.5569621324539185,0.7920429110527039,0,0,0.22300200164318085,0,1
K0.133,0.9160153269767761,0.1662052720785141,0.36509180068969727,0,-0.10226882994174957,0.9768120646476746,-0.18809381127357483,0,-0.38788822293281555,0.13495928049087524,0.9117723107337952,0,-0.01392621174454689,1.3207451105117798,-0.07814198732376099,1,0.970003068447113,-0.0838904082775116,-0.22815945744514465,0,0.11890716850757599,0.9823600649833679,0.14432764053344727,0,0.21202698349952698,-0.16712801158428192,0.9628672003746033,0,0,0.28641000390052795,-0.0010140000376850367,1,0.9964590668678284,-0.07663192600011826,-0.03458290919661522,0,0.0787120908498764,0.9948760867118835,0.0634448230266571,0,0.029543831944465637,-0.06594231724739075,0.9973859786987305,0,0,0.33414700627326965,0,1,0.9965590834617615,-0.07556836307048798,-0.03404791280627251,0,0.07763966172933578,0.9949060082435608,0.06429443508386612,0,0.029015855863690376,-0.06671669334173203,0.9973499774932861,0,0,0.3818820118904114,0,1,0.9990159869194031,0.005022665020078421,0.04406069219112396,0,-0.0053994073532521725,0.9999499320983887,0.00843565072864294,0,-0.04401611164212227,-0.008665250614285469,0.9989929795265198,0,0,0.4296180009841919,0,1,0.9789282083511353,-0.03080449439585209,0.20186783373355865,0,0.00606089923530817,0.9925039410591125,0.12206203490495682,0,-0.20411475002765656,-0.1182665079832077,0.9717772006988525,0,0,0.14782500267028809,0.005317999981343746,1,0.24974915385246277,-0.002405198523774743,-0.9683080315589905,0,0.9337901473045349,-0.26403293013572693,0.2415020912885666,0,-0.2562459409236908,-0.9645110964775085,-0.06369609385728836,0,0.18283499777317047,0.39932799339294434,0.025655999779701233,1,0.8851419687271118,0.10199480503797531,-0.4540049731731415,0,0.04548805579543114,0.9520418643951416,0.3025665581226349,0,0.46309205889701843,-0.288466215133667,0.8380528688430786,0,0,0.37424200773239136,0,1,0.9491997361183167,0.3146737217903137,0.00022285037266556174,0,-0.314649760723114,0.9491357207298279,-0.011693489737808704,0,-0.003891151398420334,0.01102934405207634,0.9999319911003113,0,0,0.6282399892807007,0,1,0.44572633504867554,0.026740342378616333,0.8947697877883911,0,-0.8178929686546326,-0.3941008448600769,0.4192081689834595,0,0.36383920907974243,-0.918677806854248,-0.15379035472869873,0,-0.18283499777317047,0.39932501316070557,0.02647699974477291,1,0.841303288936615,0.09914180636405945,0.5313944816589355,0,-0.3989642262458801,0.7771787643432617,0.4866422116756439,0,-0.36474186182022095,-0.6214209794998169,0.6933969259262085,0,0,0.3744710087776184,0,1,0.6306177973747253,-0.7760053873062134,0.011662919074296951,0,0.7759412527084351,0.6301259398460388,-0.02926141582429409,0,0.015357919968664646,0.027502531185746193,0.9995039701461792,0,0,0.628171980381012,0,1,-0.9361218214035034,-0.2965407967567444,0.18905071914196014,0,0.31661611795425415,-0.9446436166763306,0.08603989332914352,0,0.15307116508483887,0.14040029048919678,0.9781908988952637,0,0.34321799874305725,-0.15895600616931915,-0.006912000011652708,1,0.9835629463195801,-0.10724715143442154,0.1452644318342209,0,0.16664013266563416,0.22933922708034515,-0.9589758515357971,0,0.0695325955748558,0.9674198031425476,0.24344120919704437,0,0,0.8110589981079102,0,1,0.9404396414756775,0.039604175835847855,-0.3376449644565582,0,0.32156962156295776,-0.4258664548397064,0.8457130789756775,0,-0.11029796302318573,-0.9039191603660583,-0.4132375121116638,0,0,0.7366570234298706,0,1,0.9843699932098389,0,-0.1761147826910019,0,0.09332890063524246,0.8480399250984192,0.5216490626335144,0,0.1493522822856903,-0.5299320816993713,0.8347848653793335,0,0,0.2157279998064041,0,1,-0.9057471752166748,0.4224936366081238,-0.03348250314593315,0,-0.3228459358215332,-0.6366188526153564,0.7003473043441772,0,0.2745768129825592,0.6451475620269775,0.7130163908004761,0,-0.34321799874305725,-0.15895600616931915,-0.004720000084489584,1,0.9962300658226013,-0.0669320821762085,0.05518701300024986,0,0.0487789586186409,-0.09386150538921356,-0.9943900108337402,0,0.07173652946949005,0.9933329820632935,-0.09024275839328766,0,0,0.8110560178756714,0,1,0.7625605463981628,-0.1964854598045349,0.6163561344146729,0,-0.6468878388404846,-0.24061785638332367,0.7236292362213135,0,0.006123630795627832,-0.9505247473716736,-0.31058987975120544,0,0,0.7364979982376099,0,1,0.9615920186042786,-0.018281372264027596,0.27387410402297974,0,-0.13421346247196198,0.8390501141548157,0.5272407531738281,0,-0.23943273723125458,-0.5437479615211487,0.804370105266571,0,0,0.22300200164318085,0,1
K0.167,0.9402077794075012,0.11791521310806274,0.31953859329223633,0,-0.06172965094447136,0.9816169738769531,-0.18060064315795898,0,-0.334960401058197,0.15007728338241577,0.9302037954330444,0,-0.034575797617435455,1.3375599384307861,-0.07682701200246811,1,0.9807289838790894,-0.11932140588760376,-0.15470455586910248,0,0.1399160772562027,0.9816079139709473,0.12987923622131348,0,0.13636192679405212,-0.14902207255363464,0.9793868660926819,0,0,0.28641000390052795,-0.0010140000376850367,1,0.9993559718132019,-0.029372455552220345,-0.02060689404606819,0,0.030776474624872208,0.9969659447669983,0.07149634510278702,0,0.018444351851940155,-0.07208452373743057,0.9972280859947205,0,0,0.33414700627326965,0,1,0.9993629455566406,-0.028712529689073563,-0.021207867190241814,0,0.03017139434814453,0.9969469904899597,0.07201593369245529,0,0.01907535456120968,-0.07260991632938385,0.9971779584884644,0,0,0.3818820118904114,0,1,0.9993789792060852,0.008754974231123924,0.03413226827979088,0,-0.008883955888450146,0.9999539256095886,0.003629057900980115,0,-0.03409893065690994,-0.003930034581571817,0.9994109869003296,0,0,0.4296180009841919,0,1,0.9874239563941956,-0.09304571151733398,0.12781161069869995,0,0.0801219493150711,0.9914710521697998,0.10279031097888947,0,-0.13628579676151276,-0.09125716239213943,0.9864579439163208,0,0,0.14782500267028809,0.005317999981343746,1,0.26571765542030334,-0.0026168539188802242,-0.9640470743179321,0,0.9285318851470947,-0.26824530959129333,0.25665679574012756,0,-0.25927287340164185,-0.9633470177650452,-0.06884765625,0,0.18283499777317047,0.39932799339294434,0.025655999779701233,1,0.8787901401519775,0.19592492282390594,-0.43513426184654236,0,-0.02904643677175045,0.9321022033691406,0.3610295355319977,0,0.4763237535953522,-0.30462977290153503,0.8248122334480286,0,0,0.37424200773239136,0,1,0.9962457418441772,0.08654657751321793,0.001971039455384016,0,-0.08653996139764786,0.9962428212165833,-0.0032159043475985527,0,-0.0022419607266783714,0.0030332594178617,0.9999930262565613,0,0,0.6282399892807007,0,1,0.4751274287700653,0.034037087112665176,0.8792582750320435,0,-0.7922323942184448,-0.4182946979999542,0.44429364800453186,0,0.3829115927219391,-0.9076731204986572,-0.17177802324295044,0,-0.18283499777317047,0.39932501316070557,0.02647699974477291,1,0.878814697265625,0.09126687049865723,0.46835264563560486,0,-0.31086814403533936,0.8541571497917175,0.4168637692928314,0,-0.36200109124183655,-0.5119421482086182,0.779018223285675,0,0,0.3744710087776184,0,1,0.7098501324653625,-0.7042987942695618,0.008674994111061096,0,0.7042406797409058,0.709464430809021,-0.026557737961411476,0,0.0125499926507473,0.024961315095424652,0.9996100068092346,0,0,0.628171980381012,0,1,-0.8994783759117126,-0.392536997795105,0.19197215139865875,0,0.4141521751880646,-0.9059363007545471,0.08807213604450226,0,0.13934296369552612,0.15872465074062347,0.9774400591850281,0,0.34321799874305725,-0.15895600616931915,-0.006912000011652708,1,0.9805540442466736,-0.1292344033718109,0.14769300818443298,0,0.17529526352882385,0.23838217556476593,-0.9552198052406311,0,0.08823986351490021,0.9625340700149536,0.2564006745815277,0,0,0.8110589981079102,0,1,0.910451352596283,0.08573735505342484,-0.4046323299407959,0,0.40471598505973816,-0.3865145444869995,0.828741192817688,0,-0.08534219861030579,-0.9182900190353394,-0.3866020739078522,0,0,0.7366570234298706,0,1,0.9837549924850464,0.00333881052210927,-0.17948731780052185,0,0.09324084222316742,0.8448832035064697,0.5267617106437683,0,0.1534046232700348,-0.5349401831626892,0.8308470249176025,0,0,0.2157279998064041,0,1,-0.9161670804023743,0.40068718791007996,0.009401346556842327,0,-0.30149027705192566,-0.7044307589530945,0.642558217048645,0,0.2640873193740845,0.5858559608459473,0.766179084777832,0,-0.34321799874305725,-0.15895600616931915,-0.004720000084489584,1,0.9986680150032043,-0.046315997838974,-0.022739222273230553,0,-0.025433054193854332,-0.05842819809913635,-0.9979679584503174,0,0.04489326849579811,0.9972169399261475,-0.059528328478336334,0,0,0.8110560178756714,0,1,0.8033873438835144,-0.19942307472229004,0.5610688924789429,0,-0.595382571220398,-0.2542078197002411,0.7621666193008423,0,-0.009365539066493511,-0.9463662505149841,-0.32296058535575867,0,0,0.7364979982376099,0,1,0.9640229940414429,-0.008546078577637672,0.2656809091567993,0,-0.13411298394203186,0.8473119139671326,0.5138841271400452,0,-0.2295062243938446,-0.5310271978378296,0.8156817555427551,0,0,0.22300200164318085,0,1
