0.733,30,22,41
B0,mixamorig_Hips,-1,0.5836908221244812,-0.008791089989244938,0.8119281530380249,0,-0.12426580488681793,0.9871950745582581,0.1000228077173233,0,-0.8024108409881592,-0.1592772901058197,0.5751242637634277,0,0.009065000340342522,0.8411719799041748,-0.015483999624848366,1
B1,mixamorig_Spine,0,0.9965109825134277,-0.0514158196747303,-0.06574781984090805,0,0.055488187819719315,0.9965519309043884,0.0616910345852375,0,0.062349166721105576,-0.06512396037578583,0.9959269762039185,0,0,0.13538900017738342,-0.008721999824047089,1
B2,mixamorig_Spine1,1,0.9988699555397034,0.042534708976745605,-0.021219976246356964,0,-0.04206627607345581,0.9988710284233093,0.022052280604839325,0,0.02213401533663273,-0.021134722977876663,0.9995319247245789,0,0,0.15828099846839905,0,1
B3,mixamorig_Spine2,2,0.9995750188827515,0.019817808642983437,-0.02136632800102234,0,-0.01973518542945385,0.9997969269752502,0.004071204457432032,0,0.02144266851246357,-0.003647805191576481,0.999763011932373,0,0,0.18089300394058228,0,1
B4,mixamorig_Neck,3,0.985069990158081,-0.021946195513010025,-0.17075201869010925,0,0.027000775560736656,0.9992619156837463,0.027335867285728455,0,0.1700260043144226,-0.031538162380456924,0.9849350452423096,0,0,0.2035049945116043,0,1
B5,mixamorig_Head,4,0.9123830199241638,-0.11264315992593765,-0.3935328722000122,0,0.07962474226951599,0.9918659925460815,-0.09930216521024704,0,0.4015180468559265,0.05926673114299774,0.9139319658279419,0,0,0.1708970069885254,0.012180999852716923,1
B6,mixamorig_HeadTop_End,5,1,0,0,0,0,1,0,0,0,0,1,0,0,0.5830889940261841,0.04156000167131424,1
B7,mixamorig_LeftShoulder,3,0.14962773025035858,-0.04659508541226387,-0.9876440167427063,0,0.9292349219322205,-0.3346770405769348,0.15656818449497223,0,-0.33783695101737976,-0.9411799907684326,-0.006779196206480265,0,0.06443499773740768,0.16917000710964203,-0.0021009999327361584,1
B8,mixamorig_LeftArm,7,0.9575819373130798,0.27697205543518066,-0.0795159861445427,0,-0.21501785516738892,0.8704909086227417,0.4427341818809509,0,0.19184289872646332,-0.40685680508613586,0.8931200504302979,0,0,0.1478630006313324,0,1
B9,mixamorig_LeftForeArm,8,-0.07022525370121002,0.8090780973434448,0.5834896564483643,0,-0.9887268543243408,0.02108725532889366,-0.14823713898658752,0,-0.13223965466022491,-0.5873221755027771,0.7984768748283386,0,0,0.3846980035305023,0,1
B10,mixamorig_LeftHand,9,0.5238547921180725,0.052352048456668854,-0.8501971364021301,0,-0.007795875426381826,0.9983620047569275,0.05667202174663544,0,0.8517720103263855,-0.023059893399477005,0.5234051942825317,0,0,0.29548799991607666,0,1
B11,mixamorig_LeftHandThumb1,10,0.5601881742477417,0.8265288472175598,0.05512889847159386,0,-0.8266381025314331,0.5620757937431335,-0.027190061286091805,0,-0.0534600168466568,-0.03034011274576187,0.998108983039856,0,-0.04470000043511391,0.022832000628113747,0,1
B12,mixamorig_LeftHandThumb2,11,0.9036030769348145,-0.32665976881980896,-0.2771192789077759,0,0.3815561830997467,0.9078140258789062,0.17403702437877655,0,0.1947217434644699,-0.2629968225955963,0.944942057132721,0,0.0032629999332129955,0.040022000670433044,0,1
B13,mixamorig_LeftHandThumb3,12,0.5232842564582825,0.5061907768249512,-0.6855249404907227,0,-0.10186933726072311,0.8358469009399414,0.5394279956817627,0,0.8460471034049988,-0.2124401181936264,0.4889506697654724,0,-0.0047160000540316105,0.06285200268030167,0,1
B14,mixamorig_LeftHandThumb4,13,1,0,0,0,0,1,0,0,0,0,1,0,0.0014530000044032931,0.05391699820756912,0,1
B15,mixamorig_LeftHandIndex1,10,0.2104988992214203,0.9376718997955322,0.2765164077281952,0,-0.9144608378410339,0.08886412531137466,0.3947961926460266,0,0.3456169366836548,-0.33596763014793396,0.8761701583862305,0,0,0.08759299665689468,0,1
B16,mixamorig_LeftHandIndex2,15,0.583445131778717,0.7945919632911682,0.1679757833480835,0,-0.7762032151222229,0.48470789194107056,0.403194785118103,0,0.23895606398582458,-0.3656252324581146,0.8995649218559265,0,0.00533499987795949,0.08115100115537643,0,1
B17,mixamorig_LeftHandIndex3,16,0.4658946990966797,0.8503690958023071,0.24456916749477386,0,-0.8271638751029968,0.3204023838043213,0.46167296171188354,0,0.31423208117485046,-0.41739001870155334,0.8526688814163208,0,-0.003978000022470951,0.06615400314331055,0,1
B18,mixamorig_LeftHandIndex4,17,1,0,0,0,0,1,0,0,0,0,1,0,-0.0013569999719038606,0.05521000176668167,0,1
B19,mixamorig_RightShoulder,3,-0.35275429487228394,0.12965020537376404,0.926690936088562,0,-0.8968571424484253,-0.3292829990386963,-0.29532888531684875,0,0.26685410737991333,-0.9352880716323853,0.2324337214231491,0,-0.06443499773740768,0.16918499767780304,-0.0023219999857246876,1
B20,mixamorig_RightArm,19,0.989512026309967,-0.029352929443120956,0.1414400339126587,0,-0.047696903347969055,0.857832133769989,0.5117118954658508,0,-0.13635198771953583,-0.5130911469459534,0.8474348783493042,0,0,0.1478630006313324,0,1
B21,mixamorig_RightForeArm,20,0.26644521951675415,-0.9501189589500427,-0.16211603581905365,0,0.9585890769958496,0.27876484394073486,-0.05828094854950905,0,0.10056605935096741,-0.1398739516735077,0.9850490093231201,0,0,0.3846839964389801,0,1
B22,mixamorig_RightHand,21,0.47912588715553284,-0.3866112530231476,0.7880160212516785,0,0.46753180027008057,0.8722251057624817,0.1436588168144226,0,-0.7428678870201111,0.2995920479297638,0.5986590385437012,0,0,0.29550600051879883,0,1
B23,mixamorig_RightHandThumb1,22,0.695236086845398,-0.6982409358024597,-0.17060603201389313,0,0.6694689989089966,0.5426348447799683,0.5073042511940002,0,-0.2616438567638397,-0.46691176295280457,0.8447101712226868,0,0.045409999787807465,0.022926000878214836,0,1
B24,mixamorig_RightHandThumb2,23,0.9116619229316711,0.33389514684677124,0.23955616354942322,0,-0.28628793358802795,0.9342471361160278,-0.21265482902526855,0,-0.29480889439582825,0.12528720498085022,0.9473070502281189,0,-0.0014270000392571092,0.0406700000166893,0,1
B25,mixamorig_RightHandThumb3,24,0.9640920162200928,0.07703898102045059,-0.25414803624153137,0,-0.06681611388921738,0.9965800046920776,0.048627663403749466,0,0.25702500343322754,-0.02990034967660904,0.9659420251846313,0,0.009859999641776085,0.06350599974393845,0,1
B26,mixamorig_RightHandThumb4,25,1,0,0,0,0,1,0,0,0,0,1,0,-0.008431999944150448,0.0511230006814003,0,1
B27,mixamorig_RightHandIndex1,22,0.6167980432510376,-0.7520728707313538,-0.23226484656333923,0,0.7453051209449768,0.46312499046325684,0.47962087392807007,0,-0.25314202904701233,-0.46893712878227234,0.8461779356002808,0,0,0.0777449980378151,0,1
B28,mixamorig_RightHandIndex2,27,0.5257629752159119,-0.8284658789634705,-0.19291934370994568,0,0.8100070357322693,0.4183571934700012,0.4109337627887726,0,-0.2597354054450989,-0.3723198175430298,0.8910199999809265,0,-0.001630999962799251,0.08561699837446213,0,1
B29,mixamorig_RightHandIndex3,28,0.6341939568519592,-0.7513750791549683,-0.18229901790618896,0,0.7360309362411499,0.5145060420036316,0.4399329721927643,0,-0.23676101863384247,-0.4131810665130615,0.8793330192565918,0,0.0006419999990612268,0.06886699795722961,0,1
B30,mixamorig_RightHandIndex4,29,1,0,0,0,0,1,0,0,0,0,1,0,0.0009889999637380242,0.05904199928045273,0,1
B31,mixamorig_LeftUpLeg,0,-0.6553949117660522,-0.003614564659073949,0.7552770972251892,0,0.6369220614433289,-0.5401051044464111,0.550106942653656,0,0.4059406518936157,0.8415900468826294,0.3562842607498169,0,0.1531279981136322,-0.07525999844074249,0.00989999994635582,1
B32,mixamorig_LeftLeg,31,0.9584789872169495,-0.11266843229532242,-0.26196300983428955,0,-0.14125920832157135,0.6104191541671753,-0.7793809175491333,0,0.24771863222122192,0.784024178981781,0.5691579580307007,0,0,0.43355700373649597,0,1
B33,mixamorig_LeftFoot,32,0.9991539716720581,-0.041094694286584854,-0.0012990533141419291,0,0.02956017106771469,0.6960318684577942,0.7174020409584045,0,-0.028577251359820366,-0.7168338894844055,0.6966581344604492,0,0,0.3312470018863678,0,1
B34,mixamorig_LeftToeBase,33,0.9822779297828674,-0.011292079463601112,0.1870870143175125,0,-0.12568505108356476,0.7008060216903687,0.7021931409835815,0,-0.13904093205928802,-0.7132629156112671,0.6869670748710632,0,0,0.20004400610923767,0,1
B35,mixamorig_LeftToe_End,34,1,0,0,0,0,1,0,0,0,0,1,0,0,0.08402600139379501,0,1
B36,mixamorig_RightUpLeg,0,-0.7365760803222656,0.3831070065498352,-0.557391881942749,0,-0.5737500190734863,-0.7903081178665161,0.21499769389629364,0,-0.3581438660621643,0.47816529870033264,0.8019289374351501,0,-0.1531279981136322,-0.07525999844074249,0.009096999652683735,1
B37,mixamorig_RightLeg,36,0.9892789125442505,-0.10024809837341309,0.10619896650314331,0,0.14602594077587128,0.6686791777610779,-0.7290709018707275,0,0.002074941759929061,0.7367621064186096,0.6761488318443298,0,0,0.4337970018386841,0,1
B38,mixamorig_RightFoot,37,0.9032720327377319,0.4260028600692749,0.05119993910193443,0,-0.2368311882019043,0.3955090641975403,0.8874030113220215,0,0.3577861189842224,-0.8136919140815735,0.4581429958343506,0,0,0.3317689895629883,0,1
B39,mixamorig_RightToeBase,38,0.9726870656013489,-0.003315168898552656,-0.23209668695926666,0,0.16212306916713715,0.7252940535545349,0.6690769195556641,0,0.16612032055854797,-0.6884310245513916,0.7060219049453735,0,0,0.19863300025463104,0,1
B40,mixamorig_RightToe_End,39,1,0,0,0,0,1,0,0,0,0,1,0,0,0.08659999817609787,0,1
@34,0,1,2,3,4,5,7,8,9,10,11,12,13,15,16,17,19,20,21,22,23,24,25,27,28,29,31,32,33,34,36,37,38,39
K0,-0.17483572661876678,-0.0026372773572802544,-0.24377340078353882,0,0.03731318935751915,0.2961585223674774,-0.029965249821543694,0,0.24091534316539764,-0.047783199697732925,-0.17226894199848175,0,-0.0027246742974966764,0.2523516118526459,0.004642166662961245,1,0.9965109825134277,-0.051415812224149704,-0.06574782729148865,0,0.05548818036913872,0.9965519309043884,0.0616910345852375,0,0.06234917417168617,-0.06512396037578583,0.9959269762039185,0,0,0.13538900017738342,-0.008721999824047089,1,0.9988699555397034,0.042534712702035904,-0.021219979971647263,0,-0.04206627979874611,0.9988710284233093,0.022052278742194176,0,0.022134019061923027,-0.021134721115231514,0.9995319247245789,0,0,0.15828099846839905,0,1,0.9995750188827515,0.019817810505628586,-0.021366329863667488,0,-0.019735187292099,0.9997969269752502,0.0040711998008191586,0,0.02144266851246357,-0.003647800302132964,0.999763011932373,0,0,0.18089300394058228,0,1,0.985069990158081,-0.02194621041417122,-0.17075201869010925,0,0.02700078673660755,0.9992619156837463,0.027335848659276962,0,0.1700260043144226,-0.03153814747929573,0.9849350452423096,0,0,0.2035049945116043,0,1,0.9123830199241638,-0.11264322698116302,-0.3935328722000122,0,0.07962477952241898,0.9918659925460815,-0.09930222481489182,0,0.4015180468559265,0.059266772121191025,0.9139319658279419,0,0,0.1708970069885254,0.012180999852716923,1,0.1496276557445526,-0.04659491777420044,-0.9876440167427063,0,0.9292349219322205,-0.3346770405769348,0.1565680205821991,0,-0.33783698081970215,-0.9411799311637878,-0.006779282353818417,0,0.06443499773740768,0.16917000710964203,-0.0021009999327361584,1,0.9575819373130798,0.27697208523750305,-0.07951603084802628,0,-0.21501785516738892,0.8704909086227417,0.44273415207862854,0,0.1918429434299469,-0.4068567752838135,0.8931200504302979,0,0,0.1478630006313324,0,1,-0.0702253207564354,0.8090780377388,0.5834898948669434,0,-0.9887269139289856,0.021087447181344032,-0.1482374221086502,0,-0.13224004209041595,-0.5873224139213562,0.7984766364097595,0,0,0.3846980035305023,0,1,0.5238548517227173,0.05235211178660393,-0.8501970767974854,0,-0.0077958921901881695,0.9983620047569275,0.05667208507657051,0,0.8517719507217407,-0.023059915751218796,0.5234052538871765,0,0,0.29548799991607666,0,1,0.5601881742477417,0.8265288472175598,0.055128924548625946,0,-0.8266381025314331,0.5620757937431335,-0.027190107852220535,0,-0.05346006900072098,-0.030340107157826424,0.998108983039856,0,-0.04470000043511391,0.022832000628113747,0,1,0.9036030769348145,-0.32665982842445374,-0.2771192789077759,0,0.3815562427043915,0.9078139662742615,0.17403708398342133,0,0.19472171366214752,-0.2629968822002411,0.944942057132721,0,0.0032629999332129955,0.040022000670433044,0,1,0.5232842564582825,0.5061907172203064,-0.6855250597000122,0,-0.10186933726072311,0.8358469605445862,0.5394279360771179,0,0.8460471034049988,-0.2124401330947876,0.4889506995677948,0,-0.0047160000540316105,0.06285200268030167,0,1,0.21049873530864716,0.937671959400177,0.27651625871658325,0,-0.9144607782363892,0.08886393159627914,0.3947964310646057,0,0.34561726450920105,-0.33596745133399963,0.8761700987815857,0,0,0.08759299665689468,0,1,0.5834451913833618,0.7945919036865234,0.16797590255737305,0,-0.7762032151222229,0.48470795154571533,0.40319472551345825,0,0.23895590007305145,-0.3656253218650818,0.8995649218559265,0,0.00533499987795949,0.08115100115537643,0,1,0.4658946990966797,0.8503690958023071,0.24456913769245148,0,-0.8271638751029968,0.3204023838043213,0.46167296171188354,0,0.31423211097717285,-0.41738998889923096,0.8526688814163208,0,-0.003978000022470951,0.06615400314331055,0,1,-0.3527543544769287,0.1296500265598297,0.9266908168792725,0,-0.896856963634491,-0.3292829990386963,-0.2953290045261383,0,0.2668541967868805,-0.9352880120277405,0.23243367671966553,0,-0.06443499773740768,0.16918499767780304,-0.0023219999857246876,1,0.989512026309967,-0.029352914541959763,0.1414400339126587,0,-0.04769691079854965,0.857832133769989,0.5117118954658508,0,-0.13635197281837463,-0.5130911469459534,0.8474348783493042,0,0,0.1478630006313324,0,1,0.26644524931907654,-0.9501189589500427,-0.16211599111557007,0,0.9585890173912048,0.27876484394073486,-0.05828091502189636,0,0.10056601464748383,-0.1398739069700241,0.9850490093231201,0,0,0.3846839964389801,0,1,0.4791257679462433,-0.38661128282546997,0.7880160212516785,0,0.4675317406654358,0.8722251057624817,0.14365896582603455,0,-0.7428679466247559,0.29959195852279663,0.5986589789390564,0,0,0.29550600051879883,0,1,0.6952360272407532,-0.6982409954071045,-0.17060595750808716,0,0.6694690585136414,0.5426347851753235,0.5073042511940002,0,-0.2616439461708069,-0.4669117331504822,0.8447101712226868,0,0.045409999787807465,0.022926000878214836,0,1,0.9116619229316711,0.33389511704444885,0.23955616354942322,0,-0.28628790378570557,0.9342471361160278,-0.21265481412410736,0,-0.29480889439582825,0.12528719007968903,0.9473070502281189,0,-0.0014270000392571092,0.0406700000166893,0,1,0.9640920162200928,0.07703893631696701,-0.254148006439209,0,-0.0668160691857338,0.9965800046920776,0.04862764850258827,0,0.25702497363090515,-0.02990034781396389,0.9659420251846313,0,0.009859999641776085,0.06350599974393845,0,1,0.6167981028556824,-0.752072811126709,-0.2322649210691452,0,0.7453051209449768,0.4631250500679016,0.4796208143234253,0,-0.25314193964004517,-0.4689371883869171,0.8461779356002808,0,0,0.0777449980378151,0,1,0.5257629156112671,-0.8284658193588257,-0.19291952252388,0,0.8100070357322693,0.4183570444583893,0.4109339118003845,0,-0.25973549485206604,-0.3723199963569641,0.891019880771637,0,-0.001630999962799251,0.08561699837446213,0,1,0.6341939568519592,-0.7513750791549683,-0.18229900300502777,0,0.7360309362411499,0.5145060420036316,0.4399329721927643,0,-0.23676101863384247,-0.4131810665130615,0.8793330192565918,0,0.0006419999990612268,0.06886699795722961,0,1,-0.6553945541381836,-0.003614655463024974,0.7552772164344788,0,0.6369222402572632,-0.5401048064231873,0.5501067042350769,0,0.40594053268432617,0.8415900468826294,0.3562842011451721,0,0.1531279981136322,-0.07525999844074249,0.00989999994635582,1,0.9584789276123047,-0.11266840994358063,-0.26196324825286865,0,-0.14125940203666687,0.6104191541671753,-0.7793808579444885,0,0.24771876633167267,0.784024178981781,0.5691578984260559,0,0,0.43355700373649597,0,1,0.9991539716720581,-0.04109472036361694,-0.0012991809053346515,0,0.029560279101133347,0.6960318684577942,0.7174020409584045,0,-0.028577180579304695,-0.7168338298797607,0.6966581344604492,0,0,0.3312470018863678,0,1,0.9822779297828674,-0.011292077600955963,0.1870870590209961,0,-0.12568508088588715,0.7008060216903687,0.7021931409835815,0,-0.1390409618616104,-0.7132629156112671,0.6869670748710632,0,0,0.20004400610923767,0,1,-0.7365760803222656,0.3831069767475128,-0.5573920011520386,0,-0.5737500786781311,-0.7903081774711609,0.21499767899513245,0,-0.35814395546913147,0.4781653583049774,0.8019288778305054,0,-0.1531279981136322,-0.07525999844074249,0.009096999652683735,1,0.9892789721488953,-0.10024808347225189,0.10619893670082092,0,0.1460259109735489,0.6686791777610779,-0.7290709614753723,0,0.0020749468822032213,0.7367621064186096,0.6761488318443298,0,0,0.4337970018386841,0,1,0.9032720923423767,0.4260028004646301,0.05120006203651428,0,-0.2368312031030655,0.39550894498825073,0.8874030113220215,0,0.35778605937957764,-0.8136919736862183,0.4581429064273834,0,0,0.3317689895629883,0,1,0.9726870656013489,-0.0033150443341583014,-0.2320966273546219,0,0.1621229499578476,0.7252940535545349,0.6690769791603088,0,0.16612035036087036,-0.6884310245513916,0.7060219049453735,0,0,0.19863300025463104,0,1
K0.033,-0.17630857229232788,0.006747936364263296,-0.2426307648420334,0,0.03812466934323311,0.2969316244125366,-0.019445311278104782,0,0.2397119253873825,-0.042262010276317596,-0.1753629893064499,0,-0.003771805902943015,0.2502458989620209,0.0023483613040298223,1,0.9969249963760376,-0.037199728190898895,-0.06896406412124634,0,0.04172994941473007,0.9969819784164429,0.06545683741569519,0,0.0663209781050682,-0.06813345104455948,0.9954689145088196,0,0,0.13538900017738342,-0.008721999824047089,1,0.9986889958381653,0.045851338654756546,-0.02274995855987072,0,-0.04509689286351204,0.9984490275382996,0.03263549879193306,0,0.024211058393120766,-0.031566765159368515,0.9992079734802246,0,0,0.15828099846839905,0,1,0.9993759393692017,0.01730317622423172,0.030782457441091537,0,-0.02349783666431904,0.9765648245811462,0.21393676102161407,0,-0.02635929547250271,-0.2145266979932785,0.9763626456260681,0,0,0.18089300394058228,0,1,0.9830280542373657,-0.02721717208623886,-0.18142640590667725,0,0.009774068370461464,0.9952989816665649,-0.09635332971811295,0,0.18319599330425262,0.09294476360082626,0.9786729216575623,0,0,0.2035049945116043,0,1,0.908596932888031,-0.16720879077911377,-0.38274386525154114,0,0.07758575677871704,0.9679878950119019,-0.23870247602462769,0,0.4104047417640686,0.18718892335891724,0.8924841284751892,0,0,0.1708970069885254,0.012180999852716923,1,0.11164066940546036,-0.04073288291692734,-0.9929130673408508,0,0.9293642044067383,-0.34951579570770264,0.11883381754159927,0,-0.351879358291626,-0.9360449314117432,-0.0011645294725894928,0,0.06443499773740768,0.16917000710964203,-0.0021009999327361584,1,0.9767900705337524,0.21386374533176422,-0.011988387443125248,0,-0.19488394260406494,0.9105410575866699,0.3646019995212555,0,0.08889105170965195,-0.35380321741104126,0.9310858845710754,0,0,0.1478630006313324,0,1,-0.1538657546043396,0.8295960426330566,0.5367457866668701,0,-0.982779860496521,-0.07224242389202118,-0.170069620013237,0,-0.10231323540210724,-0.5536709427833557,0.826426088809967,0,0,0.3846980035305023,0,1,0.526441752910614,0.15456341207027435,-0.8360439538955688,0,-0.11419311165809631,0.9872807860374451,0.11061795800924301,0,0.8425078988075256,0.03723655641078949,0.5373961329460144,0,0,0.29548799991607666,0,1,0.5601881742477417,0.8265288472175598,0.055128924548625946,0,-0.8266381025314331,0.5620757937431335,-0.027190107852220535,0,-0.05346006900072098,-0.030340107157826424,0.998108983039856,0,-0.04470000043511391,0.022832000628113747,0,1,0.9036030769348145,-0.32665982842445374,-0.2771192789077759,0,0.3815562427043915,0.9078139662742615,0.17403708398342133,0,0.19472171366214752,-0.2629968822002411,0.944942057132721,0,0.0032629999332129955,0.040022000670433044,0,1,0.5232850313186646,0.5061908960342407,-0.6855249404907227,0,-0.10186909884214401,0.8358468413352966,0.5394282341003418,0,0.8460469841957092,-0.21244077384471893,0.48895105719566345,0,-0.0047160000540316105,0.06285200268030167,0,1,0.21049903333187103,0.9376718401908875,0.27651655673980713,0,-0.9144610166549683,0.08886398375034332,0.3947969973087311,0,0.3456175625324249,-0.33596786856651306,0.8761698007583618,0,0,0.08759299665689468,0,1,0.5834459662437439,0.7945922017097473,0.16797472536563873,0,-0.776202917098999,0.48470890522003174,0.40319502353668213,0,0.23895671963691711,-0.36562490463256836,0.8995660543441772,0,0.00533499987795949,0.08115100115537643,0,1,0.46589407324790955,0.8503699898719788,0.24457013607025146,0,-0.8271641135215759,0.3204011619091034,0.46167266368865967,0,0.31423211097717285,-0.41739028692245483,0.8526687026023865,0,-0.003978000022470951,0.06615400314331055,0,1,-0.3612062633037567,0.1269787847995758,0.9237999320030212,0,-0.8926770687103271,-0.3334607183933258,-0.3032020926475525,0,0.2695508897304535,-0.9341740012168884,0.23379923403263092,0,-0.06443499773740768,0.16918499767780304,-0.0023219999857246876,1,0.9936999678611755,0.023592153564095497,0.10956104844808578,0,-0.07176738232374191,0.8848112225532532,0.4603884816169739,0,-0.08607932925224304,-0.4653511643409729,0.880930483341217,0,0,0.1478630006313324,0,1,0.1830998808145523,-0.9809992909431458,-0.06414336711168289,0,0.9777182936668396,0.1885250359773636,-0.09233712404966354,0,0.10267531871795654,-0.04580723121762276,0.9936599731445312,0,0,0.3846839964389801,0,1,0.5103952288627625,-0.3843378722667694,0.7692738771438599,0,0.3533174991607666,0.9092972278594971,0.2198772132396698,0,-0.7840052843093872,0.1595735400915146,0.5998939275741577,0,0,0.29550600051879883,0,1,0.6952359080314636,-0.6982409358024597,-0.17060545086860657,0,0.669468879699707,0.5426349639892578,0.5073041915893555,0,-0.2616444528102875,-0.46691176295280457,0.8447110056877136,0,0.045409999787807465,0.022926000878214836,0,1,0.9116619229316711,0.33389538526535034,0.23955568671226501,0,-0.2862885892391205,0.9342472553253174,-0.2126537561416626,0,-0.2948082983493805,0.12528623640537262,0.9473078846931458,0,-0.0014270000392571092,0.0406700000166893,0,1,0.9640989899635315,0.07676582783460617,-0.2542029321193695,0,-0.0665251761674881,0.996597945690155,0.04865329712629318,0,0.2570730447769165,-0.029995698481798172,0.9659259915351868,0,0.009859999641776085,0.06350599974393845,0,1,0.617026686668396,-0.7517241835594177,-0.2327842116355896,0,0.745252788066864,0.46318519115448,0.47964322566986084,0,-0.2527371942996979,-0.4694357216358185,0.8460221290588379,0,0,0.0777449980378151,0,1,0.525763988494873,-0.8284649848937988,-0.19291917979717255,0,0.8100060224533081,0.4183579385280609,0.41093406081199646,0,-0.2597351670265198,-0.3723199665546417,0.8910189867019653,0,-0.001630999962799251,0.08561699837446213,0,1,0.6341939568519592,-0.7513750791549683,-0.18229900300502777,0,0.7360309362411499,0.5145060420036316,0.4399329721927643,0,-0.23676101863384247,-0.4131810665130615,0.8793330192565918,0,0.0006419999990612268,0.06886699795722961,0,1,-0.6675379872322083,0.004850765224546194,0.7445600032806396,0,0.6138858199119568,-0.5622974634170532,0.5540448427200317,0,0.42135149240493774,0.8269203901290894,0.37237682938575745,0,0.1531279981136322,-0.07525999844074249,0.00989999994635582,1,0.9610788822174072,-0.12015333771705627,-0.2487790286540985,0,-0.1367489993572235,0.5755425095558167,-0.806257426738739,0,0.24005736410617828,0.808897078037262,0.536710798740387,0,0,0.43355700373649597,0,1,0.9996809959411621,-0.02524012327194214,-0.0002989029453601688,0,0.017209457233548164,0.6728535294532776,0.7395753860473633,0,-0.01846587285399437,-0.7393451929092407,0.6730738282203674,0,0,0.3312470018863678,0,1,0.9822789430618286,-0.011290987953543663,0.187086284160614,0,-0.12568499147891998,0.7008067965507507,0.7021921277046204,0,-0.13903968036174774,-0.7132619023323059,0.6869681477546692,0,0,0.20004400610923767,0,1,-0.6983354687690735,0.4351269602775574,-0.5683229565620422,0,-0.6259994506835938,-0.7562788128852844,0.19017407298088074,0,-0.34706106781959534,0.4885755479335785,0.8005262613296509,0,-0.1531279981136322,-0.07525999844074249,0.009096999652683735,1,0.9898149371147156,-0.06688768416643143,0.12566746771335602,0,0.1387488842010498,0.6508219242095947,-0.746444046497345,0,-0.03185924515128136,0.7562779188156128,0.6534740924835205,0,0,0.4337970018386841,0,1,0.9004260897636414,0.43235984444618225,0.04793069511651993,0,-0.23108533024787903,0.38206109404563904,0.8947789669036865,0,0.36855393648147583,-0.8167582154273987,0.44392967224121094,0,0,0.3317689895629883,0,1,0.9726870656013489,-0.0033155386336147785,-0.2320968210697174,0,0.162123441696167,0.7252941131591797,0.6690769195556641,0,0.16612015664577484,-0.6884310245513916,0.7060219049453735,0,0,0.19863300025463104,0,1
K0.067,-0.17901591956615448,0.01768101379275322,-0.2400846928358078,0,0.028822332620620728,0.29861190915107727,0.0005002551479265094,0,0.23900336027145386,-0.022767499089241028,-0.1798863559961319,0,-0.0025345764588564634,0.248418927192688,-0.0011991929495707154,1,0.9972469806671143,-0.02138531766831875,-0.07100573927164078,0,0.027017956599593163,0.9964810013771057,0.07933885604143143,0,0.06905922293663025,-0.08103889971971512,0.9943159818649292,0,0,0.13538900017738342,-0.008721999824047089,1,0.9981210231781006,0.05680453032255173,-0.022986993193626404,0,-0.05571526661515236,0.9974079728126526,0.04553504288196564,0,0.025513989850878716,-0.04416872560977936,0.9986979961395264,0,0,0.15828099846839905,0,1,0.9976279735565186,0.009904214181005955,0.06811362504959106,0,-0.03199677914381027,0.942899227142334,0.33153727650642395,0,-0.06094073876738548,-0.3329305946826935,0.9409805536270142,0,0,0.18089300394058228,0,1,0.9874109625816345,-0.037768203765153885,-0.1536012589931488,0,0.02211858332157135,0.9945030808448792,-0.10234592854976654,0,0.1566222459077835,0.09765999019145966,0.9828179478645325,0,0,0.2035049945116043,0,1,0.9132359623908997,-0.19438482820987701,-0.35807013511657715,0,0.10177671909332275,0.9598270058631897,-0.2614840567111969,0,0.39451414346694946,0.2023535817861557,0.8963329792022705,0,0,0.1708970069885254,0.012180999852716923,1,0.07326941192150116,-0.033508848398923874,-0.9967489838600159,0,0.9269030690193176,-0.3665757477283478,0.08045873790979385,0,-0.36808013916015625,-0.9297849535942078,0.0042006876319646835,0,0.06443499773740768,0.16917000710964203,-0.0021009999327361584,1,0.981112003326416,0.1930001676082611,0.01307500246912241,0,-0.18385815620422363,0.9093570709228516,0.3731827139854431,0,0.060134485363960266,-0.3685380220413208,0.9276659488677979,0,0,0.1478630006313324,0,1,-0.12786424160003662,0.8557418584823608,0.5013552904129028,0,-0.980544924736023,-0.0331609807908535,-0.19347433745861053,0,-0.14893870055675507,-0.516339898109436,0.8433334827423096,0,0,0.3846980035305023,0,1,0.5049043297767639,0.2844456732273102,-0.8149613738059998,0,-0.22337225079536438,0.9550394415855408,0.1949481964111328,0,0.8337722420692444,0.08360952138900757,0.5457407236099243,0,0,0.29548799991607666,0,1,0.5601881742477417,0.8265288472175598,0.055128924548625946,0,-0.8266381025314331,0.5620757937431335,-0.027190107852220535,0,-0.05346006900072098,-0.030340107157826424,0.998108983039856,0,-0.04470000043511391,0.022832000628113747,0,1,0.9036030769348145,-0.32665982842445374,-0.2771192789077759,0,0.3815562427043915,0.9078139662742615,0.17403708398342133,0,0.19472171366214752,-0.2629968822002411,0.944942057132721,0,0.0032629999332129955,0.040022000670433044,0,1,0.5232847332954407,0.5061900615692139,-0.685525119304657,0,-0.10186893492937088,0.8358472585678101,0.5394275784492493,0,0.8460468649864197,-0.21244041621685028,0.4889509677886963,0,-0.0047160000540316105,0.06285200268030167,0,1,0.21049903333187103,0.9376718401908875,0.27651655673980713,0,-0.9144610166549683,0.08886398375034332,0.3947969973087311,0,0.3456175625324249,-0.33596786856651306,0.8761698007583618,0,0,0.08759299665689468,0,1,0.5834458470344543,0.7945911288261414,0.167975053191185,0,-0.7762028574943542,0.484709233045578,0.403194785118103,0,0.2389560490846634,-0.36562517285346985,0.8995658755302429,0,0.00533499987795949,0.08115100115537643,0,1,0.4658941328525543,0.8503698110580444,0.24456942081451416,0,-0.8271641135215759,0.32040145993232727,0.4616732895374298,0,0.31423240900039673,-0.4173896908760071,0.8526679277420044,0,-0.003978000022470951,0.06615400314331055,0,1,-0.38127779960632324,0.12187093496322632,0.9163920879364014,0,-0.8832491636276245,-0.34069061279296875,-0.3221798539161682,0,0.272941917181015,-0.9322429299354553,0.23754028975963593,0,-0.06443499773740768,0.16918499767780304,-0.0023219999857246876,1,0.9947320222854614,0.05898067355155945,0.08384738117456436,0,-0.08749986439943314,0.9146436452865601,0.39467692375183105,0,-0.05341215059161186,-0.3999342918395996,0.9149858355522156,0,0,0.1478630006313324,0,1,0.08924585580825806,-0.9959549307823181,-0.010451081208884716,0,0.9877919554710388,0.08984973281621933,-0.12725389003753662,0,0.12767814099788666,0.0010333870304748416,0.991814911365509,0,0,0.3846839964389801,0,1,0.5418328046798706,-0.3734569549560547,0.7529591917991638,0,0.21088850498199463,0.9276109337806702,0.3083253502845764,0,-0.8135988116264343,-0.008270340971648693,0.5813673734664917,0,0,0.29550600051879883,0,1,0.6952361464500427,-0.6982408761978149,-0.1706061065196991,0,0.6694691777229309,0.5426348447799683,0.5073049068450928,0,-0.2616441249847412,-0.4669121205806732,0.8447099328041077,0,0.045409999787807465,0.022926000878214836,0,1,0.9116620421409607,0.33389562368392944,0.239556223154068,0,-0.28628838062286377,0.9342467784881592,-0.21265433728694916,0,-0.2948087751865387,0.12528663873672485,0.9473071098327637,0,-0.0014270000392571092,0.0406700000166893,0,1,0.9641060829162598,0.07651502639055252,-0.254253625869751,0,-0.06625796854496002,0.9966140389442444,0.048676759004592896,0,0.257117360830307,-0.030083244666457176,0.9659118056297302,0,0.009859999641776085,0.06350599974393845,0,1,0.6172891855239868,-0.7513749003410339,-0.23321692645549774,0,0.745137095451355,0.46325498819351196,0.47975483536720276,0,-0.25243693590164185,-0.46992623805999756,0.8458399176597595,0,0,0.0777449980378151,0,1,0.5257628560066223,-0.8284658789634705,-0.1929195374250412,0,0.8100069761276245,0.41835686564445496,0.4109341502189636,0,-0.25973549485206604,-0.3723197877407074,0.8910189270973206,0,-0.001630999962799251,0.08561699837446213,0,1,0.6341949701309204,-0.751375138759613,-0.18229879438877106,0,0.7360308766365051,0.5145071148872375,0.4399331510066986,0,-0.23676081001758575,-0.413180947303772,0.8793331384658813,0,0.0006419999990612268,0.06886699795722961,0,1,-0.6610856652259827,-0.0126098757609725,0.7502043843269348,0,0.5937851667404175,-0.620022714138031,0.512826144695282,0,0.4586772322654724,0.7844825983047485,0.4173758327960968,0,0.1531279981136322,-0.07525999844074249,0.00989999994635582,1,0.9544500708580017,-0.15214188396930695,-0.2566656172275543,0,-0.13643816113471985,0.542469322681427,-0.8289218544960022,0,0.26534709334373474,0.8261839151382446,0.49700218439102173,0,0,0.43355700373649597,0,1,0.9999639391899109,-0.0050253672525286674,0.0068241748958826065,0,-0.002015015110373497,0.6411503553390503,0.7674128413200378,0,-0.008231853134930134,-0.7673988938331604,0.6411171555519104,0,0,0.3312470018863678,0,1,0.9822791218757629,-0.011291681788861752,0.18708662688732147,0,-0.1256846785545349,0.7008061408996582,0.7021918892860413,0,-0.13904033601284027,-0.7132620811462402,0.6869677901268005,0,0,0.20004400610923767,0,1,-0.6438336968421936,0.5196739435195923,-0.5616200566291809,0,-0.676913857460022,-0.7290420532226562,0.10141333937644958,0,-0.35674288868904114,0.44546183943748474,0.8211565613746643,0,-0.1531279981136322,-0.07525999844074249,0.009096999652683735,1,0.9879980683326721,-0.030478274449706078,0.15142659842967987,0,0.13450808823108673,0.651721179485321,-0.7464368343353271,0,-0.07593780010938644,0.7578461766242981,0.6479988098144531,0,0,0.4337970018386841,0,1,0.895241916179657,0.44333016872406006,0.04472313076257706,0,-0.22625471651554108,0.365818053483963,0.9027659893035889,0,0.3838629722595215,-0.8183128833770752,0.427801251411438,0,0,0.3317689895629883,0,1,0.9726429581642151,-0.003097245469689369,-0.23228609561920166,0,0.16208575665950775,0.7253510355949402,0.6690239906311035,0,0.16641689836978912,-0.6883720755577087,0.7060099244117737,0,0,0.19863300025463104,0,1
K0.100,-0.18224667012691498,0.026776837185025215,-0.23678919672966003,0,0.00890425406396389,0.29865720868110657,0.02691982500255108,0,0.23813198506832123,0.009325388818979263,-0.18222562968730927,0,0.0011375762987881899,0.24655501544475555,-0.004281533416360617,1,0.9974269270896912,-0.0025167004205286503,-0.07165102660655975,0,0.010031227953732014,0.9944519400596619,0.1047113910317421,0,0.0709899514913559,-0.1051606759428978,0.9919180274009705,0,0,0.13538900017738342,-0.008721999824047089,1,0.9963790774345398,0.08413178473711014,-0.012288962490856647,0,-0.0831703171133995,0.9944360256195068,0.06465218961238861,0,0.017659880220890045,-0.06339597702026367,0.9978320002555847,0,0,0.15828099846839905,0,1,0.9974939227104187,0.027164176106452942,0.06533312797546387,0,-0.04279685765504837,0.9669420719146729,0.25137969851493835,0,-0.056344810873270035,-0.25354573130607605,0.9656811356544495,0,0,0.18089300394058228,0,1,0.9940299987792969,-0.07723034173250198,-0.07706458866596222,0,0.08242971450090408,0.9943600296974182,0.0667342096567154,0,0.0714760571718216,-0.07268822938203812,0.9947899580001831,0,0,0.2035049945116043,0,1,0.9244349598884583,-0.19707375764846802,-0.3264692723751068,0,0.16921333968639374,0.9792010188102722,-0.11194954067468643,0,0.3417414128780365,0.04824711009860039,0.9385553002357483,0,0,0.1708970069885254,0.012180999852716923,1,0.03519793972373009,-0.024936161935329437,-0.9990689158439636,0,0.922913134098053,-0.38270455598831177,0.04206695407629013,0,-0.38339701294898987,-0.9235339164733887,0.00954355113208294,0,0.06443499773740768,0.16917000710964203,-0.0021009999327361584,1,0.9800059795379639,0.19468386471271515,-0.04107315093278885,0,-0.14883577823638916,0.8542870283126831,0.498037189245224,0,0.13204801082611084,-0.4819660782814026,0.8661819696426392,0,0,0.1478630006313324,0,1,0.021730054169893265,0.881412923336029,0.4718450605869293,0,-0.9690200090408325,0.1347092241048813,-0.20701204240322113,0,-0.2460249960422516,-0.4527289569377899,0.8570340871810913,0,0,0.3846980035305023,0,1,0.4886748790740967,0.39546114206314087,-0.7776930332183838,0,-0.2770230174064636,0.9155780076980591,0.2915049195289612,0,0.827318012714386,0.07298775762319565,0.5569721460342407,0,0,0.29548799991607666,0,1,0.5601881742477417,0.8265288472175598,0.055128924548625946,0,-0.8266381025314331,0.5620757937431335,-0.027190107852220535,0,-0.05346006900072098,-0.030340107157826424,0.998108983039856,0,-0.04470000043511391,0.022832000628113747,0,1,0.9036030173301697,-0.3266602158546448,-0.27711984515190125,0,0.38155677914619446,0.9078141450881958,0.17403699457645416,0,0.19472214579582214,-0.26299700140953064,0.9449419379234314,0,0.0032629999332129955,0.040022000670433044,0,1,0.5232841372489929,0.5061911344528198,-0.6855248212814331,0,-0.10186987370252609,0.8358469009399414,0.539428174495697,0,0.8460471630096436,-0.21243979036808014,0.48895078897476196,0,-0.0047160000540316105,0.06285200268030167,0,1,0.21049897372722626,0.9376720190048218,0.27651679515838623,0,-0.9144609570503235,0.08886406570672989,0.39479607343673706,0,0.34561678767204285,-0.33596789836883545,0.8761700987815857,0,0,0.08759299665689468,0,1,0.5834453701972961,0.7945917844772339,0.16797523200511932,0,-0.7762032151222229,0.4847085177898407,0.4031950533390045,0,0.2389562427997589,-0.36562496423721313,0.8995649814605713,0,0.00533499987795949,0.08115100115537643,0,1,0.4658946990966797,0.8503690958023071,0.24456913769245148,0,-0.8271638751029968,0.3204023838043213,0.46167296171188354,0,0.31423211097717285,-0.41738998889923096,0.8526688814163208,0,-0.003978000022470951,0.06615400314331055,0,1,-0.4079868197441101,0.12365743517875671,0.9045751690864563,0,-0.8752022385597229,-0.33505889773368835,-0.3489355444908142,0,0.25993743538856506,-0.9340471625328064,0.24492481350898743,0,-0.06443499773740768,0.16918499767780304,-0.0023219999857246876,1,0.9923540353775024,0.0928458720445633,0.08132698386907578,0,-0.1150391474366188,0.9345068335533142,0.3368433713912964,0,-0.044726092368364334,-0.343623548746109,0.9380422234535217,0,0,0.1478630006313324,0,1,0.032205089926719666,-0.9994640350341797,0.005914316978305578,0,0.9884289503097534,0.030970830470323563,-0.1484890878200531,0,0.14822623133659363,0.010627981275320053,0.9888959527015686,0,0,0.3846839964389801,0,1,0.5753487944602966,-0.3529004156589508,0.7378588914871216,0,0.05752835422754288,0.917354941368103,0.3938911557197571,0,-0.8158830404281616,-0.18417704105377197,0.5481009483337402,0,0,0.29550600051879883,0,1,0.6952362656593323,-0.6982406377792358,-0.17060543596744537,0,0.6694692373275757,0.5426356792449951,0.5073049664497375,0,-0.2616444230079651,-0.46691203117370605,0.8447108864784241,0,0.045409999787807465,0.022926000878214836,0,1,0.9116611480712891,0.33389583230018616,0.23955556750297546,0,-0.28628918528556824,0.9342470765113831,-0.21265387535095215,0,-0.29480841755867004,0.12528613209724426,0.947307825088501,0,-0.0014270000392571092,0.0406700000166893,0,1,0.9641119241714478,0.07628925144672394,-0.25429898500442505,0,-0.066017746925354,0.9966290593147278,0.048696938902139664,0,0.25715696811676025,-0.030161067843437195,0.9658989906311035,0,0.009859999641776085,0.06350599974393845,0,1,0.6174958348274231,-0.7510782480239868,-0.23362600803375244,0,0.7450448274612427,0.46326348185539246,0.47989076375961304,0,-0.2522050142288208,-0.47039222717285156,0.8456498980522156,0,0,0.0777449980378151,0,1,0.5257627367973328,-0.8284660577774048,-0.19291932880878448,0,0.810006856918335,0.41835686564445496,0.41093334555625916,0,-0.2597353160381317,-0.37231963872909546,0.8910201191902161,0,-0.001630999962799251,0.08561699837446213,0,1,0.6341941356658936,-0.7513749599456787,-0.18229804933071136,0,0.7360310554504395,0.514506995677948,0.4399329721927643,0,-0.23676104843616486,-0.41318008303642273,0.879332959651947,0,0.0006419999990612268,0.06886699795722961,0,1,-0.6467777490615845,-0.06904516369104385,0.759546160697937,0,0.5785309076309204,-0.6933522820472717,0.42960959672927856,0,0.4969708323478699,0.7172831892967224,0.48838984966278076,0,0.1531279981136322,-0.07525999844074249,0.00989999994635582,1,0.9408469796180725,-0.18058857321739197,-0.2866962254047394,0,-0.15649059414863586,0.5188867449760437,-0.8403972387313843,0,0.3005288243293762,0.8355498313903809,0.4599322974681854,0,0,0.43355700373649597,0,1,0.9998829960823059,-0.004254622850567102,0.014694024808704853,0,-0.009065572172403336,0.6089048385620117,0.7931911945343018,0,-0.012321997433900833,-0.7932319045066833,0.6087952256202698,0,0,0.3312470018863678,0,1,0.9822790026664734,-0.011290282011032104,0.1870860457420349,0,-0.12568527460098267,0.7008060812950134,0.7021918296813965,0,-0.13903895020484924,-0.713262140750885,0.6869679689407349,0,0,0.20004400610923767,0,1,-0.5969848036766052,0.6144201159477234,-0.515845000743866,0,-0.7053560018539429,-0.7083250284194946,-0.027376985177397728,0,-0.38220685720443726,0.3475106954574585,0.8562441468238831,0,-0.1531279981136322,-0.07525999844074249,0.009096999652683735,1,0.9833199977874756,-0.013640024699270725,0.18137164413928986,0,0.14504598081111908,0.6604729890823364,-0.7367069125175476,0,-0.1097424104809761,0.7507261037826538,0.6514349579811096,0,0,0.4337970018386841,0,1,0.8844999074935913,0.46446821093559265,0.04391997307538986,0,-0.22335375845432281,0.3389190435409546,0.913918137550354,0,0.40960103273391724,-0.8181710243225098,0.4035150110721588,0,0,0.3317689895629883,0,1,0.9727579951286316,-0.0036572464741766453,-0.23179315030574799,0,0.16217774152755737,0.7252028584480286,0.669163167476654,0,0.16564983129501343,-0.6885257363319397,0.7060402631759644,0,0,0.19863300025463104,0,1
