4.300,30,128,41
B0,mixamorig_Hips,-1,0.5837010145187378,-0.008629713207483292,0.8119230270385742,0,-0.12435703724622726,0.9871960282325745,0.09989438951015472,0,-0.8023890256881714,-0.15927675366401672,0.5751540064811707,0,0.009006000123918056,0.8413950204849243,-0.015692999586462975,1
B1,mixamorig_Spine,0,0.9965050220489502,-0.05157295614480972,-0.06571091711521149,0,0.055643048137426376,0.9965429306030273,0.06169311702251434,0,0.06230207160115242,-0.06513386964797974,0.9959299564361572,0,0,0.13538900017738342,-0.008721999824047089,1
B2,mixamorig_Spine1,1,0.9988699555397034,0.042534708976745605,-0.021219976246356964,0,-0.04206627607345581,0.9988710284233093,0.022052280604839325,0,0.02213401533663273,-0.021134722977876663,0.9995319247245789,0,0,0.15828099846839905,0,1
B3,mixamorig_Spine2,2,0.9995750784873962,0.0198217760771513,-0.021362006664276123,0,-0.019735228270292282,0.9997959733009338,0.004254697356373072,0,0.021441999822854996,-0.0038313078694045544,0.999763011932373,0,0,0.18089300394058228,0,1
B4,mixamorig_Neck,3,0.985069990158081,-0.021946195513010025,-0.17075203359127045,0,0.02700086124241352,0.9992619156837463,0.027336360886693,0,0.1700259894132614,-0.03153866529464722,0.9849349856376648,0,0,0.2035049945116043,0,1
B5,mixamorig_Head,4,0.9123829007148743,-0.11264337599277496,-0.39353305101394653,0,0.0796247273683548,0.9918660521507263,-0.09930271655321121,0,0.40151792764663696,0.059267155826091766,0.9139310717582703,0,0,0.1708970069885254,0.012180999852716923,1
B6,mixamorig_HeadTop_End,5,1,0,0,0,0,1,0,0,0,0,1,0,0,0.5830889940261841,0.04156000167131424,1
B7,mixamorig_LeftShoulder,3,0.14962773025035858,-0.04659508541226387,-0.9876440167427063,0,0.9292349219322205,-0.3346770405769348,0.15656818449497223,0,-0.33783695101737976,-0.9411799907684326,-0.006779196206480265,0,0.06443499773740768,0.16917000710964203,-0.0021009999327361584,1
B8,mixamorig_LeftArm,7,0.9575821161270142,0.2769717276096344,-0.07951684296131134,0,-0.21501722931861877,0.870491087436676,0.4427337050437927,0,0.19184330105781555,-0.40685614943504333,0.8931198120117188,0,0,0.1478630006313324,0,1
B9,mixamorig_LeftForeArm,8,-0.07022576779127121,0.8090777397155762,0.5834903120994568,0,-0.9887269735336304,0.021086694672703743,-0.14823704957962036,0,-0.1322391778230667,-0.5873227119445801,0.7984761595726013,0,0,0.3846980035305023,0,1
B10,mixamorig_LeftHand,9,0.5238561034202576,0.05235128477215767,-0.8501969575881958,0,-0.007794718258082867,0.9983620047569275,0.05667183920741081,0,0.8517710566520691,-0.023060839623212814,0.5234060287475586,0,0,0.29548799991607666,0,1
B11,mixamorig_LeftHandThumb1,10,0.5601881742477417,0.8265288472175598,0.05512889847159386,0,-0.8266381025314331,0.5620757937431335,-0.027190061286091805,0,-0.0534600168466568,-0.03034011274576187,0.998108983039856,0,-0.04470000043511391,0.022832000628113747,0,1
B12,mixamorig_LeftHandThumb2,11,0.9036030769348145,-0.32665976881980896,-0.2771192789077759,0,0.3815561830997467,0.9078140258789062,0.17403702437877655,0,0.1947217434644699,-0.2629968225955963,0.944942057132721,0,0.0032629999332129955,0.040022000670433044,0,1
B13,mixamorig_LeftHandThumb3,12,0.5232842564582825,0.5061907768249512,-0.6855249404907227,0,-0.10186933726072311,0.8358469009399414,0.5394279956817627,0,0.8460471034049988,-0.2124401181936264,0.4889506697654724,0,-0.0047160000540316105,0.06285200268030167,0,1
B14,mixamorig_LeftHandThumb4,13,1,0,0,0,0,1,0,0,0,0,1,0,0.0014530000044032931,0.05391699820756912,0,1
B15,mixamorig_LeftHandIndex1,10,0.21049873530864716,0.9376721978187561,0.2765158712863922,0,-0.9144610166549683,0.088864266872406,0.3947960138320923,0,0.34561699628829956,-0.3359672427177429,0.8761709332466125,0,0,0.08759299665689468,0,1
B16,mixamorig_LeftHandIndex2,15,0.5834459662437439,0.7945910096168518,0.16797596216201782,0,-0.7762028574943542,0.4847089350223541,0.40319520235061646,0,0.2389557659626007,-0.36562594771385193,0.8995650410652161,0,0.00533499987795949,0.08115100115537643,0,1
B17,mixamorig_LeftHandIndex3,16,0.4658946990966797,0.8503690958023071,0.24456916749477386,0,-0.8271638751029968,0.3204023838043213,0.46167296171188354,0,0.31423208117485046,-0.41739001870155334,0.8526688814163208,0,-0.003978000022470951,0.06615400314331055,0,1
B18,mixamorig_LeftHandIndex4,17,1,0,0,0,0,1,0,0,0,0,1,0,-0.0013569999719038606,0.05521000176668167,0,1
B19,mixamorig_RightShoulder,3,-0.3527543246746063,0.1296500265598297,0.9266909956932068,0,-0.8968571424484253,-0.3292839825153351,-0.2953287661075592,0,0.26685506105422974,-0.9352880716323853,0.23243384063243866,0,-0.06443499773740768,0.16918499767780304,-0.0023219999857246876,1
B20,mixamorig_RightArm,19,0.9895110130310059,-0.02935325726866722,0.14144089818000793,0,-0.0476972796022892,0.8578320145606995,0.5117130279541016,0,-0.13635295629501343,-0.5130919218063354,0.8474339842796326,0,0,0.1478630006313324,0,1
B21,mixamorig_RightForeArm,20,0.2664441764354706,-0.9501188397407532,-0.16211433708667755,0,0.9585899710655212,0.27876389026641846,-0.05828072130680084,0,0.10056518763303757,-0.13987256586551666,0.9850490093231201,0,0,0.3846839964389801,0,1
B22,mixamorig_RightHand,21,0.47912684082984924,-0.3866102695465088,0.7880159020423889,0,0.4675310254096985,0.8722250461578369,0.1436576098203659,0,-0.742867112159729,0.2995917797088623,0.5986589789390564,0,0,0.29550600051879883,0,1
B23,mixamorig_RightHandThumb1,22,0.695236086845398,-0.6982409358024597,-0.17060594260692596,0,0.6694690585136414,0.5426349639892578,0.5073040127754211,0,-0.2616439759731293,-0.46691200137138367,0.8447110652923584,0,0.045409999787807465,0.022926000878214836,0,1
B24,mixamorig_RightHandThumb2,23,0.9116619229316711,0.3338950276374817,0.23955616354942322,0,-0.2862878739833832,0.9342469573020935,-0.21265429258346558,0,-0.2948087155818939,0.1252867579460144,0.9473071098327637,0,-0.0014270000392571092,0.0406700000166893,0,1
B25,mixamorig_RightHandThumb3,24,0.9641301035881042,0.07701897621154785,-0.25401070713996887,0,-0.06679690629243851,0.9965799450874329,0.04863836616277695,0,0.2568882405757904,-0.02992660365998745,0.9659780263900757,0,0.009859999641776085,0.06350599974393845,0,1
B26,mixamorig_RightHandThumb4,25,1,0,0,0,0,1,0,0,0,0,1,0,-0.008431999944150448,0.0511230006814003,0,1
B27,mixamorig_RightHandIndex1,22,0.6168389320373535,-0.7520461082458496,-0.23224163055419922,0,0.7453351020812988,0.46328312158584595,0.4794206917285919,0,-0.2529529631137848,-0.4688233733177185,0.8462977409362793,0,0,0.0777449980378151,0,1
B28,mixamorig_RightHandIndex2,27,0.5257630944252014,-0.8284649848937988,-0.19291965663433075,0,0.8100070357322693,0.4183577299118042,0.410933256149292,0,-0.259734570980072,-0.3723200857639313,0.8910201787948608,0,-0.001630999962799251,0.08561699837446213,0,1
B29,mixamorig_RightHandIndex3,28,0.6341940760612488,-0.7513749599456787,-0.18229903280735016,0,0.7360310554504395,0.5145061016082764,0.43993377685546875,0,-0.2367611974477768,-0.4131810665130615,0.8793318867683411,0,0.0006419999990612268,0.06886699795722961,0,1
B30,mixamorig_RightHandIndex4,29,1,0,0,0,0,1,0,0,0,0,1,0,0.0009889999637380242,0.05904199928045273,0,1
B31,mixamorig_LeftUpLeg,0,-0.7057278156280518,-0.11502325534820557,0.6990832686424255,0,0.6346415877342224,-0.5412444472312927,0.5516202449798584,0,0.31492581963539124,0.8329613208770752,0.45496976375579834,0,0.1531279981136322,-0.07525999844074249,0.00989999994635582,1
B32,mixamorig_LeftLeg,31,0.9839580059051514,-0.11295480281114578,-0.13808497786521912,0,-0.04059488698840141,0.61195307970047,-0.7898520827293396,0,0.17371916770935059,0.782787024974823,0.5975509285926819,0,0,0.43355700373649597,0,1
B33,mixamorig_LeftFoot,32,0.99897700548172,-0.04488515853881836,0.00558724720031023,0,0.02727905474603176,0.6963987350463867,0.7171363234519958,0,-0.03607970103621483,-0.7162497639656067,0.6969102621078491,0,0,0.3312470018863678,0,1
B34,mixamorig_LeftToeBase,33,0.9823030233383179,-0.011346815153956413,0.18695709109306335,0,-0.12556679546833038,0.7007410526275635,0.7022779583930969,0,-0.13897705078125,-0.713325023651123,0.6869149804115295,0,0,0.20004400610923767,0,1
B35,mixamorig_LeftToe_End,34,1,0,0,0,0,1,0,0,0,0,1,0,0,0.08402600139379501,0,1
B36,mixamorig_RightUpLeg,0,-0.7352112531661987,0.3798659145832062,-0.5613957643508911,0,-0.5729643106460571,-0.7908048629760742,0.21526703238487244,0,-0.36218222975730896,0.4799269139766693,0.7990589141845703,0,-0.1531279981136322,-0.07525999844074249,0.009096999652683735,1
B37,mixamorig_RightLeg,36,0.9885099530220032,-0.10391107201576233,0.10977502912282944,0,0.15113992989063263,0.6689611673355103,-0.7277688384056091,0,0.0021880017593503,0.7359981536865234,0.6769798994064331,0,0,0.4337970018386841,0,1
B38,mixamorig_RightFoot,37,0.9028669595718384,0.4265460968017578,0.05375004559755325,0,-0.239690899848938,0.3956319987773895,0.8865799903869629,0,0.3569019138813019,-0.8133469223976135,0.4594421088695526,0,0,0.3317689895629883,0,1
B39,mixamorig_RightToeBase,38,0.9726430177688599,-0.0032738784793764353,-0.23228386044502258,0,0.1622510850429535,0.725176215171814,0.6691736578941345,0,0.166255921125412,-0.6885553002357483,0.705868661403656,0,0,0.19863300025463104,0,1
B40,mixamorig_RightToe_End,39,1,0,0,0,0,1,0,0,0,0,1,0,0,0.08659999817609787,0,1
@34,0,1,2,3,4,5,7,8,9,10,11,12,13,15,16,17,19,20,21,22,23,24,25,27,28,29,31,32,33,34,36,37,38,39
K0,-0.17483878135681152,-0.0025889514945447445,-0.24377185106277466,0,0.037340421229600906,0.2961588203907013,-0.029926732182502747,0,0.24090881645679474,-0.04778298735618591,-0.17227786779403687,0,-0.0027070441283285618,0.25241851806640625,0.004704886116087437,1,0.9965050220489502,-0.051572952419519424,-0.06571092456579208,0,0.05564304441213608,0.9965429306030273,0.06169311702251434,0,0.06230207905173302,-0.06513386964797974,0.9959299564361572,0,0,0.13538900017738342,-0.008721999824047089,1,0.9988699555397034,0.042534712702035904,-0.021219979971647263,0,-0.04206627979874611,0.9988710284233093,0.022052278742194176,0,0.022134019061923027,-0.021134721115231514,0.9995319247245789,0,0,0.15828099846839905,0,1,0.9995750784873962,0.019821772351861,-0.021362002938985825,0,-0.019735224545001984,0.9997959733009338,0.004254694562405348,0,0.021441996097564697,-0.003831305308267474,0.999763011932373,0,0,0.18089300394058228,0,1,0.985069990158081,-0.021946167573332787,-0.17075201869010925,0,0.027000829577445984,0.9992619156837463,0.027336349710822105,0,0.1700259894132614,-0.03153865039348602,0.9849349856376648,0,0,0.2035049945116043,0,1,0.9123829007148743,-0.11264333873987198,-0.39353302121162415,0,0.07962466776371002,0.9918660521507263,-0.09930276870727539,0,0.4015178978443146,0.05926722660660744,0.9139310717582703,0,0,0.1708970069885254,0.012180999852716923,1,0.1496276557445526,-0.04659491777420044,-0.9876440167427063,0,0.9292349219322205,-0.3346770405769348,0.1565680205821991,0,-0.33783698081970215,-0.9411799311637878,-0.006779282353818417,0,0.06443499773740768,0.16917000710964203,-0.0021009999327361584,1,0.9575821161270142,0.2769717574119568,-0.07951675355434418,0,-0.21501724421977997,0.8704910278320312,0.4427337348461151,0,0.19184324145317078,-0.4068561792373657,0.8931198120117188,0,0,0.1478630006313324,0,1,-0.07022573798894882,0.8090777397155762,0.583490252494812,0,-0.9887269735336304,0.021086452528834343,-0.1482367068529129,0,-0.1322387307882309,-0.5873226523399353,0.7984762787818909,0,0,0.3846980035305023,0,1,0.5238560438156128,0.05235137417912483,-0.8501970171928406,0,-0.00779462605714798,0.9983620047569275,0.056672003120183945,0,0.8517711162567139,-0.023060999810695648,0.5234059691429138,0,0,0.29548799991607666,0,1,0.5601881742477417,0.8265288472175598,0.055128924548625946,0,-0.8266381025314331,0.5620757937431335,-0.027190107852220535,0,-0.05346006900072098,-0.030340107157826424,0.998108983039856,0,-0.04470000043511391,0.022832000628113747,0,1,0.9036030769348145,-0.32665982842445374,-0.2771192789077759,0,0.3815562427043915,0.9078139662742615,0.17403708398342133,0,0.19472171366214752,-0.2629968822002411,0.944942057132721,0,0.0032629999332129955,0.040022000670433044,0,1,0.5232842564582825,0.5061907172203064,-0.6855250597000122,0,-0.10186933726072311,0.8358469605445862,0.5394279360771179,0,0.8460471034049988,-0.2124401330947876,0.4889506995677948,0,-0.0047160000540316105,0.06285200268030167,0,1,0.21049875020980835,0.9376721382141113,0.2765158712863922,0,-0.914461076259613,0.08886431157588959,0.39479589462280273,0,0.34561687707901,-0.33596721291542053,0.8761709332466125,0,0,0.08759299665689468,0,1,0.5834459066390991,0.7945910692214966,0.16797584295272827,0,-0.776202917098999,0.48470890522003174,0.40319517254829407,0,0.23895584046840668,-0.3656258285045624,0.8995651006698608,0,0.00533499987795949,0.08115100115537643,0,1,0.4658946990966797,0.8503690958023071,0.24456913769245148,0,-0.8271638751029968,0.3204023838043213,0.46167296171188354,0,0.31423211097717285,-0.41738998889923096,0.8526688814163208,0,-0.003978000022470951,0.06615400314331055,0,1,-0.3527544140815735,0.12964989244937897,0.9266909956932068,0,-0.8968570828437805,-0.3292839825153351,-0.29532891511917114,0,0.2668550908565521,-0.9352880716323853,0.2324337363243103,0,-0.06443499773740768,0.16918499767780304,-0.0023219999857246876,1,0.9895110130310059,-0.029353292658925056,0.1414409726858139,0,-0.047697294503450394,0.8578319549560547,0.5117130875587463,0,-0.1363530308008194,-0.5130919814109802,0.8474339842796326,0,0,0.1478630006313324,0,1,0.2664440870285034,-0.9501189589500427,-0.16211412847042084,0,0.958590030670166,0.2787637412548065,-0.05828046053647995,0,0.1005648672580719,-0.1398724615573883,0.9850490689277649,0,0,0.3846839964389801,0,1,0.4791269898414612,-0.3866101801395416,0.7880158424377441,0,0.4675308167934418,0.8722251653671265,0.1436576098203659,0,-0.7428670525550842,0.299591600894928,0.5986590385437012,0,0,0.29550600051879883,0,1,0.695236086845398,-0.6982408761978149,-0.17060597240924835,0,0.6694690585136414,0.5426349639892578,0.5073040127754211,0,-0.2616439759731293,-0.46691200137138367,0.8447110652923584,0,0.045409999787807465,0.022926000878214836,0,1,0.9116619229316711,0.33389508724212646,0.2395562082529068,0,-0.28628793358802795,0.9342469573020935,-0.21265429258346558,0,-0.2948087751865387,0.12528671324253082,0.9473071098327637,0,-0.0014270000392571092,0.0406700000166893,0,1,0.9641301035881042,0.07701904326677322,-0.25401073694229126,0,-0.06679695844650269,0.9965799450874329,0.048638392239809036,0,0.2568882703781128,-0.029926612973213196,0.9659780263900757,0,0.009859999641776085,0.06350599974393845,0,1,0.6168391108512878,-0.7520459294319153,-0.23224171996116638,0,0.745335042476654,0.4632833003997803,0.47942060232162476,0,-0.2529527246952057,-0.4688234329223633,0.8462978005409241,0,0,0.0777449980378151,0,1,0.5257630944252014,-0.8284649848937988,-0.19291952252388,0,0.8100070357322693,0.418357789516449,0.41093313694000244,0,-0.25973451137542725,-0.37231990694999695,0.8910202383995056,0,-0.001630999962799251,0.08561699837446213,0,1,0.6341940760612488,-0.7513749599456787,-0.1822991669178009,0,0.7360311150550842,0.5145060420036316,0.43993380665779114,0,-0.2367611527442932,-0.4131811857223511,0.8793318867683411,0,0.0006419999990612268,0.06886699795722961,0,1,-0.7057275772094727,-0.11502344906330109,0.6990832090377808,0,0.6346415877342224,-0.541244387626648,0.5516200065612793,0,0.31492578983306885,0.8329610824584961,0.4549700617790222,0,0.1531279981136322,-0.07525999844074249,0.00989999994635582,1,0.9839580059051514,-0.11295481026172638,-0.13808488845825195,0,-0.040594812482595444,0.61195307970047,-0.7898520827293396,0,0.173719123005867,0.782787024974823,0.5975509285926819,0,0,0.43355700373649597,0,1,0.99897700548172,-0.0448850616812706,0.005587316583842039,0,0.02727893367409706,0.6963987350463867,0.7171362638473511,0,-0.036079682409763336,-0.7162497043609619,0.6969102621078491,0,0,0.3312470018863678,0,1,0.9823030829429626,-0.011346782557666302,0.18695701658725739,0,-0.1255667805671692,0.7007410526275635,0.7022779583930969,0,-0.13897699117660522,-0.713325023651123,0.6869149804115295,0,0,0.20004400610923767,0,1,-0.7352112531661987,0.3798657953739166,-0.5613957643508911,0,-0.5729641914367676,-0.7908048629760742,0.2152670919895172,0,-0.36218222975730896,0.4799269139766693,0.7990589141845703,0,-0.1531279981136322,-0.07525999844074249,0.009096999652683735,1,0.9885099530220032,-0.10391107201576233,0.10977501422166824,0,0.15113991498947144,0.6689611673355103,-0.7277688384056091,0,0.002188026439398527,0.7359981536865234,0.6769798398017883,0,0,0.4337970018386841,0,1,0.9028668999671936,0.4265461564064026,0.053749971091747284,0,-0.2396908551454544,0.3956319987773895,0.8865800499916077,0,0.35690197348594666,-0.8133469223976135,0.4594421088695526,0,0,0.3317689895629883,0,1,0.9726430177688599,-0.0032738593872636557,-0.23228394985198975,0,0.16225114464759827,0.725176215171814,0.6691736578941345,0,0.16625601053237915,-0.6885553002357483,0.705868661403656,0,0,0.19863300025463104,0,1
K0.034,-0.183440700173378,0.0008475989452563226,-0.2373790591955185,0,0.03284994140267372,0.2972021698951721,-0.02432442270219326,0,0.2350965142250061,-0.04086659848690033,-0.18182273209095,0,-0.001940448535606265,0.2521306574344635,0.0038046911358833313,1,0.9968467354774475,-0.052971918135881424,-0.05908922106027603,0,0.057155705988407135,0.9957997798919678,0.07151985913515091,0,0.055052466690540314,-0.07467159628868103,0.995686948299408,0,0,0.13538900017738342,-0.008721999824047089,1,0.9990052580833435,0.04022081568837166,-0.01928124576807022,0,-0.039812538772821426,0.9989839196205139,0.021109208464622498,0,0.02011067047715187,-0.020320560783147812,0.9995907545089722,0,0,0.15828099846839905,0,1,0.9996336698532104,0.01887700892984867,-0.019370969384908676,0,-0.018798043951392174,0.9998140931129456,0.004250784404575825,0,0.019447626546025276,-0.0038850947748869658,0.9998035430908203,0,0,0.18089300394058228,0,1,0.986566424369812,-0.022813107818365097,-0.16175831854343414,0,0.030830034986138344,0.998408317565918,0.04722527042031288,0,0.16042353212833405,-0.051577888429164886,0.9856995940208435,0,0,0.2035049945116043,0,1,0.923389196395874,-0.10197458416223526,-0.37007370591163635,0,0.07459621131420135,0.9933592081069946,-0.08759351819753647,0,0.3765483796596527,0.053276803344488144,0.9248639941215515,0,0,0.1708970069885254,0.012180999852716923,1,0.15898331999778748,-0.044473547488451004,-0.9862793684005737,0,0.9285600185394287,-0.3326509892940521,0.1646791696548462,0,-0.33541062474250793,-0.9420005679130554,-0.011589521542191505,0,0.06443499773740768,0.16917000710964203,-0.0021009999327361584,1,0.9659656286239624,0.24548442661762238,-0.0815356895327568,0,-0.18589822947978973,0.8780006766319275,0.44108515977859497,0,0.17986802756786346,-0.41091594099998474,0.8937540054321289,0,0,0.1478630006313324,0,1,-0.026292311027646065,0.8279194235801697,0.5602304935455322,0,-0.9813216328620911,0.08546057343482971,-0.17234990000724792,0,-0.1905694454908371,-0.5542976260185242,0.8102080225944519,0,0,0.3846980035305023,0,1,0.5307224988937378,0.030866101384162903,-0.8469836711883545,0,-0.021984675899147987,0.9995018243789673,0.022648559883236885,0,0.8472603559494019,0.006600557826459408,0.5311363935470581,0,0,0.29548799991607666,0,1,0.5601889491081238,0.8265280723571777,0.05512892082333565,0,-0.8266379833221436,0.562076985836029,-0.027190085500478745,0,-0.053460072726011276,-0.030340082943439484,0.998108983039856,0,-0.04470000043511391,0.022832000628113747,0,1,0.9036030769348145,-0.3266598880290985,-0.27711910009384155,0,0.3815561532974243,0.907814085483551,0.17403650283813477,0,0.19472192227840424,-0.26299649477005005,0.9449429512023926,0,0.0032629999332129955,0.040022000670433044,0,1,0.523284912109375,0.5061907768249512,-0.6855251789093018,0,-0.1018693596124649,0.835847020149231,0.5394278168678284,0,0.8460468649864197,-0.21244026720523834,0.48895105719566345,0,-0.0047160000540316105,0.06285200268030167,0,1,0.21049948036670685,0.9376717805862427,0.2765164077281952,0,-0.914461076259613,0.08886450529098511,0.39479705691337585,0,0.3456173837184906,-0.33596789836883545,0.8761698603630066,0,0,0.08759299665689468,0,1,0.5834453701972961,0.7945917844772339,0.16797524690628052,0,-0.7762032747268677,0.48470860719680786,0.4031948149204254,0,0.2389562427997589,-0.36562514305114746,0.8995658159255981,0,0.00533499987795949,0.08115100115537643,0,1,0.4658941328525543,0.8503697514533997,0.24456943571567535,0,-0.8271641731262207,0.3204015791416168,0.46167299151420593,0,0.31423240900039673,-0.4173899292945862,0.852668821811676,0,-0.003978000022470951,0.06615400314331055,0,1,-0.33326128125190735,0.11892920732498169,0.9353033900260925,0,-0.8998447060585022,-0.33625441789627075,-0.27787017822265625,0,0.28145313262939453,-0.9342315196990967,0.21907851099967957,0,-0.06443499773740768,0.16918499767780304,-0.0023219999857246876,1,0.9895403385162354,-0.04557009041309357,0.13686607778072357,0,-0.0321393683552742,0.8552958369255066,0.5171414017677307,0,-0.14062727987766266,-0.5161314606666565,0.8448857665061951,0,0,0.1478630006313324,0,1,0.323421448469162,-0.9325109720230103,-0.16069264709949493,0,0.9411792755126953,0.33457982540130615,-0.047306254506111145,0,0.09787813574075699,-0.13594074547290802,0.9858704209327698,0,0,0.3846839964389801,0,1,0.49861395359039307,-0.321347177028656,0.8050584197044373,0,0.35932716727256775,0.9218143820762634,0.14540177583694458,0,-0.7888393402099609,0.21678012609481812,0.5750986337661743,0,0,0.29550600051879883,0,1,0.695236086845398,-0.6982408761978149,-0.17060597240924835,0,0.6694690585136414,0.5426349639892578,0.5073040127754211,0,-0.2616439759731293,-0.46691200137138367,0.8447110652923584,0,0.045409999787807465,0.022926000878214836,0,1,0.9116611480712891,0.3338957130908966,0.2395557463169098,0,-0.2862893044948578,0.9342470169067383,-0.21265286207199097,0,-0.29480820894241333,0.12528516352176666,0.9473078846931458,0,-0.0014270000392571092,0.0406700000166893,0,1,0.9641300439834595,0.07701810449361801,-0.25401073694229126,0,-0.06679590046405792,0.9965800046920776,0.048638761043548584,0,0.2568883001804352,-0.02992723509669304,0.9659780263900757,0,0.009859999641776085,0.06350599974393845,0,1,0.6168393492698669,-0.7520458102226257,-0.23224154114723206,0,0.7453351616859436,0.463283896446228,0.47942066192626953,0,-0.252952516078949,-0.46882331371307373,0.8462979197502136,0,0,0.0777449980378151,0,1,0.5257628560066223,-0.8284650444984436,-0.19291989505290985,0,0.8100070357322693,0.41835716366767883,0.41093388199806213,0,-0.2597348988056183,-0.37232017517089844,0.8910189867019653,0,-0.001630999962799251,0.08561699837446213,0,1,0.6341939568519592,-0.7513750791549683,-0.18229900300502777,0,0.7360309362411499,0.5145060420036316,0.4399329721927643,0,-0.23676101863384247,-0.4131810665130615,0.8793330192565918,0,0.0006419999990612268,0.06886699795722961,0,1,-0.712316632270813,-0.10463766753673553,0.694014310836792,0,0.6200249195098877,-0.5571877360343933,0.5523679256439209,0,0.32889798283576965,0.8237675428390503,0.4617723226547241,0,0.1531279981136322,-0.07525999844074249,0.00989999994635582,1,0.9778000712394714,-0.13915692269802094,-0.15666159987449646,0,-0.039704371243715286,0.6110548973083496,-0.7905923128128052,0,0.20574522018432617,0.7792614102363586,0.5919643640518188,0,0,0.43355700373649597,0,1,0.9997050166130066,-0.023534368723630905,0.005944171920418739,0,0.012156794779002666,0.6973934173583984,0.7165855169296265,0,-0.021009817719459534,-0.7163019776344299,0.69747394323349,0,0,0.3312470018863678,0,1,0.9822970032691956,-0.01137886755168438,0.18698400259017944,0,-0.12555409967899323,0.700792670249939,0.7022292613983154,0,-0.13902758061885834,-0.7132742404937744,0.686957836151123,0,0,0.20004400610923767,0,1,-0.720904529094696,0.41207998991012573,-0.5572139024734497,0,-0.5799530148506165,-0.7988793253898621,0.15952320396900177,0,-0.37940990924835205,0.43815842270851135,0.8149018287658691,0,-0.1531279981136322,-0.07525999844074249,0.009096999652683735,1,0.9883863925933838,-0.11922845244407654,0.09422021359205246,0,0.15031933784484863,0.6761301159858704,-0.7212851047515869,0,0.022292574867606163,0.727071225643158,0.6861999034881592,0,0,0.4337970018386841,0,1,0.8929880261421204,0.446403831243515,0.05740497633814812,0,-0.25016653537750244,0.38626617193222046,0.8878152370452881,0,0.37415045499801636,-0.8071690797805786,0.4566062390804291,0,0,0.3317689895629883,0,1,0.9726418852806091,-0.0032761881593614817,-0.23228536546230316,0,0.16225381195545197,0.725176215171814,0.6691727638244629,0,0.16625560820102692,-0.6885551810264587,0.7058688998222351,0,0,0.19863300025463104,0,1
K0.067,-0.19406640529632568,0.005225529428571463,-0.2287159115076065,0,0.027078777551651,0.2983381748199463,-0.016160251572728157,0,0.22716721892356873,-0.03109833411872387,-0.19346283376216888,0,-0.0010478328913450241,0.2517663538455963,0.002705903258174658,1,0.9973574280738831,-0.056000128388404846,-0.04628909006714821,0,0.05997055396437645,0.9941911101341248,0.08937844634056091,0,0.041014980524778366,-0.09191819280385971,0.9949217438697815,0,0,0.13538900017738342,-0.008721999824047089,1,0.9991568326950073,0.037998467683792114,-0.01555545348674059,0,-0.03769170865416527,0.9990983009338379,0.019560828804969788,0,0.016284694895148277,-0.018958009779453278,0.9996873736381531,0,0,0.15828099846839905,0,1,0.9997126460075378,0.018225066363811493,-0.015578292310237885,0,-0.018165016546845436,0.9998272657394409,0.003987650852650404,0,0.015648268163204193,-0.0037035231944173574,0.9998705387115479,0,0,0.18089300394058228,0,1,0.9879867434501648,-0.025519918650388718,-0.15241579711437225,0,0.03688295930624008,0.9967086911201477,0.07219690829515457,0,0.15007171034812927,-0.07695113867521286,0.9856762886047363,0,0,0.2035049945116043,0,1,0.9355404376983643,-0.08648592233657837,-0.3424672484397888,0,0.06763288378715515,0.9954822659492493,-0.06663966923952103,0,0.3466835916042328,0.03918207064270973,0.9371635317802429,0,0,0.1708970069885254,0.012180999852716923,1,0.16473965346813202,-0.04171041399240494,-0.9854548573493958,0,0.9280411005020142,-0.3318362832069397,0.1691870242357254,0,-0.3340665102005005,-0.9424141645431519,-0.015957564115524292,0,0.06443499773740768,0.16917000710964203,-0.0021009999327361584,1,0.9730237722396851,0.18774975836277008,-0.13407275080680847,0,-0.11029500514268875,0.8889904022216797,0.44444578886032104,0,0.20263373851776123,-0.41766828298568726,0.8857156038284302,0,0,0.1478630006313324,0,1,-0.036630552262067795,0.839357316493988,0.5423446893692017,0,-0.9713849425315857,0.09753689914941788,-0.21656091511249542,0,-0.2346704751253128,-0.5347579121589661,0.8117656707763672,0,0,0.3846980035305023,0,1,0.5312731266021729,0.016264166682958603,-0.8470441102981567,0,0.004431741312146187,0.9997484087944031,0.02197587862610817,0,0.8471886515617371,-0.015429078601300716,0.5310674905776978,0,0,0.29548799991607666,0,1,0.5601881742477417,0.8265288472175598,0.055128924548625946,0,-0.8266381025314331,0.5620757937431335,-0.027190107852220535,0,-0.05346006900072098,-0.030340107157826424,0.998108983039856,0,-0.04470000043511391,0.022832000628113747,0,1,0.9036030769348145,-0.32665982842445374,-0.2771192491054535,0,0.3815562427043915,0.9078139662742615,0.17403708398342133,0,0.19472169876098633,-0.2629968822002411,0.944942057132721,0,0.0032629999332129955,0.040022000670433044,0,1,0.5232841372489929,0.5061911344528198,-0.6855248212814331,0,-0.10186987370252609,0.8358469009399414,0.539428174495697,0,0.8460471630096436,-0.21243979036808014,0.48895078897476196,0,-0.0047160000540316105,0.06285200268030167,0,1,0.21049903333187103,0.937671959400177,0.2765161395072937,0,-0.9144611358642578,0.088864266872406,0.3947966992855072,0,0.3456171452999115,-0.3359673321247101,0.8761698007583618,0,0,0.08759299665689468,0,1,0.5834453701972961,0.7945917844772339,0.16797524690628052,0,-0.7762032151222229,0.4847085177898407,0.4031950533390045,0,0.2389562427997589,-0.36562496423721313,0.8995649814605713,0,0.00533499987795949,0.08115100115537643,0,1,0.4658946990966797,0.8503690958023071,0.24456913769245148,0,-0.8271638751029968,0.3204023838043213,0.46167296171188354,0,0.31423211097717285,-0.41738998889923096,0.8526688814163208,0,-0.003978000022470951,0.06615400314331055,0,1,-0.3232399821281433,0.10732325166463852,0.940211296081543,0,-0.9000966548919678,-0.34158337116241455,-0.2704577147960663,0,0.2921341061592102,-0.933703601360321,0.20701470971107483,0,-0.06443499773740768,0.16918499767780304,-0.0023219999857246876,1,0.9855074882507324,-0.07448352873325348,0.15240441262722015,0,-0.015374891459941864,0.8555245399475098,0.517534613609314,0,-0.1689334660768509,-0.5123772025108337,0.8419803380966187,0,0,0.1478630006313324,0,1,0.3721367120742798,-0.9152538180351257,-0.15435440838336945,0,0.9232085347175598,0.38217493891716003,-0.04034416377544403,0,0.0959155410528183,-0.12748774886131287,0.9871913194656372,0,0,0.3846839964389801,0,1,0.5133050084114075,-0.24622488021850586,0.8221266269683838,0,0.21863332390785217,0.9638689160346985,0.15216991305351257,0,-0.8298897743225098,0.10163462162017822,0.5485913753509521,0,0,0.29550600051879883,0,1,0.6952361464500427,-0.6982408761978149,-0.1706061065196991,0,0.6694691777229309,0.5426348447799683,0.5073049068450928,0,-0.2616441249847412,-0.4669121205806732,0.8447099328041077,0,0.045409999787807465,0.022926000878214836,0,1,0.9116609692573547,0.33389589190483093,0.23955616354942322,0,-0.28628912568092346,0.9342470765113831,-0.2126540094614029,0,-0.29480886459350586,0.1252860128879547,0.9473070502281189,0,-0.0014270000392571092,0.0406700000166893,0,1,0.9641300439834595,0.07701803743839264,-0.25401076674461365,0,-0.0667959600687027,0.9965800046920776,0.04863826930522919,0,0.2568882703781128,-0.02992674894630909,0.9659780263900757,0,0.009859999641776085,0.06350599974393845,0,1,0.6168389916419983,-0.7520459890365601,-0.23224201798439026,0,0.7453349828720093,0.4632827937602997,0.4794211685657501,0,-0.25295302271842957,-0.46882379055023193,0.8462970852851868,0,0,0.0777449980378151,0,1,0.5257627367973328,-0.8284660577774048,-0.19291932880878448,0,0.810006856918335,0.41835686564445496,0.41093334555625916,0,-0.2597353160381317,-0.37231963872909546,0.8910201191902161,0,-0.001630999962799251,0.08561699837446213,0,1,0.6341938972473145,-0.7513750791549683,-0.18229901790618896,0,0.7360309362411499,0.514505922794342,0.4399332106113434,0,-0.23676100373268127,-0.41318076848983765,0.8793320655822754,0,0.0006419999990612268,0.06886699795722961,0,1,-0.7197155952453613,-0.09293948858976364,0.6880205869674683,0,0.6008398532867432,-0.5799048542976379,0.5501837134361267,0,0.3478526473045349,0.80936598777771,0.4732082188129425,0,0.1531279981136322,-0.07525999844074249,0.00989999994635582,1,0.9684255719184875,-0.172659769654274,-0.1798374354839325,0,-0.03795548155903816,0.6108362078666687,-0.7908470034599304,0,0.24639847874641418,0.7727016806602478,0.5849955081939697,0,0,0.43355700373649597,0,1,0.9999732375144958,0.003941959235817194,0.006156307179480791,0,-0.0071566300466656685,0.6996126174926758,0.714485764503479,0,-0.0014905569842085242,-0.7145110964775085,0.6996225118637085,0,0,0.3312470018863678,0,1,0.9823010563850403,-0.011356904171407223,0.1869654655456543,0,-0.1255628615617752,0.700756847858429,0.7022632360458374,0,-0.13899287581443787,-0.7133099436759949,0.6869282722473145,0,0,0.20004400610923767,0,1,-0.7026172280311584,0.45343661308288574,-0.5483840703964233,0,-0.5859757661819458,-0.8059216737747192,0.0843975841999054,0,-0.40368548035621643,0.38063880801200867,0.8319569826126099,0,-0.1531279981136322,-0.07525999844074249,0.009096999652683735,1,0.9876612424850464,-0.13867689669132233,0.0727645680308342,0,0.14893347024917603,0.6880595684051514,-0.7102060914039612,0,0.04842282831668854,0.7122803330421448,0.7002236247062683,0,0,0.4337970018386841,0,1,0.8800262808799744,0.4709141254425049,0.061589647084474564,0,-0.26386183500289917,0.3769760727882385,0.8878434896469116,0,0.3948802649974823,-0.797576904296875,0.45600518584251404,0,0,0.3317689895629883,0,1,0.9726421236991882,-0.003275311551988125,-0.23228447139263153,0,0.16225247085094452,0.7251763939857483,0.6691727042198181,0,0.1662556231021881,-0.6885548830032349,0.7058691382408142,0,0,0.19863300025463104,0,1
K0.101,-0.2071218341588974,0.007773480843752623,-0.2168871909379959,0,0.019793549552559853,0.2992345094680786,-0.008177444338798523,0,0.21612201631069183,-0.01995566114783287,-0.2071063220500946,0,0.00005892403714824468,0.25171414017677307,0.0017291564727202058,1,0.9979243278503418,-0.059045251458883286,-0.025705093517899513,0,0.06157741695642471,0.9917406439781189,0.11250782012939453,0,0.018849730491638184,-0.11385712772607803,0.9933178424835205,0,0,0.13538900017738342,-0.008721999824047089,1,0.9993235468864441,0.03548334538936615,-0.009685896337032318,0,-0.035320475697517395,0.999239981174469,0.01649773307144642,0,0.010263921692967415,-0.01614444889128208,0.9998165369033813,0,0,0.15828099846839905,0,1,0.9998012185096741,0.01744057796895504,-0.009630469605326653,0,-0.017418628558516502,0.9998458623886108,0.0023595914244651794,0,0.009670133702456951,-0.0021913719829171896,0.9999504685401917,0,0,0.18089300394058228,0,1,0.9894588589668274,-0.02860543131828308,-0.1419641673564911,0,0.041943203657865524,0.9948870539665222,0.09186757355928421,0,0.13861039280891418,-0.09685360640287399,0.9855995774269104,0,0,0.2035049945116043,0,1,0.947056770324707,-0.07308736443519592,-0.31263524293899536,0,0.06703519076108932,0.9972972273826599,-0.030078791081905365,0,0.31398865580558777,0.007528760936111212,0.9493966698646545,0,0,0.1708970069885254,0.012180999852716923,1,0.15951791405677795,-0.03892868384718895,-0.9864270687103271,0,0.9266318082809448,-0.33869442343711853,0.16321465373039246,0,-0.3404511511325836,-0.9400907754898071,-0.01795533113181591,0,0.06443499773740768,0.16917000710964203,-0.0021009999327361584,1,0.9665091633796692,0.09671314805746078,-0.2377091646194458,0,0.018789930269122124,0.8971167206764221,0.4413948953151703,0,0.2559414803981781,-0.43107861280441284,0.8652539849281311,0,0,0.1478630006313324,0,1,-0.127122163772583,0.849835216999054,0.5114884972572327,0,-0.9627450108528137,0.018364757299423218,-0.2697875499725342,0,-0.23866818845272064,-0.5267285704612732,0.8158395290374756,0,0,0.3846980035305023,0,1,0.5181607007980347,0.0689174011349678,-0.8525020480155945,0,0.0715128555893898,0.9897664785385132,0.1234804019331932,0,0.8522878289222717,-0.12494754046201706,0.5079295635223389,0,0,0.29548799991607666,0,1,0.5601881742477417,0.8265288472175598,0.055128924548625946,0,-0.8266381025314331,0.5620757937431335,-0.027190107852220535,0,-0.05346006900072098,-0.030340107157826424,0.998108983039856,0,-0.04470000043511391,0.022832000628113747,0,1,0.903603196144104,-0.3266598582267761,-0.2771188020706177,0,0.3815561830997467,0.9078139662742615,0.17403721809387207,0,0.19472122192382812,-0.2629967927932739,0.9449419975280762,0,0.0032629999332129955,0.040022000670433044,0,1,0.5232842564582825,0.5061907172203064,-0.6855250597000122,0,-0.10186933726072311,0.8358469605445862,0.5394279360771179,0,0.8460471034049988,-0.2124401330947876,0.4889506995677948,0,-0.0047160000540316105,0.06285200268030167,0,1,0.21049873530864716,0.937671959400177,0.27651625871658325,0,-0.9144607782363892,0.08886393159627914,0.3947964310646057,0,0.34561726450920105,-0.33596745133399963,0.8761700987815857,0,0,0.08759299665689468,0,1,0.58344566822052,0.7945912480354309,0.16797597706317902,0,-0.7762027382850647,0.48470836877822876,0.4031950831413269,0,0.23895597457885742,-0.36562588810920715,0.8995650410652161,0,0.00533499987795949,0.08115100115537643,0,1,0.4658941328525543,0.8503697514533997,0.24456943571567535,0,-0.8271641731262207,0.3204015791416168,0.46167299151420593,0,0.3142324388027191,-0.4173899292945862,0.852668821811676,0,-0.003978000022470951,0.06615400314331055,0,1,-0.32522639632225037,0.09493643790483475,0.9408589005470276,0,-0.8968198895454407,-0.34650611877441406,-0.2750396132469177,0,0.299902081489563,-0.9332308769226074,0.1978338658809662,0,-0.06443499773740768,0.16918499767780304,-0.0023219999857246876,1,0.9752852916717529,-0.10919872671365738,0.19208070635795593,0,-0.00346740847453475,0.8616646528244019,0.5074658393859863,0,-0.22092373669147491,-0.4955899119377136,0.8399900794029236,0,0,0.1478630006313324,0,1,0.39677342772483826,-0.9067544937133789,-0.1427110880613327,0,0.9125460982322693,0.4064497649669647,-0.04537896811962128,0,0.09915245324373245,-0.112225241959095,0.9887233972549438,0,0,0.3846839964389801,0,1,0.5170985460281372,-0.17169062793254852,0.8385286331176758,0,0.058285098522901535,0.984464704990387,0.16562847793102264,0,-0.853939414024353,-0.03677254542708397,0.5190726518630981,0,0,0.29550600051879883,0,1,0.6952361464500427,-0.6982408761978149,-0.1706061065196991,0,0.6694691777229309,0.5426348447799683,0.5073049068450928,0,-0.2616440951824188,-0.4669121205806732,0.8447099328041077,0,0.045409999787807465,0.022926000878214836,0,1,0.9116610884666443,0.33389586210250854,0.2395557016134262,0,-0.28628918528556824,0.9342470765113831,-0.21265394985675812,0,-0.2948082983493805,0.1252860575914383,0.9473068714141846,0,-0.0014270000392571092,0.0406700000166893,0,1,0.9641300439834595,0.07701810449361801,-0.25401073694229126,0,-0.06679590046405792,0.9965800046920776,0.04863876476883888,0,0.2568883001804352,-0.029927238821983337,0.9659780263900757,0,0.009859999641776085,0.06350599974393845,0,1,0.6168390512466431,-0.7520459890365601,-0.23224174976348877,0,0.7453349828720093,0.46328312158584595,0.47942081093788147,0,-0.2529527246952057,-0.4688231647014618,0.8462969660758972,0,0,0.0777449980378151,0,1,0.5257633924484253,-0.828464686870575,-0.19291922450065613,0,0.8100062608718872,0.4183577299118042,0.41093379259109497,0,-0.25973519682884216,-0.37232017517089844,0.8910199403762817,0,-0.001630999962799251,0.08561699837446213,0,1,0.6341941356658936,-0.7513749003410339,-0.18229806423187256,0,0.7360310554504395,0.514506995677948,0.4399329721927643,0,-0.23676103353500366,-0.41318008303642273,0.879332959651947,0,0.0006419999990612268,0.06886699795722961,0,1,-0.7263146042823792,-0.08182799071073532,0.6824740171432495,0,0.5821870565414429,-0.6010679006576538,0.5475179553031921,0,0.3654109835624695,0.794998049736023,0.48420366644859314,0,0.1531279981136322,-0.07525999844074249,0.00989999994635582,1,0.95411616563797,-0.21376022696495056,-0.20968815684318542,0,-0.03485355153679848,0.616234302520752,-0.7867907881736755,0,0.2974015772342682,0.7579981684684753,0.5805087685585022,0,0,0.43355700373649597,0,1,0.999306857585907,0.03689289465546608,0.0049240500666201115,0,-0.029612330719828606,0.7079145908355713,0.7056765556335449,0,0.022548643872141838,-0.7053332924842834,0.7085164189338684,0,0,0.3312470018863678,0,1,0.9823070168495178,-0.011319166049361229,0.1869337111711502,0,-0.12557801604270935,0.7006964087486267,0.7023208737373352,0,-0.13893349468708038,-0.7133696675300598,0.6868777275085449,0,0,0.20004400610923767,0,1,-0.6862461566925049,0.49058517813682556,-0.5370216965675354,0,-0.5765228867530823,-0.8170244693756104,-0.009652293287217617,0,-0.44349509477615356,0.302981436252594,0.8435133695602417,0,-0.1531279981136322,-0.07525999844074249,0.009096999652683735,1,0.9857006669044495,-0.16380015015602112,0.039531223475933075,0,0.14594978094100952,0.7126947641372681,-0.6861231327056885,0,0.08421338349580765,0.6820816993713379,0.7264103889465332,0,0,0.4337970018386841,0,1,0.8659147024154663,0.496012419462204,0.06452086567878723,0,-0.2804401218891144,0.37462159991264343,0.8837489485740662,0,0.4141795337200165,-0.7833454012870789,0.46349212527275085,0,0,0.3317689895629883,0,1,0.972652792930603,-0.003284574719145894,-0.232240229845047,0,0.16222354769706726,0.725197970867157,0.6691572666168213,0,0.16622225940227509,-0.6885325312614441,0.7058987021446228,0,0,0.19863300025463104,0,1
