1.167,30,35,41
B0,mixamorig_Hips,-1,-0.9842506647109985,0.04562483727931976,-0.1707894206047058,0,0.07949008047580719,0.9771645069122314,-0.1970566213130951,0,0.15789860486984253,-0.20752906799316406,-0.9654009938240051,0,0.04190608859062195,0.309535950422287,-0.005950734484940767,1
B1,mixamorig_Spine,0,0.9973052144050598,0.00904668029397726,-0.07279898226261139,0,-0.023933209478855133,0.9781931638717651,-0.2063121646642685,0,0.06934506446123123,0.20749862492084503,0.9757742285728455,0,0,0.053141999989748,0.0032510000746697187,1
B2,mixamorig_Spine1,1,0.9992661476135254,0.01779765449464321,-0.033916424959897995,0,-0.024366946890950203,0.9785839915275574,-0.20440135896205902,0,0.029552210122346878,0.20507779717445374,0.9782995581626892,0,0,0.06211499869823456,0,1
B3,mixamorig_Spine2,2,0.999341607093811,0.017588144168257713,-0.031733766198158264,0,-0.0187210850417614,0.9991844892501831,-0.03576507046818733,0,0.03107885643839836,0.036335624754428864,0.998856246471405,0,0,0.07098899781703949,0,1
B4,mixamorig_Neck,3,0.999381959438324,0.03384087607264519,-0.009490442462265491,0,-0.03512417525053024,0.9712597131729126,-0.23541444540023804,0,0.001251053879968822,0.23560240864753723,0.9718485474586487,0,0,0.07986199855804443,0,1
B5,mixamorig_Head,4,0.9808576107025146,-0.19445668160915375,-0.010239261202514172,0,0.18015551567077637,0.8862511515617371,0.42673546075820923,0,-0.07390699535608292,-0.4204113185405731,0.9043185114860535,0,0,0.04960700124502182,0.0009360000258311629,1
B6,mixamorig_HeadTop_End,5,1,0,0,0,0,1,0,0,0,0,1,0,0,0.2702980041503906,0.005102999974042177,1
B7,mixamorig_LeftShoulder,3,0.01962869055569172,0.07329369336366653,0.9971175193786621,0,-0.8827674984931946,-0.46695658564567566,0.051701635122299194,0,0.46939989924430847,-0.8812377452850342,0.05553543195128441,0,-0.02656799927353859,0.06445500254631042,0.0010219999821856618,1
B8,mixamorig_LeftArm,7,-0.9935891628265381,0.007773114833980799,-0.11278651654720306,0,-0.05889270454645157,0.8159955143928528,0.5750507712364197,0,0.09650319814682007,0.5780063271522522,-0.810306191444397,0,0,0.06136700138449669,0,1
B9,mixamorig_LeftForeArm,8,0.8447076082229614,-0.532124936580658,0.05754878744482994,0,0.5324087738990784,0.846407949924469,0.01155620813369751,0,-0.05485911667346954,0.020877869799733162,0.998275637626648,0,0,0.12568999826908112,0,1
B10,mixamorig_LeftHand,9,-0.5036952495574951,0.12525713443756104,0.8547528982162476,0,-0.02856363356113434,0.9864773750305176,-0.161392480134964,0,-0.8634089827537537,-0.10570735484361649,-0.49330562353134155,0,0,0.10690800100564957,0,1
B11,mixamorig_LeftHandThumb1,10,0.7877188324928284,0.6130609512329102,0.06046287342905998,0,-0.6013432145118713,0.7865269184112549,-0.14057570695877075,0,-0.13373713195323944,0.07437518984079361,0.9882220029830933,0,-0.020052000880241394,0.009921999648213387,0,1
B12,mixamorig_LeftHandThumb2,11,0.8272197842597961,-0.5569503903388977,-0.07425914704799652,0,0.5132248997688293,0.69516521692276,0.5033349394798279,0,-0.2287101298570633,-0.4544801115989685,0.8608948588371277,0,-0.0016319999704137444,0.017822999507188797,0,1
B13,mixamorig_LeftHandThumb3,12,0.9996979236602783,0.024577226489782333,-0.0006928624934516847,0,-0.024572772905230522,0.9977650046348572,-0.06213788688182831,0,-0.0008358625927940011,0.06213610991835594,0.9980670213699341,0,-0.004317999817430973,0.032010000199079514,0,1
B14,mixamorig_LeftHandThumb4,13,1,0,0,0,0,1,0,0,0,0,1,0,0.005948999896645546,0.03168400004506111,0,1
B15,mixamorig_LeftHandIndex1,10,0.9753449559211731,-0.03444487228989601,-0.21798217296600342,0,-0.029426870867609978,0.9586248993873596,-0.28314727544784546,0,0.21871605515480042,0.282580703496933,0.9339760541915894,0,0,0.037307001650333405,0,1
B16,mixamorig_LeftHandIndex2,15,0.8884961009025574,0.4532037377357483,0.07198106497526169,0,-0.4550012946128845,0.8497087359428406,0.2663990259170532,0,0.0595700703561306,-0.26944592595100403,0.9611709713935852,0,0.0012499999720603228,0.03654000163078308,0,1
B17,mixamorig_LeftHandIndex3,16,0.96722412109375,0.25372785329818726,0.00999904703348875,0,-0.25062987208366394,0.9476100206375122,0.1980399340391159,0,0.040773045271635056,-0.19405505061149597,0.9801429510116577,0,0.0006210000137798488,0.03356099873781204,0,1
B18,mixamorig_LeftHandIndex4,17,1,0,0,0,0,1,0,0,0,0,1,0,-0.0018710000440478325,0.02371099963784218,0,1
B19,mixamorig_RightShoulder,3,-0.1913939118385315,-0.031110946089029312,-0.9810200929641724,0,0.9174495935440063,-0.3608527183532715,-0.1675477921962738,0,-0.3487909734249115,-0.9321036338806152,0.09760760515928268,0,0.02656799927353859,0.06444499641656876,0.0008640000014565885,1
B20,mixamorig_RightArm,19,-0.9891825318336487,-0.08865609765052795,-0.1168699562549591,0,-0.14476807415485382,0.7185937166213989,0.6801949143409729,0,0.023678574711084366,0.689755916595459,-0.7236547470092773,0,0,0.06136700138449669,0,1
B21,mixamorig_RightForeArm,20,0.80804443359375,0.5864165425300598,-0.05639031529426575,0,-0.5853779315948486,0.8099967241287231,0.03518490493297577,0,0.06630896776914597,0.004578682128340006,0.9977884292602539,0,0,0.1256980001926422,0,1
B22,mixamorig_RightHand,21,-0.7808021306991577,-0.2670653164386749,-0.564822256565094,0,-0.19962476193904877,0.9632883667945862,-0.17951393127441406,0,0.5920287370681763,-0.027412347495555878,-0.8054505586624146,0,0,0.10690099745988846,0,1
B23,mixamorig_RightHandThumb1,22,0.786642849445343,-0.6141222715377808,-0.06361177563667297,0,0.5994666218757629,0.7843762636184692,-0.15935367345809937,0,0.14775823056697845,0.08722130209207535,0.9851699471473694,0,0.021004000678658485,0.01056899968534708,0,1
B24,mixamorig_RightHandThumb2,23,0.8293599486351013,0.5538212060928345,0.07377801090478897,0,-0.5073699951171875,0.6912540793418884,0.5145329833030701,0,0.23396001756191254,-0.46416598558425903,0.8542910218238831,0,0.002191999927163124,0.018681999295949936,0,1
B25,mixamorig_RightHandThumb3,24,0.9992730021476746,0.0378660224378109,-0.004365997854620218,0,-0.037772975862026215,0.9990919828414917,0.019726628437638283,0,0.005109002348035574,-0.019547369331121445,0.9997959733009338,0,0.0037169998977333307,0.030345000326633453,0,1
B26,mixamorig_RightHandThumb4,25,1,0,0,0,0,1,0,0,0,0,1,0,-0.0059090000577270985,0.028519999235868454,0,1
B27,mixamorig_RightHandIndex1,22,0.9755799174308777,0.06696891039609909,0.20918528735637665,0,-0.0021880879066884518,0.9553009271621704,-0.2956269681453705,0,-0.21963272988796234,0.2879500687122345,0.9321190714836121,0,0,0.043143998831510544,0,1
B28,mixamorig_RightHandIndex2,27,0.8868919610977173,-0.45696821808815,-0.06783442944288254,0,0.45738789439201355,0.8479238748550415,0.2679963707923889,0,-0.06494742631912231,-0.2687106132507324,0.9610291123390198,0,-0.00036199999158270657,0.035868000239133835,0,1
B29,mixamorig_RightHandIndex3,28,0.9442949295043945,-0.3276059925556183,-0.03132236748933792,0,0.3271467387676239,0.9240752458572388,0.19763557612895966,0,-0.03580237179994583,-0.19687330722808838,0.9797749519348145,0,-0.000014999999621068127,0.033337000757455826,0,1
B30,mixamorig_RightHandIndex4,29,1,0,0,0,0,1,0,0,0,0,1,0,0.0003769999893847853,0.023305000737309456,0,1
B31,mixamorig_LeftUpLeg,0,-0.9244204759597778,0.19772028923034668,0.32611769437789917,0,-0.28221395611763,-0.9298092126846313,-0.2362404465675354,0,0.2565179765224457,-0.31042081117630005,0.9153349995613098,0,-0.0607369989156723,-0.029496999457478523,-0.0024339999072253704,1
B32,mixamorig_LeftLeg,31,0.9926769137382507,-0.10491520911455154,0.05988333746790886,0,0.012077650986611843,0.5794239044189453,0.8149374723434448,0,-0.1201971024274826,-0.808245837688446,0.5764474868774414,0,0,0.1533450037240982,0,1
B33,mixamorig_LeftFoot,32,-0.9949644207954407,-0.019157597795128822,-0.09838443249464035,0,0.08062753081321716,0.4301527738571167,-0.8991485238075256,0,0.05954582989215851,-0.9025528430938721,-0.42644184827804565,0,0,0.09672500193119049,0,1
B34,mixamorig_LeftToeBase,33,0.9252246618270874,-0.015238017775118351,0.3791136145591736,0,-0.27530044317245483,0.6606177687644958,0.6984220743179321,0,-0.26109179854393005,-0.750567615032196,0.6070249080657959,0,0,0.07527200132608414,0,1
B35,mixamorig_LeftToe_End,34,1,0,0,0,0,1,0,0,0,0,1,0,0,0.030131999403238297,0,1
B36,mixamorig_RightUpLeg,0,-0.9752539396286011,-0.20360547304153442,-0.0861690416932106,0,0.18436694145202637,-0.9640616774559021,0.19129449129104614,0,-0.1220209151506424,0.17067402601242065,0.9777433276176453,0,0.0607369989156723,-0.029496999457478523,-0.00535999983549118,1
B37,mixamorig_RightLeg,36,0.9892350435256958,0.13867159187793732,-0.04673347249627113,0,-0.009149315766990185,0.37734684348106384,0.9260270595550537,0,0.1460483819246292,-0.9156309366226196,0.37455350160598755,0,0,0.15335899591445923,0,1
B38,mixamorig_RightFoot,37,-0.9883158206939697,-0.045542605221271515,0.14545613527297974,0,-0.14196054637432098,0.622454822063446,-0.7696729302406311,0,-0.05548699200153351,-0.7813292741775513,-0.6216474771499634,0,0,0.09668999910354614,0,1
B39,mixamorig_RightToeBase,38,0.9038077592849731,0.053044259548187256,-0.42463788390159607,0,0.26688089966773987,0.7058135271072388,0.6562024354934692,0,0.33452296257019043,-0.7064086198806763,0.6237633228302002,0,0,0.07397100329399109,0,1
B40,mixamorig_RightToe_End,39,1,0,0,0,0,1,0,0,0,0,1,0,0,0.02930700033903122,0,1
@34,0,1,2,3,4,5,7,8,9,10,11,12,13,15,16,17,19,20,21,22,23,24,25,27,28,29,31,32,33,34,36,37,38,39
K0,0.9966720938682556,0.02995072863996029,0.07580787688493729,0,-0.04546762630343437,0.9761899709701538,0.21209822595119476,0,-0.06765040010213852,-0.21483922004699707,0.9743030667304993,0,-0.003483453532680869,0.3252429962158203,0.005790121387690306,1,0.9983360171318054,-0.018020791932940483,-0.05478498712182045,0,0.005693206563591957,0.9760829210281372,-0.21732327342033386,0,0.05739101022481918,0.21664969623088837,0.9745610356330872,0,0,0.053141999989748,0.0032510000746697187,1,0.9997050166130066,0.008128773421049118,-0.02287536859512329,0,-0.012807227671146393,0.977077066898346,-0.21249985694885254,0,0.02062363550066948,0.21273016929626465,0.9768930077552795,0,0,0.06211499869823456,0,1,0.9997320771217346,0.007876778021454811,-0.021771995350718498,0,-0.008818221278488636,0.9990149736404419,-0.04348882660269737,0,0.02140800468623638,0.04366917535662651,0.9988170266151428,0,0,0.07098899781703949,0,1,0.9990590214729309,0.043003782629966736,-0.005579866003245115,0,-0.04311221092939377,0.9711409211158752,-0.23457708954811096,0,-0.004668865818530321,0.23459689319133759,0.9720810055732727,0,0,0.07986199855804443,0,1,0.9898179173469543,-0.1423281580209732,-0.001556857256218791,0,0.12928184866905212,0.8944042325019836,0.4281676709651947,0,-0.05954785645008087,-0.4240093529224396,0.9036978483200073,0,0,0.04960700124502182,0.0009360000258311629,1,0.015819847583770752,0.07083688676357269,0.9973620772361755,0,-0.889693021774292,-0.4541991055011749,0.0463712215423584,0,0.45628592371940613,-0.8880801200866699,0.055837683379650116,0,-0.02656799927353859,0.06445500254631042,0.0010219999821856618,1,-0.9814820289611816,0.15559816360473633,-0.11172082275152206,0,0.04630183428525925,0.7586561441421509,0.6498438119888306,0,0.18587219715118408,0.6326371431350708,-0.7518118619918823,0,0,0.06136700138449669,0,1,0.8504328727722168,-0.5230362415313721,0.05654420331120491,0,0.5233097672462463,0.8520711660385132,0.011039650067687035,0,-0.05395380035042763,0.02020164765417576,0.9983389973640442,0,0,0.12568999826908112,0,1,-0.5126378536224365,0.07479540258646011,0.8553411960601807,0,-0.04348740354180336,0.9926580190658569,-0.11286671459674835,0,-0.8575028777122498,-0.09505628049373627,-0.5056211948394775,0,0,0.10690800100564957,0,1,0.7877179384231567,0.6130610704421997,0.06046297028660774,0,-0.6013439893722534,0.7865269780158997,-0.1405753344297409,0,-0.13373702764511108,0.07437467575073242,0.988222062587738,0,-0.020052000880241394,0.009921999648213387,0,1,0.8272193074226379,-0.556950569152832,-0.07425978779792786,0,0.5132254362106323,0.6951648592948914,0.5033348202705383,0,-0.22870978713035583,-0.45448023080825806,0.8608948588371277,0,-0.0016319999704137444,0.017822999507188797,0,1,0.9996979236602783,0.02457672543823719,-0.0006928592338226736,0,-0.02457227185368538,0.9977650046348572,-0.062138885259628296,0,-0.00083585933316499,0.06213711202144623,0.9980670213699341,0,-0.004317999817430973,0.032010000199079514,0,1,0.9753450155258179,-0.03444499894976616,-0.21798306703567505,0,-0.029426999390125275,0.9586248993873596,-0.28314727544784546,0,0.21871693432331085,0.28258076310157776,0.9339760541915894,0,0,0.037307001650333405,0,1,0.8884961009025574,0.4532037377357483,0.07198106497526169,0,-0.4550012946128845,0.8497087359428406,0.2663990259170532,0,0.0595700703561306,-0.26944592595100403,0.9611709713935852,0,0.0012499999720603228,0.03654000163078308,0,1,0.9672240614891052,0.2537279725074768,0.009999058209359646,0,-0.2506300210952759,0.9476100206375122,0.1980399489402771,0,0.04077305644750595,-0.19405503571033478,0.9801429510116577,0,0.0006210000137798488,0.03356099873781204,0,1,-0.20349176228046417,-0.03146381676197052,-0.9785710573196411,0,0.9053459763526917,-0.38656288385391235,-0.1758357137441635,0,-0.37274667620658875,-0.9217260479927063,0.10714802891016006,0,0.02656799927353859,0.06444499641656876,0.0008640000014565885,1,-0.9934569001197815,-0.036464251577854156,-0.10822772234678268,0,-0.09738773107528687,0.7654806971549988,0.636046290397644,0,0.05965327098965645,0.6424246430397034,-0.7640231847763062,0,0,0.06136700138449669,0,1,0.7764610648155212,0.6273150444030762,-0.059869591146707535,0,-0.626105010509491,0.7787359952926636,0.039530083537101746,0,0.07142040133476257,0.006791081745177507,0.9974229335784912,0,0,0.1256980001926422,0,1,-0.7900360226631165,-0.25937914848327637,-0.5554870963096619,0,-0.21373586356639862,0.9657719731330872,-0.1469738632440567,0,0.5745957493782043,0.0026128788013011217,-0.8184331059455872,0,0,0.10690099745988846,0,1,0.786642849445343,-0.6141222715377808,-0.06361177563667297,0,0.5994666218757629,0.7843762636184692,-0.15935367345809937,0,0.14775823056697845,0.08722130209207535,0.9851699471473694,0,0.021004000678658485,0.01056899968534708,0,1,0.8293601870536804,0.5538216829299927,0.07377813011407852,0,-0.5073702335357666,0.6912538409233093,0.5145330429077148,0,0.2339601218700409,-0.46416598558425903,0.8542909622192383,0,0.002191999927163124,0.018681999295949936,0,1,0.9992730021476746,0.0378660224378109,-0.004365997854620218,0,-0.037772975862026215,0.9990919828414917,0.019726628437638283,0,0.005109002348035574,-0.019547369331121445,0.9997959733009338,0,0.0037169998977333307,0.030345000326633453,0,1,0.9755799174308777,0.06696891039609909,0.20918528735637665,0,-0.0021880879066884518,0.9553009271621704,-0.2956269681453705,0,-0.21963272988796234,0.2879500687122345,0.9321190714836121,0,0,0.043143998831510544,0,1,0.886893093585968,-0.4569680690765381,-0.06783373653888702,0,0.4573870003223419,0.847923994064331,0.2679959833621979,0,-0.06494773924350739,-0.26871001720428467,0.9610289931297302,0,-0.00036199999158270657,0.035868000239133835,0,1,0.9442949295043945,-0.3276061713695526,-0.03132231533527374,0,0.32714682817459106,0.9240750670433044,0.19763509929180145,0,-0.035802315920591354,-0.19687288999557495,0.979775071144104,0,-0.000014999999621068127,0.033337000757455826,0,1,-0.8927909135818481,0.22663183510303497,0.389309287071228,0,-0.31613317131996155,-0.93088299036026,-0.18307584524154663,0,0.3209107220172882,-0.28652215003967285,0.9027301073074341,0,-0.0607369989156723,-0.029496999457478523,-0.0024339999072253704,1,0.9998829960823059,-0.006653956137597561,-0.013743910007178783,0,0.015263042412698269,0.4625106453895569,0.8864821791648865,0,0.0004580907989293337,-0.8865888118743896,0.462558388710022,0,0,0.1533450037240982,0,1,-0.9939320087432861,0.060964394360780716,-0.0915549173951149,0,0.1099926084280014,0.5566737651824951,-0.8234172463417053,0,0.0007670824998058379,-0.8284907937049866,-0.5600013136863708,0,0,0.09672500193119049,0,1,0.9268481135368347,-0.006244057789444923,0.3753858506679535,0,-0.2701190710067749,0.6833289265632629,0.6783050894737244,0,-0.26074716448783875,-0.7300840020179749,0.6316549181938171,0,0,0.07527200132608414,0,1,-0.9872740507125854,0.011648127809166908,-0.15860402584075928,0,-0.011768873780965805,-0.9999309182167053,-0.00017792670405469835,0,-0.1585949808359146,0.001690926612354815,0.9873420000076294,0,0.0607369989156723,-0.029496999457478523,-0.00535999983549118,1,0.9978960156440735,-0.014979282394051552,0.0630747377872467,0,-0.021573280915617943,0.8407621383666992,0.5409757494926453,0,-0.06113426759839058,-0.541198194026947,0.8386698365211487,0,0,0.15335899591445923,0,1,-0.9690940976142883,-0.05798255279660225,0.2397790402173996,0,-0.23565946519374847,0.5049960613250732,-0.8303278684616089,0,-0.07294296473264694,-0.8611721396446228,-0.5030529499053955,0,0,0.09668999910354614,0,1,0.9265259504318237,0.0005417145439423621,-0.3762311339378357,0,0.27401474118232727,0.6842712163925171,0.6757879853248596,0,0.25780993700027466,-0.7292271852493286,0.6338459253311157,0,0,0.07397100329399109,0,1
K0.033,0.9971659779548645,0.036030709743499756,0.06604208797216415,0,-0.048373885452747345,0.9793969392776489,0.1960633546113968,0,-0.05761713162064552,-0.19870248436927795,0.9783645272254944,0,-0.0029086500871926546,0.32699599862098694,0.006866770796477795,1,0.9979850649833679,-0.01378275454044342,-0.061937883496284485,0,0.0007601262768730521,0.9786509275436401,-0.20552705228328705,0,0.06344826519489288,0.20506572723388672,0.9766889810562134,0,0,0.053141999989748,0.0032510000746697187,1,0.9996050000190735,0.008725868538022041,-0.02669994905591011,0,-0.014052150771021843,0.9783779978752136,-0.20634500682353973,0,0.024322127923369408,0.2066388726234436,0.9781150221824646,0,0,0.06211499869823456,0,1,0.9996259808540344,0.008498841896653175,-0.02599203959107399,0,-0.00946217030286789,0.9992640018463135,-0.037166912108659744,0,0.025657042860984802,0.037398964166641235,0.9989709854125977,0,0,0.07098899781703949,0,1,0.9991909861564636,0.04007783904671669,-0.0034422578755766153,0,-0.039761051535606384,0.9710690975189209,-0.23546582460403442,0,-0.006094290409237146,0.23541218042373657,0.9718769192695618,0,0,0.07986199855804443,0,1,0.9852779507637024,-0.16988517343997955,0.019138004630804062,0,0.1440771371126175,0.8853880167007446,0.44196200370788574,0,-0.09202737361192703,-0.432698130607605,0.8968299627304077,0,0,0.04960700124502182,0.0009360000258311629,1,0.011522634886205196,0.06936510652303696,0.9975250363349915,0,-0.8931500315666199,-0.44784286618232727,0.041458722203969955,0,0.4496101140975952,-0.8914169669151306,0.056793101131916046,0,-0.02656799927353859,0.06445500254631042,0.0010219999821856618,1,-0.9801141023635864,0.17347723245620728,-0.09634777158498764,0,0.06820810586214066,0.7504661679267883,0.6573798060417175,0,0.1863461136817932,0.6377353072166443,-0.7473748326301575,0,0,0.06136700138449669,0,1,0.8490289449691772,-0.5252861380577087,0.05679294839501381,0,0.5255619883537292,0.8506820201873779,0.011165974661707878,0,-0.05417806655168533,0.020367976278066635,0.9983240365982056,0,0,0.12568999826908112,0,1,-0.4994840621948242,0.0863957405090332,0.8620040416717529,0,-0.04455231502652168,0.9911360144615173,-0.1251538246870041,0,-0.8651769757270813,-0.10091672837734222,-0.49120810627937317,0,0,0.10690800100564957,0,1,0.7877190113067627,0.6130609512329102,0.06046301871538162,0,-0.6013429760932922,0.7865269184112549,-0.14057523012161255,0,-0.1337369680404663,0.07437476515769958,0.988222062587738,0,-0.020052000880241394,0.009921999648213387,0,1,0.8272191286087036,-0.5569499135017395,-0.07425963878631592,0,0.5132250785827637,0.6951651573181152,0.5033347606658936,0,-0.2287096381187439,-0.45448023080825806,0.8608949184417725,0,-0.0016319999704137444,0.017822999507188797,0,1,0.9996979236602783,0.024577226489782333,-0.0006928686634637415,0,-0.024572772905230522,0.9977650046348572,-0.0621383860707283,0,-0.0008358687628060579,0.062136612832546234,0.9980670809745789,0,-0.004317999817430973,0.032010000199079514,0,1,0.9753450155258179,-0.03444499894976616,-0.21798306703567505,0,-0.029426999390125275,0.9586248993873596,-0.28314727544784546,0,0.21871693432331085,0.28258076310157776,0.9339760541915894,0,0,0.037307001650333405,0,1,0.8884961009025574,0.4532037377357483,0.07198106497526169,0,-0.4550012946128845,0.8497087359428406,0.2663990259170532,0,0.0595700703561306,-0.26944592595100403,0.9611709713935852,0,0.0012499999720603228,0.03654000163078308,0,1,0.9672240018844604,0.253726989030838,0.009998967871069908,0,-0.2506290674209595,0.9476100206375122,0.1980399191379547,0,0.04077296704053879,-0.19405508041381836,0.9801429510116577,0,0.0006210000137798488,0.03356099873781204,0,1,-0.19981035590171814,-0.03172105550765991,-0.9793211221694946,0,0.902355968952179,-0.3954891860485077,-0.17129696905612946,0,-0.381877064704895,-0.917922854423523,0.10764648765325546,0,0.02656799927353859,0.06444499641656876,0.0008640000014565885,1,-0.992626965045929,-0.052673060446977615,-0.10916393250226974,0,-0.10993513464927673,0.770534873008728,0.6278461217880249,0,0.0510440357029438,0.6352177858352661,-0.7706441283226013,0,0,0.06136700138449669,0,1,0.7685039043426514,0.6369621753692627,-0.0606771782040596,0,-0.6357088685035706,0.7708600759506226,0.04060721769928932,0,0.07263883948326111,0.0073662130162119865,0.9973310232162476,0,0,0.1256980001926422,0,1,-0.7867618799209595,-0.26967522501945496,-0.5552309155464172,0,-0.2287641316652298,0.9628479480743408,-0.1434958130121231,0,0.5733000636100769,0.014119870029389858,-0.8192238807678223,0,0,0.10690099745988846,0,1,0.786642849445343,-0.6141222715377808,-0.06361177563667297,0,0.5994666218757629,0.7843762636184692,-0.15935367345809937,0,0.14775823056697845,0.08722130209207535,0.9851699471473694,0,0.021004000678658485,0.01056899968534708,0,1,0.8293601274490356,0.553821861743927,0.07377786934375763,0,-0.5073701739311218,0.6912539005279541,0.5145320296287537,0,0.2339598536491394,-0.4641650319099426,0.8542910218238831,0,0.002191999927163124,0.018681999295949936,0,1,0.9992730021476746,0.0378660224378109,-0.004365988075733185,0,-0.037772975862026215,0.9990919828414917,0.019727129489183426,0,0.005109012126922607,-0.019547870382666588,0.9997959733009338,0,0.0037169998977333307,0.030345000326633453,0,1,0.9755799174308777,0.06696891039609909,0.20918528735637665,0,-0.0021880879066884518,0.9553009271621704,-0.2956269681453705,0,-0.21963272988796234,0.2879500687122345,0.9321190714836121,0,0,0.043143998831510544,0,1,0.8868919610977173,-0.45696893334388733,-0.06783416867256165,0,0.4573880434036255,0.8479229807853699,0.2679969370365143,0,-0.064948171377182,-0.26871106028556824,0.9610289335250854,0,-0.00036199999158270657,0.035868000239133835,0,1,0.9442951083183289,-0.32760563492774963,-0.03132174164056778,0,0.32714638113975525,0.9240757822990417,0.1976352334022522,0,-0.03580274060368538,-0.196872740983963,0.979775071144104,0,-0.000014999999621068127,0.033337000757455826,0,1,-0.9046131372451782,0.1914447695016861,0.38081997632980347,0,-0.30588090419769287,-0.9138008952140808,-0.2672167420387268,0,0.2968365252017975,-0.35821351408958435,0.8851959109306335,0,-0.0607369989156723,-0.029496999457478523,-0.0024339999072253704,1,0.9995620250701904,-0.029601560905575752,0.00019940031052101403,0,0.01750875636935234,0.5966264009475708,0.8023279309272766,0,-0.02386912889778614,-0.8019731044769287,0.5968832969665527,0,0,0.1533450037240982,0,1,-0.9917968511581421,0.029560953378677368,-0.12436192482709885,0,0.1174342930316925,0.5949681401252747,-0.795123815536499,0,0.05048678442835808,-0.8032059073448181,-0.593559205532074,0,0,0.09672500193119049,0,1,0.9260870218276978,-0.010436749085783958,0.3771668076515198,0,-0.27254176139831543,0.672784149646759,0.687809944152832,0,-0.2609301805496216,-0.7397651076316833,0.6202118396759033,0,0,0.07527200132608414,0,1,-0.9854650497436523,0.005103270523250103,-0.1698010414838791,0,-0.018254736438393593,-0.9969420433044434,0.0759815126657486,0,-0.16889411211013794,0.07797682285308838,0.9825449585914612,0,0.0607369989156723,-0.029496999457478523,-0.00535999983549118,1,0.9975889921188354,-0.012971089221537113,0.0681791678071022,0,-0.02095809206366539,0.8802123069763184,0.47411659359931946,0,-0.06616195291280746,-0.47440242767333984,0.8778182864189148,0,0,0.15335899591445923,0,1,-0.9703158736228943,-0.04483608901500702,0.23764702677726746,0,-0.22822368144989014,0.4948357045650482,-0.8384812474250793,0,-0.08000205457210541,-0.8678289651870728,-0.49037986993789673,0,0,0.09668999910354614,0,1,0.9265369772911072,0.0004807992372661829,-0.37620285153388977,0,0.2739797830581665,0.6844220161437988,0.6756500005722046,0,0.25780612230300903,-0.7290859818458557,0.6340099573135376,0,0,0.07397100329399109,0,1
K0.067,0.9972864985466003,0.04252907633781433,0.06008756533265114,0,-0.05258117616176605,0.9827879667282104,0.17709897458553314,0,-0.05152146518230438,-0.17977787554264069,0.9823570847511292,0,-0.0026225352194160223,0.32701000571250916,0.007656073663383722,1,0.9975029826164246,-0.008181896060705185,-0.07014500349760056,0,-0.005654776934534311,0.9808229804039001,-0.19481995701789856,0,0.07039385288953781,0.1947302371263504,0.9783279299736023,0,0,0.053141999989748,0.0032510000746697187,1,0.9994840025901794,0.00935595016926527,-0.030715109780430794,0,-0.015322030521929264,0.9796390533447266,-0.20018388330936432,0,0.028216814622282982,0.20055124163627625,0.9792770147323608,0,0,0.06211499869823456,0,1,0.9994990229606628,0.009189137257635593,-0.03029417246580124,0,-0.010123848915100098,0.999472975730896,-0.03084694594144821,0,0.029994739219546318,0.03113817423582077,0.9990649223327637,0,0,0.07098899781703949,0,1,0.9993999600410461,0.03462112322449684,-0.0011420599184930325,0,-0.0339219868183136,0.9714760184288025,-0.23469799757003784,0,-0.00701602827757597,0.23459604382514954,0.9720680117607117,0,0,0.07986199855804443,0,1,0.9806270599365234,-0.19309315085411072,0.032964032143354416,0,0.15738049149513245,0.8768209218978882,0.4543302059173584,0,-0.11663159728050232,-0.4403405487537384,0.8902233242988586,0,0,0.04960700124502182,0.0009360000258311629,1,0.006085902452468872,0.06756474822759628,0.997696042060852,0,-0.89742112159729,-0.43976396322250366,0.035255443304777145,0,0.4411328136920929,-0.8955681920051575,0.05795758217573166,0,-0.02656799927353859,0.06445500254631042,0.0010219999821856618,1,-0.9784359931945801,0.18883877992630005,-0.0836840569972992,0,0.08636890351772308,0.7420791387557983,0.6647248268127441,0,0.18762606382369995,0.6431631445884705,-0.7423868179321289,0,0,0.06136700138449669,0,1,0.8462181091308594,-0.5297489166259766,0.05728677287697792,0,0.5300299525260925,0.8479019999504089,0.011419935151934624,0,-0.05462322756648064,0.020699935033917427,0.9982920289039612,0,0,0.12568999826908112,0,1,-0.4966399073600769,0.0973660945892334,0.8624780774116516,0,-0.03943084180355072,0.9901310801506042,-0.13448239862918854,0,-0.8670599460601807,-0.10079751163721085,-0.48789915442466736,0,0,0.10690800100564957,0,1,0.7877179384231567,0.6130610704421997,0.06046297028660774,0,-0.6013439893722534,0.7865269780158997,-0.1405753344297409,0,-0.13373702764511108,0.07437467575073242,0.988222062587738,0,-0.020052000880241394,0.009921999648213387,0,1,0.8272191286087036,-0.5569499135017395,-0.07425963878631592,0,0.5132250785827637,0.6951651573181152,0.5033347606658936,0,-0.2287096381187439,-0.45448023080825806,0.8608949184417725,0,-0.0016319999704137444,0.017822999507188797,0,1,0.9996979236602783,0.024577226489782333,-0.0006928686634637415,0,-0.024572772905230522,0.9977650046348572,-0.0621383860707283,0,-0.0008358687628060579,0.062136612832546234,0.9980670809745789,0,-0.004317999817430973,0.032010000199079514,0,1,0.9753450155258179,-0.034445054829120636,-0.21798306703567505,0,-0.0294270571321249,0.9586251378059387,-0.28314781188964844,0,0.21871693432331085,0.2825812101364136,0.9339759349822998,0,0,0.037307001650333405,0,1,0.888495922088623,0.45320308208465576,0.07198099046945572,0,-0.4550008475780487,0.8497089743614197,0.2663990259170532,0,0.059569988399744034,-0.26944592595100403,0.9611709713935852,0,0.0012499999720603228,0.03654000163078308,0,1,0.9672240018844604,0.253726989030838,0.009998967871069908,0,-0.2506290674209595,0.9476100206375122,0.1980399191379547,0,0.04077296704053879,-0.19405508041381836,0.9801429510116577,0,0.0006210000137798488,0.03356099873781204,0,1,-0.1926536113023758,-0.03214472159743309,-0.9807398319244385,0,0.8997212648391724,-0.404694139957428,-0.16347436606884003,0,-0.3916451334953308,-0.9138869643211365,0.10688722133636475,0,0.02656799927353859,0.06444499641656876,0.0008640000014565885,1,-0.991757869720459,-0.06324231624603271,-0.11142583191394806,0,-0.11930646747350693,0.7728811502456665,0.6232337951660156,0,0.04670419916510582,0.6313912272453308,-0.774056613445282,0,0,0.06136700138449669,0,1,0.7626131176948547,0.6439478397369385,-0.061258990317583084,0,-0.6426630616188049,0.765030026435852,0.0414009653031826,0,0.07352499663829803,0.007795967161655426,0.9972630143165588,0,0,0.1256980001926422,0,1,-0.7800449728965759,-0.28920796513557434,-0.5548767447471619,0,-0.24944064021110535,0.956993043422699,-0.14813213050365448,0,0.5738542079925537,0.022859085351228714,-0.8186377882957458,0,0,0.10690099745988846,0,1,0.7866430878639221,-0.6141229271888733,-0.06361176073551178,0,0.5994669198989868,0.7843760251998901,-0.15935370326042175,0,0.14775823056697845,0.08722128719091415,0.9851699471473694,0,0.021004000678658485,0.01056899968534708,0,1,0.8293600082397461,0.5538219809532166,0.07377714663743973,0,-0.5073699951171875,0.6912538409233093,0.514533281326294,0,0.23396113514900208,-0.46416571736335754,0.8542911410331726,0,0.002191999927163124,0.018681999295949936,0,1,0.9992730021476746,0.0378660224378109,-0.004365988075733185,0,-0.037772975862026215,0.9990919828414917,0.019727129489183426,0,0.005109012126922607,-0.019547870382666588,0.9997959733009338,0,0.0037169998977333307,0.030345000326633453,0,1,0.9755799770355225,0.06696833670139313,0.20918487012386322,0,-0.0021876634564250708,0.9553009867668152,-0.2956269383430481,0,-0.2196321338415146,0.2879500985145569,0.9321189522743225,0,0,0.043143998831510544,0,1,0.8868919610977173,-0.4569689631462097,-0.06783392280340195,0,0.4573879837989807,0.8479230403900146,0.2679959237575531,0,-0.06494792550802231,-0.26871004700660706,0.9610289931297302,0,-0.00036199999158270657,0.035868000239133835,0,1,0.9442949295043945,-0.3276061415672302,-0.03132239729166031,0,0.32714685797691345,0.9240751266479492,0.19763562083244324,0,-0.03580239787697792,-0.19687336683273315,0.9797749519348145,0,-0.000014999999621068127,0.033337000757455826,0,1,-0.9176938533782959,0.17061898112297058,0.35878410935401917,0,-0.2970122992992401,-0.8944219946861267,-0.3343542814254761,0,0.2638573944568634,-0.41339847445487976,0.8714821934700012,0,-0.0607369989156723,-0.029496999457478523,-0.0024339999072253704,1,0.9981970191001892,-0.055410705506801605,0.02308369241654873,0,0.023956965655088425,0.720352828502655,0.6931943297386169,0,-0.05503875017166138,-0.6913909912109375,0.7203810214996338,0,0,0.1533450037240982,0,1,-0.9768381714820862,0.0006123359780758619,-0.21397629380226135,0,0.17025040090084076,0.6079828143119812,-0.775482177734375,0,0.1296190470457077,-0.7939501404762268,-0.5940050482749939,0,0,0.09672500193119049,0,1,0.9261699914932251,-0.009972957894206047,0.37697383761405945,0,-0.2722749710083008,0.6739541888237,0.6867698431015015,0,-0.2609122097492218,-0.738706111907959,0.6214807629585266,0,0,0.07527200132608414,0,1,-0.9842809438705444,-0.0006739737582392991,-0.17660686373710632,0,-0.024752965196967125,-0.9895951151847839,0.14173194766044617,0,-0.1748649924993515,0.14387574791908264,0.9740239977836609,0,0.0607369989156723,-0.029496999457478523,-0.00535999983549118,1,0.997160017490387,-0.01222296617925167,0.07432005554437637,0,-0.02021196484565735,0.90712571144104,0.4203754961490631,0,-0.07255581021308899,-0.42068350315093994,0.9043017625808716,0,0,0.15335899591445923,0,1,-0.9710939526557922,-0.028181178495287895,0.23702837526798248,0,-0.22154703736305237,0.47601792216300964,-0.8510720133781433,0,-0.08884554356336594,-0.878983736038208,-0.46850156784057617,0,0,0.09668999910354614,0,1,0.9265440106391907,0.0004433695285115391,-0.37618589401245117,0,0.27395835518836975,0.6845139861106873,0.6755648851394653,0,0.2578040659427643,-0.7289999723434448,0.6341109871864319,0,0,0.07397100329399109,0,1
K0.100,0.9967421293258667,0.05329504981637001,0.06054049730300903,0,-0.06239940598607063,0.9851229786872864,0.1601233035326004,0,-0.05110602453351021,-0.1633792519569397,0.9852385520935059,0,-0.0025555898901075125,0.32457101345062256,0.008605157025158405,1,0.9969369769096375,-0.004583633504807949,-0.07807093858718872,0,-0.010002633556723595,0.9826080203056335,-0.1854199767112732,0,0.07756306231021881,0.18563304841518402,0.9795529246330261,0,0,0.053141999989748,0.0032510000746697187,1,0.9993630051612854,0.00947503000497818,-0.03440571576356888,0,-0.0159869696944952,0.9808210730552673,-0.1942548304796219,0,0.03190528228878975,0.19468116760253906,0.9803479313850403,0,0,0.06211499869823456,0,1,0.9993739724159241,0.009400245733559132,-0.03409169241786003,0,-0.010248753242194653,0.9996399879455566,-0.02480006031692028,0,0.033846307545900345,0.02513394132256508,0.9991109371185303,0,0,0.07098899781703949,0,1,0.9995729923248291,0.029204048216342926,0.00012597354361787438,0,-0.028369955718517303,0.972029983997345,-0.23313799500465393,0,-0.006931026466190815,0.23303501307964325,0.9724439978599548,0,0,0.07986199855804443,0,1,0.9767979383468628,-0.21058127284049988,0.03900213539600372,0,0.1691417247056961,0.8702630400657654,0.4626368582248688,0,-0.1313648670911789,-0.4453061819076538,0.885689914226532,0,0,0.04960700124502182,0.0009360000258311629,1,0.0014799564378336072,0.06647023558616638,0.9977869987487793,0,-0.8997349143028259,-0.4353821277618408,0.03033866547048092,0,0.4364353120326996,-0.8977888822555542,0.059161245822906494,0,-0.02656799927353859,0.06445500254631042,0.0010219999821856618,1,-0.9762598872184753,0.20306700468063354,-0.07536078989505768,0,0.10155398398637772,0.7364417910575867,0.6688351035118103,0,0.19131721556186676,0.6453038454055786,-0.7395809888839722,0,0,0.06136700138449669,0,1,0.8435760140419006,-0.5338969826698303,0.05774505436420441,0,0.5341830253601074,0.8452889919281006,0.01165908295661211,0,-0.05503594130277634,0.02101108245551586,0.9982630014419556,0,0,0.12568999826908112,0,1,-0.5038686990737915,0.10565780848264694,0.8572942018508911,0,-0.03276580199599266,0.989437997341156,-0.14120183885097504,0,-0.8631588816642761,-0.09923717379570007,-0.49508509039878845,0,0,0.10690800100564957,0,1,0.7877179384231567,0.6130610108375549,0.06046280637383461,0,-0.6013439893722534,0.7865270376205444,-0.1405758410692215,0,-0.13373719155788422,0.07437516748905182,0.9882220029830933,0,-0.020052000880241394,0.009921999648213387,0,1,0.8272191286087036,-0.5569499135017395,-0.07425963878631592,0,0.5132250785827637,0.6951651573181152,0.5033347606658936,0,-0.2287096381187439,-0.45448023080825806,0.8608949184417725,0,-0.0016319999704137444,0.017822999507188797,0,1,0.9996979236602783,0.024577226489782333,-0.0006928624934516847,0,-0.024572772905230522,0.9977650046348572,-0.06213788688182831,0,-0.0008358625927940011,0.06213610991835594,0.9980670213699341,0,-0.004317999817430973,0.032010000199079514,0,1,0.9753450155258179,-0.03444499894976616,-0.21798306703567505,0,-0.029426999390125275,0.9586248993873596,-0.28314727544784546,0,0.21871693432331085,0.28258076310157776,0.9339760541915894,0,0,0.037307001650333405,0,1,0.888495922088623,0.45320308208465576,0.07198099046945572,0,-0.4550008475780487,0.8497089743614197,0.2663990259170532,0,0.059569988399744034,-0.26944592595100403,0.9611709713935852,0,0.0012499999720603228,0.03654000163078308,0,1,0.9672238826751709,0.25372743606567383,0.009999013505876064,0,-0.25062957406044006,0.9476101398468018,0.1980399489402771,0,0.04077301174402237,-0.19405505061149597,0.9801429510116577,0,0.0006210000137798488,0.03356099873781204,0,1,-0.1866641789674759,-0.03254525363445282,-0.9818848967552185,0,0.8979498147964478,-0.41110941767692566,-0.15708096325397491,0,-0.3985500633716583,-0.9110050797462463,0.10596348345279694,0,0.02656799927353859,0.06444499641656876,0.0008640000014565885,1,-0.9908580780029297,-0.06768906116485596,-0.11669980734586716,0,-0.12609095871448517,0.7722668647766113,0.6226592063903809,0,0.04797619953751564,0.6316818594932556,-0.773742139339447,0,0,0.06136700138449669,0,1,0.7602169513702393,0.6467520594596863,-0.061491623520851135,0,-0.6454539895057678,0.7626580595970154,0.04172270745038986,0,0.07388138025999069,0.007971705868840218,0.9972350001335144,0,0,0.1256980001926422,0,1,-0.7769479155540466,-0.30482596158981323,-0.5508469939231873,0,-0.26569104194641113,0.9519900679588318,-0.15206250548362732,0,0.5707539916038513,0.02821050025522709,-0.8206369280815125,0,0,0.10690099745988846,0,1,0.7866432666778564,-0.6141217350959778,-0.06361164152622223,0,0.5994662046432495,0.7843768000602722,-0.15935418009757996,0,0.147758349776268,0.08722184598445892,0.9851699471473694,0,0.021004000678658485,0.01056899968534708,0,1,0.8293601274490356,0.553821861743927,0.07377786934375763,0,-0.5073701739311218,0.6912539005279541,0.5145320296287537,0,0.2339598536491394,-0.4641650319099426,0.8542910218238831,0,0.002191999927163124,0.018681999295949936,0,1,0.9992730021476746,0.0378660224378109,-0.004365988075733185,0,-0.037772975862026215,0.9990919828414917,0.019727129489183426,0,0.005109012126922607,-0.019547870382666588,0.9997959733009338,0,0.0037169998977333307,0.030345000326633453,0,1,0.9755799174308777,0.06696891039609909,0.20918528735637665,0,-0.0021880879066884518,0.9553009271621704,-0.2956269681453705,0,-0.21963272988796234,0.2879500687122345,0.9321190714836121,0,0,0.043143998831510544,0,1,0.8868928551673889,-0.45696821808815,-0.06783502548933029,0,0.457387775182724,0.8479241132736206,0.26799678802490234,0,-0.06494702398777008,-0.2687111794948578,0.9610289931297302,0,-0.00036199999158270657,0.035868000239133835,0,1,0.9442950487136841,-0.3276057243347168,-0.03132227435708046,0,0.3271462619304657,0.9240748882293701,0.19763505458831787,0,-0.03580227494239807,-0.19687291979789734,0.9797750115394592,0,-0.000014999999621068127,0.033337000757455826,0,1,-0.9270550012588501,0.17186887562274933,0.33321085572242737,0,-0.30378207564353943,-0.8652108311653137,-0.39890623092651367,0,0.21973817050457,-0.47103172540664673,0.8543091416358948,0,-0.0607369989156723,-0.029496999457478523,-0.0024339999072253704,1,0.9966030120849609,-0.07149263471364975,0.04088680073618889,0,0.03347135707736015,0.8051930665969849,0.5920668244361877,0,-0.07525019347667694,-0.5886871218681335,0.8048508167266846,0,0,0.1533450037240982,0,1,-0.9499989151954651,-0.02869083546102047,-0.31093087792396545,0,0.23264183104038239,0.59915691614151,-0.7660861015319824,0,0.20827613770961761,-0.8001169562339783,-0.5625240206718445,0,0,0.09672500193119049,0,1,0.9265598654747009,-0.007826029323041439,0.37606704235076904,0,-0.27103498578071594,0.6793590784072876,0.6819178462028503,0,-0.2608208954334259,-0.7337640523910522,0.6273449063301086,0,0,0.07527200132608414,0,1,-0.9834548830986023,-0.0030260125640779734,-0.1811259239912033,0,-0.032175008207559586,-0.9810448884963989,0.19108985364437103,0,-0.17827104032039642,0.1937561333179474,0.964716911315918,0,0.0607369989156723,-0.029496999457478523,-0.00535999983549118,1,0.9965329766273499,-0.015633191913366318,0.08172125369310379,0,-0.019089190289378166,0.9130318760871887,0.40744125843048096,0,-0.0809837356209755,-0.4075887203216553,0.909568190574646,0,0,0.15335899591445923,0,1,-0.9719270467758179,-0.008681992068886757,0.23512201011180878,0,-0.21558202803134918,0.43314996361732483,-0.8751600384712219,0,-0.09424499422311783,-0.9012800455093384,-0.4228620231151581,0,0,0.09668999910354614,0,1,0.9265391230583191,0.00046908759395591915,-0.37619760632514954,0,0.2739730775356293,0.6844496726989746,0.6756232976913452,0,0.25780534744262695,-0.7290597558021545,0.6340411305427551,0,0,0.07397100329399109,0,1
