1.167,30,35,41
B0,mixamorig_Hips,-1,0.996756911277771,-0.029807591810822487,0.0747470110654831,0,0.04510941728949547,0.9761708974838257,-0.21226023137569427,0,-0.06663891673088074,0.21494372189044952,0.9743500351905823,0,0.008824000135064125,0.9280459880828857,-0.004918000195175409,1
B1,mixamorig_Spine,0,0.9983339309692383,0.01789790950715542,-0.05486130714416504,0,-0.006500148680061102,0.9795140027999878,0.20127001404762268,0,0.057339709252119064,-0.2005780041217804,0.9779980182647705,0,0,0.142985999584198,-0.011126000434160233,1
B2,mixamorig_Spine1,1,0.9997050166130066,-0.007748938165605068,-0.023006968200206757,0,0.012464065104722977,0.9770810604095459,0.2125028818845749,0,0.020833013579249382,-0.21272709965705872,0.9768900275230408,0,0,0.16732099652290344,0,1
B3,mixamorig_Spine2,2,0.9997320175170898,-0.0075158323161304,-0.021899688988924026,0,0.008463184349238873,0.9990180134773254,0.0434921532869339,0,0.021551305428147316,-0.04366584122180939,0.9988139271736145,0,0,0.19122500717639923,0,1
B4,mixamorig_Neck,3,0.9990589618682861,-0.04290519282221794,-0.006290776655077934,0,0.04311186075210571,0.9671259522438049,0.25061526894569397,0,-0.00466872425749898,-0.2506507337093353,0.9680660367012024,0,0,0.21512800455093384,0,1
B5,mixamorig_Head,4,0.9898179173469543,0.1423281878232956,-0.001556875417008996,0,-0.12928184866905212,0.8944039940834045,-0.42816704511642456,0,-0.0595477931201458,0.42400893568992615,0.9036980867385864,0,0,0.16556300222873688,-0.003220000071451068,1
B6,mixamorig_HeadTop_End,5,1,0,0,0,0,1,0,0,0,0,1,0,0,0.724498987197876,-0.014090999960899353,1
B7,mixamorig_LeftShoulder,3,-0.021331284195184708,0.07097698003053665,-0.9972499012947083,0,0.885873019695282,-0.46102985739707947,-0.05176171660423279,0,-0.46343594789505005,-0.8845409750938416,-0.053042154759168625,0,0.07522899657487869,0.17196300625801086,-0.0032949999440461397,1
B8,mixamorig_LeftArm,7,0.9852700233459473,-0.14823296666145325,0.0852600559592247,0,0.05849511921405792,0.7606602907180786,0.6465097069740295,0,-0.16068798303604126,-0.6319993138313293,0.7581266760826111,0,0,0.16953399777412415,0,1
B9,mixamorig_LeftForeArm,8,0.8504220843315125,0.5235488414764404,0.05175811052322388,0,-0.5233802199363708,0.8519119024276733,-0.01784091629087925,0,-0.05343395471572876,-0.01191686000674963,0.9984999895095825,0,0,0.32899999618530273,0,1
B10,mixamorig_LeftHand,9,0.5373235940933228,0.07333803176879883,-0.8401812314987183,0,0.041957009583711624,0.9926539659500122,0.11348002403974533,0,0.8423317670822144,-0.0962270051240921,0.5302994251251221,0,0,0.30154600739479065,0,1
B11,mixamorig_LeftHandThumb1,10,0.7529109120368958,0.6570530533790588,0.03750011324882507,0,-0.6477299928665161,0.7499039769172668,-0.13449683785438538,0,-0.11649303883314133,0.07697419822216034,0.9902039766311646,0,-0.05599899962544441,0.03822999820113182,0,1
B12,mixamorig_LeftHandThumb2,11,0.7904680371284485,-0.6075708866119385,-0.07757403701543808,0,0.5568289756774902,0.6600719690322876,0.5042280554771423,0,-0.2551499307155609,-0.44177180528640747,0.8600791096687317,0,-0.001740999985486269,0.05421600118279457,0,1
B13,mixamorig_LeftHandThumb3,12,0.9998959898948669,0.014100956730544567,0.0031530670821666718,0,-0.013883045874536037,0.9980499744415283,-0.06084804609417915,0,-0.004004934336990118,0.06079794839024544,0.9981420040130615,0,-0.012923000380396843,0.09067399799823761,0,1
B14,mixamorig_LeftHandThumb4,13,1,0,0,0,0,1,0,0,0,0,1,0,0.014663999900221825,0.08761399984359741,0,1
B15,mixamorig_LeftHandIndex1,10,0.9729179739952087,-0.03385781869292259,-0.22865816950798035,0,-0.03294874355196953,0.9588000774383545,-0.28216487169265747,0,0.22879089415073395,0.28205716609954834,0.9317179322242737,0,0,0.12702199816703796,0,1
B16,mixamorig_LeftHandIndex2,15,0.893092930316925,0.4442319869995117,0.07100972533226013,0,-0.4459860920906067,0.8535788655281067,0.2692581117153168,0,0.05900070443749428,-0.2721419930458069,0.9604470729827881,0,0.003318999893963337,0.10109200328588486,0,1
B17,mixamorig_LeftHandIndex3,16,0.9615510702133179,0.27419978380203247,0.015281172469258308,0,-0.27162715792655945,0.9413808584213257,0.2000492960214615,0,0.04046811908483505,-0.19650863111019135,0.9796671271324158,0,0.0007910000276751816,0.0893620029091835,0,1
B18,mixamorig_LeftHandIndex4,17,1,0,0,0,0,1,0,0,0,0,1,0,-0.004110000096261501,0.06229700148105621,0,1
B19,mixamorig_RightShoulder,3,0.1918848156929016,-0.030071232467889786,0.98095703125,0,-0.9025749564170837,-0.3979282081127167,0.16435407102108002,0,0.3854080140590668,-0.9169240593910217,-0.1034979522228241,0,-0.07522899657487869,0.17197300493717194,-0.0034209999721497297,1
B20,mixamorig_RightArm,19,0.9934700727462769,0.05920592322945595,0.09753275662660599,0,-0.10771720856428146,0.7685261368751526,0.6306858062744141,0,-0.037616122514009476,-0.6370731592178345,0.7698848843574524,0,0,0.16953399777412415,0,1
B21,mixamorig_RightForeArm,20,0.7763107419013977,-0.6268572807312012,-0.06626901775598526,0,0.6275096535682678,0.7784992456436157,-0.01305987685918808,0,0.05977704003453255,-0.03144591301679611,0.9977160096168518,0,0,0.32900699973106384,0,1
B22,mixamorig_RightHand,21,0.7570632696151733,-0.2605479061603546,0.5991406440734863,0,0.20927007496356964,0.965429961681366,0.15540599822998047,0,-0.618919312953949,0.0077300481498241425,0.7854167819023132,0,0,0.3015170097351074,0,1
B23,mixamorig_RightHandThumb1,22,0.7538517713546753,-0.6557062268257141,-0.041913002729415894,0,0.6409016251564026,0.7478862404823303,-0.1729503571987152,0,0.144750714302063,0.10351676493883133,0.9840380549430847,0,0.05699099972844124,0.03990500047802925,0,1
B24,mixamorig_RightHandThumb2,23,0.7984411120414734,0.596251904964447,0.08352416753768921,0,-0.5441139340400696,0.6552119255065918,0.5240592360496521,0,0.2577449679374695,-0.4638766050338745,0.8475762009620667,0,0.0032889998983591795,0.05556099861860275,0,1
B25,mixamorig_RightHandThumb3,24,0.9987339973449707,0.05004188418388367,-0.005138971842825413,0,-0.04986611753702164,0.9983060359954834,0.029990624636411667,0,0.006631049793213606,-0.029696378856897354,0.9995369911193848,0,0.011366999708116055,0.0851759985089302,0,1
B26,mixamorig_RightHandThumb4,25,1,0,0,0,0,1,0,0,0,0,1,0,-0.014655999839305878,0.08075200021266937,0,1
B27,mixamorig_RightHandIndex1,22,0.9692280888557434,0.0675378367304802,0.23671995103359222,0,0.004591888748109341,0.9564999938011169,-0.29169711470603943,0,-0.24612309038639069,0.2838078737258911,0.9267560243606567,0,0,0.14398999512195587,0,1
B28,mixamorig_RightHandIndex2,27,0.9085848927497864,-0.414644330739975,-0.0504392646253109,0,0.41330060362815857,0.8749531507492065,0.25226980447769165,0,-0.06047024950385094,-0.25005510449409485,0.9663419723510742,0,-0.002196999965235591,0.09634800255298615,0,1
B29,mixamorig_RightHandIndex3,28,0.9036330580711365,-0.42620688676834106,-0.04235958307981491,0,0.4264512062072754,0.8861110210418701,0.18151280283927917,0,-0.03982672095298767,-0.182085320353508,0.9824759364128113,0,0.0045529999770224094,0.09323199838399887,0,1
B30,mixamorig_RightHandIndex4,29,1,0,0,0,0,1,0,0,0,0,1,0,-0.0023560000117868185,0.0715939998626709,0,1
B31,mixamorig_LeftUpLeg,0,-0.909145176410675,-0.17842598259449005,0.376322865486145,0,0.27489909529685974,-0.9358720779418945,0.22039395570755005,0,0.3128661513328552,0.30382102727890015,0.8998929262161255,0,0.17039300501346588,-0.0793360024690628,0.0003910000086762011,1
B32,mixamorig_LeftLeg,31,0.991349995136261,0.10896609723567963,-0.07315198332071304,0,-0.11566698551177979,0.46201732754707336,-0.8792958855628967,0,-0.062015946954488754,0.8801512122154236,0.4706246554851532,0,0,0.42589500546455383,0,1
B33,mixamorig_LeftFoot,32,0.9975759387016296,0.06846270710229874,0.012471103109419346,0,-0.05089110881090164,0.5954931974411011,0.8017469644546509,0,0.047463301569223404,-0.8004380464553833,0.5975337624549866,0,0,0.297417014837265,0,1
B34,mixamorig_LeftToeBase,33,0.9746209979057312,-0.0004860964836552739,0.22386077046394348,0,-0.15746119618415833,0.709316074848175,0.6870779395103455,0,-0.1591220647096634,-0.7048900127410889,0.6912379264831543,0,0,0.2033960074186325,0,1
B35,mixamorig_LeftToe_End,34,1,0,0,0,0,1,0,0,0,0,1,0,0,0.08330199867486954,0,1
B36,mixamorig_RightUpLeg,0,-0.9848619103431702,-0.06673423945903778,-0.15998125076293945,0,0.061319708824157715,-0.9973729848861694,0.03855128213763237,0,-0.16213370859622955,0.028157692402601242,0.9863671064376831,0,-0.17039300501346588,-0.0793360024690628,0.000019999999494757503,1
B37,mixamorig_RightLeg,36,0.9893990755081177,-0.10757604986429214,0.09755274653434753,0,0.14382509887218475,0.8187950253486633,-0.5557781457901001,0,-0.02008727565407753,0.563916802406311,0.8255870938301086,0,0,0.4258970022201538,0,1
B38,mixamorig_RightFoot,37,0.9823440313339233,-0.0727311298251152,-0.17236755788326263,0,0.18485131859779358,0.5192531943321228,0.8343898057937622,0,0.02881629392504692,-0.8515201210975647,0.5235297083854675,0,0,0.29739299416542053,0,1
B39,mixamorig_RightToeBase,38,0.9747710227966309,0.00004233551590004936,-0.22320888936519623,0,0.15402533113956451,0.723633885383606,0.6727780699729919,0,0.16154985129833221,-0.6901837587356567,0.7053701877593994,0,0,0.2031490057706833,0,1
B40,mixamorig_RightToe_End,39,1,0,0,0,0,1,0,0,0,0,1,0,0,0.08220300078392029,0,1
@34,0,1,2,3,4,5,7,8,9,10,11,12,13,15,16,17,19,20,21,22,23,24,25,27,28,29,31,32,33,34,36,37,38,39
K0,-0.3488355278968811,-0.010432654060423374,-0.026550177484750748,0,-0.015871064737439156,0.341659814119339,0.07427344471216202,0,0.02370360866189003,0.07523031532764435,-0.34099629521369934,0,-0.0030903159640729427,0.3248160779476166,0.001717857550829649,1,0.9983339309692383,0.01789787970483303,-0.05486129969358444,0,-0.006500119809061289,0.9795140027999878,0.20127001404762268,0,0.05733969807624817,-0.2005780041217804,0.9779980182647705,0,0,0.142985999584198,-0.011126000434160233,1,0.9997050166130066,-0.007748936302959919,-0.023006977513432503,0,0.012464065104722977,0.9770810604095459,0.21250289678573608,0,0.02083302102982998,-0.2127271145582199,0.9768900275230408,0,0,0.16732099652290344,0,1,0.9997320175170898,-0.007515823934227228,-0.021899692714214325,0,0.008463175967335701,0.9990180134773254,0.0434921570122242,0,0.021551309153437614,-0.043665844947099686,0.9988139271736145,0,0,0.19122500717639923,0,1,0.9990589618682861,-0.04290517047047615,-0.006290746852755547,0,0.043111830949783325,0.9671259522438049,0.25061526894569397,0,-0.004668747074902058,-0.2506507337093353,0.9680660367012024,0,0,0.21512800455093384,0,1,0.9898179173469543,0.1423281729221344,-0.0015568274538964033,0,-0.12928181886672974,0.8944039940834045,-0.42816707491874695,0,-0.05954783037304878,0.42400893568992615,0.9036980867385864,0,0,0.16556300222873688,-0.003220000071451068,1,-0.021331284195184708,0.07097716629505157,-0.9972499012947083,0,0.8858729004859924,-0.4610300064086914,-0.051761820912361145,0,-0.4634361267089844,-0.884540855884552,-0.053042300045490265,0,0.07522899657487869,0.17196300625801086,-0.0032949999440461397,1,0.9852700233459473,-0.14823290705680847,0.08526004105806351,0,0.05849508196115494,0.7606602907180786,0.6465096473693848,0,-0.16068793833255768,-0.6319993138313293,0.7581266760826111,0,0,0.16953399777412415,0,1,0.8504220843315125,0.5235488414764404,0.051758088171482086,0,-0.5233802199363708,0.8519119024276733,-0.017840879037976265,0,-0.05343391373753548,-0.011916878633201122,0.9984999895095825,0,0,0.32899999618530273,0,1,0.5373235940933228,0.07333801686763763,-0.8401811718940735,0,0.04195701330900192,0.9926539659500122,0.11348000168800354,0,0.8423317074775696,-0.09622699022293091,0.5302994251251221,0,0,0.30154600739479065,0,1,0.7529109716415405,0.6570529937744141,0.0375000536441803,0,-0.6477299332618713,0.7499040365219116,-0.1344967931509018,0,-0.11649295687675476,0.07697421312332153,0.9902039766311646,0,-0.05599899962544441,0.03822999820113182,0,1,0.7904679775238037,-0.6075709462165833,-0.07757402956485748,0,0.5568289756774902,0.660071849822998,0.5042281150817871,0,-0.2551499903202057,-0.44177180528640747,0.8600790500640869,0,-0.001740999985486269,0.05421600118279457,0,1,0.9998959898948669,0.014100953936576843,0.0031530659180134535,0,-0.013883044011890888,0.9980499744415283,-0.06084804609417915,0,-0.004004933405667543,0.06079794839024544,0.9981420040130615,0,-0.012923000380396843,0.09067399799823761,0,1,0.9729179739952087,-0.03385777398943901,-0.22865813970565796,0,-0.032948773354291916,0.9588000774383545,-0.2821648418903351,0,0.22879084944725037,0.28205713629722595,0.9317179918289185,0,0,0.12702199816703796,0,1,0.8930929899215698,0.44423192739486694,0.07100968807935715,0,-0.4459860324859619,0.8535789251327515,0.2692580223083496,0,0.059000689536333084,-0.2721419036388397,0.9604471325874329,0,0.003318999893963337,0.10109200328588486,0,1,0.9615510702133179,0.27419981360435486,0.015281152911484241,0,-0.27162718772888184,0.9413808584213257,0.20004932582378387,0,0.04046815261244774,-0.19650866091251373,0.9796671271324158,0,0.0007910000276751816,0.0893620029091835,0,1,0.19188497960567474,-0.0300713162869215,0.9809569716453552,0,-0.902574896812439,-0.39792823791503906,0.164354145526886,0,0.38540804386138916,-0.916923999786377,-0.10349806398153305,0,-0.07522899657487869,0.17197300493717194,-0.0034209999721497297,1,0.9934700727462769,0.05920583754777908,0.09753280133008957,0,-0.10771717131137848,0.7685261368751526,0.6306858062744141,0,-0.03761620819568634,-0.6370731592178345,0.7698848843574524,0,0,0.16953399777412415,0,1,0.7763106822967529,-0.626857340335846,-0.06626898050308228,0,0.6275097131729126,0.778499186038971,-0.0130598871037364,0,0.059777017682790756,-0.03144588693976402,0.9977160096168518,0,0,0.32900699973106384,0,1,0.7570632696151733,-0.2605479061603546,0.5991406440734863,0,0.20927007496356964,0.965429961681366,0.15540602803230286,0,-0.618919312953949,0.007730027195066214,0.7854167819023132,0,0,0.3015170097351074,0,1,0.7538517117500305,-0.6557062864303589,-0.04191315919160843,0,0.6409016847610474,0.7478861808776855,-0.1729503571987152,0,0.14475083351135254,0.10351666063070297,0.9840380549430847,0,0.05699099972844124,0.03990500047802925,0,1,0.7984409928321838,0.5962520241737366,0.08352416008710861,0,-0.5441139936447144,0.6552118062973022,0.5240593552589417,0,0.2577451169490814,-0.4638766348361969,0.8475761413574219,0,0.0032889998983591795,0.05556099861860275,0,1,0.9987339973449707,0.05004188418388367,-0.005138960666954517,0,-0.04986611753702164,0.9983060359954834,0.029990624636411667,0,0.006631039083003998,-0.029696378856897354,0.9995369911193848,0,0.011366999708116055,0.0851759985089302,0,1,0.9692280888557434,0.06753785908222198,0.23671992123126984,0,0.004591858480125666,0.9564999938011169,-0.29169711470603943,0,-0.2461230754852295,0.2838078737258911,0.9267560243606567,0,0,0.14398999512195587,0,1,0.9085848927497864,-0.41464436054229736,-0.050439272075891495,0,0.41330063343048096,0.8749530911445618,0.2522698640823364,0,-0.060470275580883026,-0.2500551640987396,0.9663419127464294,0,-0.002196999965235591,0.09634800255298615,0,1,0.9036330580711365,-0.4262068569660187,-0.042359642684459686,0,0.4264512062072754,0.8861110210418701,0.1815127283334732,0,-0.039826638996601105,-0.1820852905511856,0.982475996017456,0,0.0045529999770224094,0.09323199838399887,0,1,-0.909145176410675,-0.17842595279216766,0.376322865486145,0,0.27489906549453735,-0.9358720779418945,0.22039397060871124,0,0.3128661513328552,0.30382102727890015,0.8998929262161255,0,0.17039300501346588,-0.0793360024690628,0.0003910000086762011,1,0.991349995136261,0.10896606743335724,-0.07315194606781006,0,-0.11566692590713501,0.46201732754707336,-0.879295825958252,0,-0.062015943229198456,0.8801511526107788,0.4706246554851532,0,0,0.42589500546455383,0,1,0.9975759387016296,0.06846274435520172,0.01247124932706356,0,-0.05089125037193298,0.5954931974411011,0.8017469644546509,0,0.047463249415159225,-0.8004380464553833,0.5975337624549866,0,0,0.297417014837265,0,1,0.9746209979057312,-0.00048618894652463496,0.22386083006858826,0,-0.15746119618415833,0.7093160152435303,0.6870779991149902,0,-0.15912213921546936,-0.7048900723457336,0.6912378668785095,0,0,0.2033960074186325,0,1,-0.9848619103431702,-0.06673426181077957,-0.15998126566410065,0,0.06131972745060921,-0.9973729848861694,0.038551297038793564,0,-0.16213372349739075,0.028157705441117287,0.9863671064376831,0,-0.17039300501346588,-0.0793360024690628,0.000019999999494757503,1,0.9893990755081177,-0.10757598280906677,0.09755271673202515,0,0.14382502436637878,0.8187950253486633,-0.5557781457901001,0,-0.020087294280529022,0.563916802406311,0.8255870938301086,0,0,0.4258970022201538,0,1,0.9823440909385681,-0.07273086905479431,-0.17236751317977905,0,0.18485113978385925,0.5192532539367676,0.8343898057937622,0,0.02881649322807789,-0.8515201210975647,0.5235297083854675,0,0,0.29739299416542053,0,1,0.9747709631919861,0.00004238576366333291,-0.22320900857448578,0,0.1540253758430481,0.7236338257789612,0.6727781295776367,0,0.16154997050762177,-0.6901838183403015,0.7053701281547546,0,0,0.2031490057706833,0,1
K0.033,-0.3490084111690521,-0.012549962848424911,-0.023141104727983475,0,-0.01687970943748951,0.34278053045272827,0.06867770850658417,0,0.02020120806992054,0.06959923356771469,-0.34241488575935364,0,-0.0025266711600124836,0.3266584873199463,0.002847244730219245,1,0.997979998588562,0.013636058196425438,-0.06204421445727348,0,-0.0016358242137357593,0.9818820953369141,0.18948553502559662,0,0.0635039359331131,-0.18900126218795776,0.9799209237098694,0,0,0.142985999584198,-0.011126000434160233,1,0.9996050000190735,-0.008283053524792194,-0.02684074454009533,0,0.013647965155541897,0.9783831238746643,0.20634949207305908,0,0.024551331996917725,-0.20663437247276306,0.9781098961830139,0,0,0.16732099652290344,0,1,0.9996259808540344,-0.00806712917983532,-0.026129044592380524,0,0.009035881608724594,0.9992679357528687,0.037172336131334305,0,0.025810042396187782,-0.037394531071186066,0.9989670515060425,0,0,0.19122500717639923,0,1,0.9991909861564636,-0.040015093982219696,-0.004105075728148222,0,0.03976079821586609,0.967039942741394,0.25150221586227417,0,-0.006094108801335096,-0.25146180391311646,0.9678480625152588,0,0,0.21512800455093384,0,1,0.9852779507637024,0.16988517343997955,0.019138004630804062,0,-0.1440771371126175,0.8853880167007446,-0.44196200370788574,0,-0.09202737361192703,0.432698130607605,0.8968299627304077,0,0,0.16556300222873688,-0.003220000071451068,1,-0.016911664977669716,0.06946783512830734,-0.9974409937858582,0,0.889376163482666,-0.4547787606716156,-0.04675295203924179,0,-0.4568629264831543,-0.8878911137580872,-0.05409201234579086,0,0.07522899657487869,0.17196300625801086,-0.0032949999440461397,1,0.983601987361908,-0.1661599576473236,0.07012849301099777,0,0.08050234615802765,0.7524459958076477,0.6537160277366638,0,-0.16138938069343567,-0.6373510956764221,0.7534838318824768,0,0,0.16953399777412415,0,1,0.8490179777145386,0.5258020758628845,0.05197466164827347,0,-0.5256320238113403,0.850521981716156,-0.017993085086345673,0,-0.05366634577512741,-0.01204308494925499,0.9984859228134155,0,0,0.32899999618530273,0,1,0.5243871212005615,0.08480902016162872,-0.8472458720207214,0,0.04292485862970352,0.9911289215087891,0.12577921152114868,0,0.8503971695899963,-0.10232491046190262,0.5160948038101196,0,0,0.30154600739479065,0,1,0.7529109716415405,0.6570529937744141,0.0375000536441803,0,-0.6477299332618713,0.7499040365219116,-0.1344967931509018,0,-0.11649295687675476,0.07697421312332153,0.9902039766311646,0,-0.05599899962544441,0.03822999820113182,0,1,0.7904677391052246,-0.6075713038444519,-0.07757411152124405,0,0.5568296313285828,0.6600720286369324,0.5042282938957214,0,-0.25515004992485046,-0.44177162647247314,0.8600791096687317,0,-0.001740999985486269,0.05421600118279457,0,1,0.9998959898948669,0.01410045474767685,0.0031530812848359346,0,-0.01388254389166832,0.9980499744415283,-0.06084804609417915,0,-0.004004918038845062,0.060797952115535736,0.9981420040130615,0,-0.012923000380396843,0.09067399799823761,0,1,0.9729179739952087,-0.03385721147060394,-0.22865822911262512,0,-0.032949212938547134,0.9587999582290649,-0.28216424584388733,0,0.2287907898426056,0.2820567488670349,0.931718111038208,0,0,0.12702199816703796,0,1,0.8930929899215698,0.4442320466041565,0.071009062230587,0,-0.44598597288131714,0.8535791039466858,0.26925772428512573,0,0.05900106206536293,-0.2721412479877472,0.9604468941688538,0,0.003318999893963337,0.10109200328588486,0,1,0.9615510702133179,0.27419981360435486,0.015281152911484241,0,-0.27162718772888184,0.9413808584213257,0.20004932582378387,0,0.04046815261244774,-0.19650866091251373,0.9796671271324158,0,0.0007910000276751816,0.0893620029091835,0,1,0.18802566826343536,-0.030456606298685074,0.9816921353340149,0,-0.8994840383529663,-0.40673908591270447,0.15966123342514038,0,0.39442959427833557,-0.9130362272262573,-0.10387253761291504,0,-0.07522899657487869,0.17197300493717194,-0.0034209999721497297,1,0.9923449158668518,0.07512108981609344,0.09802613407373428,0,-0.12002511322498322,0.7735920548439026,0.6222140192985535,0,-0.02909082919359207,-0.6292160153388977,0.7766860127449036,0,0,0.16953399777412415,0,1,0.7683491110801697,-0.6364778876304626,-0.06734392791986465,0,0.6371532082557678,0.770614743232727,-0.013707946054637432,0,0.06062108278274536,-0.03237594664096832,0.9976360201835632,0,0,0.32900699973106384,0,1,0.7537518739700317,-0.270671010017395,0.598828136920929,0,0.22441734373569489,0.962476909160614,0.15256398916244507,0,-0.617652952671051,0.019392022863030434,0.786212146282196,0,0,0.3015170097351074,0,1,0.7538517117500305,-0.6557062268257141,-0.04191335290670395,0,0.6409016847610474,0.7478863000869751,-0.17294985055923462,0,0.14475063979625702,0.10351613909006119,0.9840379953384399,0,0.05699099972844124,0.03990500047802925,0,1,0.7984408140182495,0.5962513089179993,0.08352400362491608,0,-0.5441136956214905,0.6552121043205261,0.5240592956542969,0,0.2577449679374695,-0.4638766646385193,0.8475762009620667,0,0.0032889998983591795,0.05556099861860275,0,1,0.9987339973449707,0.05004188418388367,-0.005138960666954517,0,-0.04986611753702164,0.9983060359954834,0.029990624636411667,0,0.006631039083003998,-0.029696378856897354,0.9995369911193848,0,0.011366999708116055,0.0851759985089302,0,1,0.9692280888557434,0.06753785908222198,0.23671992123126984,0,0.004591858480125666,0.9564999938011169,-0.29169711470603943,0,-0.2461230754852295,0.2838078737258911,0.9267560243606567,0,0,0.14398999512195587,0,1,0.9085848331451416,-0.41464442014694214,-0.050439171493053436,0,0.41330060362815857,0.874953031539917,0.25226932764053345,0,-0.06047017499804497,-0.2500546872615814,0.9663420915603638,0,-0.002196999965235591,0.09634800255298615,0,1,0.9036330580711365,-0.4262068271636963,-0.04235975444316864,0,0.426451176404953,0.8861109614372253,0.18151319026947021,0,-0.03982675075531006,-0.182085782289505,0.982475996017456,0,0.0045529999770224094,0.09323199838399887,0,1,-0.9203961491584778,-0.14298690855503082,0.36390361189842224,0,0.2614876329898834,-0.9170647859573364,0.3010246455669403,0,0.29068082571029663,0.37221843004226685,0.8814527988433838,0,0.17039300501346588,-0.0793360024690628,0.0003910000086762011,1,0.9884599447250366,0.14200535416603088,-0.0527416430413723,0,-0.12753723561763763,0.592266321182251,-0.7955849170684814,0,-0.08174018561840057,0.7931300401687622,0.6035422682762146,0,0,0.42589500546455383,0,1,0.998449981212616,0.034184448421001434,0.04392407834529877,0,-0.05564573034644127,0.6301631927490234,0.7744656801223755,0,-0.0012046567862853408,-0.7757099270820618,0.6310890316963196,0,0,0.297417014837265,0,1,0.97415691614151,-0.0008482559351250529,0.22586829960346222,0,-0.16100627183914185,0.6987271308898926,0.6970348954200745,0,-0.15841171145439148,-0.7153882384300232,0.6805338859558105,0,0,0.2033960074186325,0,1,-0.9827482104301453,-0.05933873727917671,-0.1751738041639328,0,0.06677424907684326,-0.9970870614051819,-0.03685704618692398,0,-0.17247635126113892,-0.04791826009750366,0.98384690284729,0,-0.17039300501346588,-0.0793360024690628,0.000019999999494757503,1,0.9892870783805847,-0.10934750735759735,0.09672101587057114,0,0.1430884152650833,0.8576391339302063,-0.49394458532333374,0,-0.028940103948116302,0.5024924874305725,0.8640973567962646,0,0,0.4258970022201538,0,1,0.983098030090332,-0.06143570691347122,-0.1724650114774704,0,0.17967717349529266,0.504554808139801,0.8444761037826538,0,0.03513708710670471,-0.8611911535263062,0.5070656538009644,0,0,0.29739299416542053,0,1,0.9747769236564636,0.00003808770270552486,-0.22317913174629211,0,0.15397308766841888,0.723781943321228,0.6726300716400146,0,0.1615588665008545,-0.6900289058685303,0.7055211067199707,0,0,0.2031490057706833,0,1
K0.067,-0.3490513265132904,-0.014834483154118061,-0.021050220355391502,0,-0.01836109720170498,0.3439639210700989,0.06206298619508743,0,0.018056681379675865,0.06299902498722076,-0.343809574842453,0,-0.002245512092486024,0.3267501890659332,0.0036868418101221323,1,0.9974989891052246,0.008065135218203068,-0.07022414356470108,0,0.004634018521755934,0.9838710427284241,0.17882001399993896,0,0.07053371518850327,-0.17869821190834045,0.9813729524612427,0,0,0.142985999584198,-0.011126000434160233,1,0.9994840621948242,-0.008846704848110676,-0.030865605920553207,0,0.014853278174996376,0.9796450138092041,0.20018994808197021,0,0.02846631594002247,-0.20054513216018677,0.9792709350585938,0,0,0.16732099652290344,0,1,0.9994990229606628,-0.008686726912856102,-0.030441924929618835,0,0.009626263752579689,0.9994780421257019,0.03085378371179104,0,0.030157987028360367,-0.031131340190768242,0.9990599751472473,0,0,0.19122500717639923,0,1,0.9994000792503357,-0.03459778055548668,-0.0017149702180176973,0,0.033922333270311356,0.967460036277771,0.2507416903972626,0,-0.007015937473624945,-0.2506493330001831,0.9680529236793518,0,0,0.21512800455093384,0,1,0.9806270599365234,0.19309315085411072,0.032964032143354416,0,-0.15738049149513245,0.8768209218978882,-0.4543302059173584,0,-0.11663159728050232,0.4403405487537384,0.8902233242988586,0,0,0.16556300222873688,-0.003220000071451068,1,-0.01131970714777708,0.0676208883523941,-0.9976469874382019,0,0.8937020301818848,-0.44683581590652466,-0.04042701795697212,0,-0.44851821660995483,-0.892056941986084,-0.0553748644888401,0,0.07522899657487869,0.17196300625801086,-0.0032949999440461397,1,0.9816889762878418,-0.18154294788837433,0.05769909545779228,0,0.09875670820474625,0.7440419793128967,0.6607940793037415,0,-0.16289299726486206,-0.6429958343505859,0.7483460903167725,0,0,0.16953399777412415,0,1,0.84620600938797,0.5302720069885254,0.05240468308329582,0,-0.5300989151000977,0.8477381467819214,-0.018297886475920677,0,-0.05412832275032997,-0.012295885942876339,0.9984580278396606,0,0,0.32899999618530273,0,1,0.5215549468994141,0.09577202796936035,-0.8478250503540039,0,0.03768918290734291,0.9901240468025208,0.1350315809249878,0,0.8523848652839661,-0.10238031297922134,0.5127949714660645,0,0,0.30154600739479065,0,1,0.7529109716415405,0.6570529937744141,0.0375000536441803,0,-0.6477299332618713,0.7499040365219116,-0.1344967931509018,0,-0.11649295687675476,0.07697421312332153,0.9902039766311646,0,-0.05599899962544441,0.03822999820113182,0,1,0.7904680371284485,-0.6075720191001892,-0.07757386565208435,0,0.5568299293518066,0.6600719690322876,0.5042291283607483,0,-0.2551508843898773,-0.4417719542980194,0.8600790500640869,0,-0.001740999985486269,0.05421600118279457,0,1,0.9998959898948669,0.01409995462745428,0.003153096418827772,0,-0.013882043771445751,0.9980499744415283,-0.06084804609417915,0,-0.004004902672022581,0.060797952115535736,0.9981420040130615,0,-0.012923000380396843,0.09067399799823761,0,1,0.9729179739952087,-0.03385777398943901,-0.22865813970565796,0,-0.032948773354291916,0.9588000774383545,-0.2821648418903351,0,0.22879084944725037,0.28205713629722595,0.9317179918289185,0,0,0.12702199816703796,0,1,0.8930929899215698,0.44423192739486694,0.07100968807935715,0,-0.4459860324859619,0.8535789251327515,0.2692580223083496,0,0.059000689536333084,-0.2721419036388397,0.9604471325874329,0,0.003318999893963337,0.10109200328588486,0,1,0.9615510702133179,0.27419981360435486,0.015281080268323421,0,-0.2716272175312042,0.9413809776306152,0.20004884898662567,0,0.04046808183193207,-0.19650813937187195,0.9796669483184814,0,0.0007910000276751816,0.0893620029091835,0,1,0.18067729473114014,-0.03102567419409752,0.9830529689788818,0,-0.896729052066803,-0.4157730042934418,0.15168963372707367,0,0.4040206968784332,-0.9089391827583313,-0.10294241458177567,0,-0.07522899657487869,0.17197300493717194,-0.0034209999721497297,1,0.9912999868392944,0.08555091917514801,0.10002817213535309,0,-0.1292658895254135,0.7759539484977722,0.6174030900001526,0,-0.024797851219773293,-0.6249619722366333,0.7802619934082031,0,0,0.16953399777412415,0,1,0.7624551653862,-0.6434447765350342,-0.06812437623739243,0,0.6441371440887451,0.7647778987884521,-0.014190125279128551,0,0.0612306110560894,-0.03306212276220322,0.9975760579109192,0,0,0.32900699973106384,0,1,0.7469562292098999,-0.2900577187538147,0.5982657074928284,0,0.24485382437705994,0.956587016582489,0.15807420015335083,0,-0.6181442141532898,0.028413165360689163,0.7855508327484131,0,0,0.3015170097351074,0,1,0.7538521885871887,-0.6557056903839111,-0.041912730783224106,0,0.6409012079238892,0.7478867173194885,-0.1729501336812973,0,0.14475026726722717,0.10351685434579849,0.9840379953384399,0,0.05699099972844124,0.03990500047802925,0,1,0.7984408736228943,0.5962522029876709,0.08352429419755936,0,-0.54411381483078,0.6552110314369202,0.5240591764450073,0,0.25774526596069336,-0.4638768136501312,0.8475760221481323,0,0.0032889998983591795,0.05556099861860275,0,1,0.9987339973449707,0.05004188418388367,-0.005138960666954517,0,-0.04986611753702164,0.9983060359954834,0.029990624636411667,0,0.006631039083003998,-0.029696378856897354,0.9995369911193848,0,0.011366999708116055,0.0851759985089302,0,1,0.9692280888557434,0.06753785908222198,0.23671992123126984,0,0.004591858480125666,0.9564999938011169,-0.29169711470603943,0,-0.2461230754852295,0.2838078737258911,0.9267560243606567,0,0,0.14398999512195587,0,1,0.9085838198661804,-0.4146452844142914,-0.050439946353435516,0,0.4133017063140869,0.8749522566795349,0.2522697150707245,0,-0.06046995148062706,-0.25005531311035156,0.9663419127464294,0,-0.002196999965235591,0.09634800255298615,0,1,0.9036330580711365,-0.4262068271636963,-0.04235975444316864,0,0.426451176404953,0.8861109614372253,0.18151319026947021,0,-0.03982675075531006,-0.182085782289505,0.982475996017456,0,0.0045529999770224094,0.09323199838399887,0,1,-0.933387815952301,-0.11979732662439346,0.338283509016037,0,0.24725407361984253,-0.8978782892227173,0.3642522394657135,0,0.2601010501384735,0.42363065481185913,0.8676891922950745,0,0.17039300501346588,-0.0793360024690628,0.0003910000086762011,1,0.9829930067062378,0.18217577040195465,-0.02316737361252308,0,-0.1482706069946289,0.7128791213035583,-0.6854330897331238,0,-0.10835382342338562,0.6772112846374512,0.7277668118476868,0,0,0.42589500546455383,0,1,0.9910040497779846,0.0030394811183214188,0.13379447162151337,0,-0.10406334698200226,0.6461179852485657,0.7561100125312805,0,-0.0841488316655159,-0.7632312178611755,0.6406218409538269,0,0,0.297417014837265,0,1,0.9742090702056885,-0.000807038217317313,0.22564786672592163,0,-0.16061602532863617,0.699902355670929,0.6959447264671326,0,-0.15849313139915466,-0.7142382860183716,0.681721568107605,0,0,0.2033960074186325,0,1,-0.9813539981842041,-0.05179717764258385,-0.1850990504026413,0,0.0715508684515953,-0.9922401309013367,-0.1016833484172821,0,-0.1783958375453949,-0.11303137987852097,0.9774450659751892,0,-0.17039300501346588,-0.0793360024690628,0.000019999999494757503,1,0.9894149899482727,-0.10692411661148071,0.09810685366392136,0,0.13974593579769135,0.8842376470565796,-0.44564059376716614,0,-0.039100028574466705,0.45463332533836365,0.8898197412490845,0,0,0.4258970022201538,0,1,0.9833040833473206,-0.048367198556661606,-0.17542587220668793,0,0.17683593928813934,0.4813908338546753,0.8584820628166199,0,0.04292602464556694,-0.8751705884933472,0.4819066524505615,0,0,0.29739299416542053,0,1,0.9747819304466248,0.000034768396290019155,-0.2231612354516983,0,0.15394175052642822,0.7238731980323792,0.6725397706031799,0,0.16156375408172607,-0.689933180809021,0.7056128978729248,0,0,0.2031490057706833,0,1
K0.100,-0.3488635718822479,-0.018578091636300087,-0.021192047744989395,0,-0.021771585568785667,0.34477975964546204,0.05615144595503807,0,0.017895421013236046,0.05728732794523239,-0.3448156416416168,0,-0.0021409287583082914,0.3243362605571747,0.0046914671547710896,1,0.9969350695610046,0.004397412296384573,-0.07811295986175537,0,0.008932411670684814,0.985493004322052,0.16948087513446808,0,0.07772503793239594,-0.16965912282466888,0.982433021068573,0,0,0.142985999584198,-0.011126000434160233,1,0.9993630051612854,-0.00890480075031519,-0.03455770015716553,0,0.015457198955118656,0.9808279871940613,0.1942627727985382,0,0.0321652926504612,-0.19467322528362274,0.9803410172462463,0,0,0.16732099652290344,0,1,0.9993739724159241,-0.008834774605929852,-0.034242644906044006,0,0.009687225334346294,0.9996449947357178,0.024808892980217934,0,0.034011345356702805,-0.025125108659267426,0.9991059303283691,0,0,0.19122500717639923,0,1,0.9995729923248291,-0.029202111065387726,-0.0003571463457774371,0,0.02836989238858223,0.9680389761924744,0.24919015169143677,0,-0.00693114660680294,-0.24909387528896332,0.9684540629386902,0,0,0.21512800455093384,0,1,0.9767979383468628,0.21058127284049988,0.03900213539600372,0,-0.1691417247056961,0.8702630400657654,-0.4626368582248688,0,-0.1313648670911789,0.4453061819076538,0.885689914226532,0,0,0.16556300222873688,-0.003220000071451068,1,-0.006628756877034903,0.06650081276893616,-0.9977640509605408,0,0.8960402011871338,-0.44255486130714417,-0.03544910252094269,0,-0.44392290711402893,-0.8942721486091614,-0.05665392056107521,0,0.07522899657487869,0.17196300625801086,-0.0032949999440461397,1,0.979390025138855,-0.19580161571502686,0.04957427456974983,0,0.11397538334131241,0.7383862733840942,0.6646766066551208,0,-0.1667497307062149,-0.6453274488449097,0.7454847693443298,0,0,0.16953399777412415,0,1,0.8435639142990112,0.5344260334968567,0.0528031624853611,0,-0.534250020980835,0.8451220393180847,-0.018581993877887726,0,-0.05455583706498146,-0.012534993700683117,0.9984319806098938,0,0,0.32899999618530273,0,1,0.5286207795143127,0.10410983860492706,-0.8424491286277771,0,0.030884835869073868,0.989434003829956,0.1416538655757904,0,0.8482957482337952,-0.10090012848377228,0.5198202133178711,0,0,0.30154600739479065,0,1,0.7529109716415405,0.6570529937744141,0.0375000536441803,0,-0.6477299332618713,0.7499040365219116,-0.1344967931509018,0,-0.11649295687675476,0.07697421312332153,0.9902039766311646,0,-0.05599899962544441,0.03822999820113182,0,1,0.7904680967330933,-0.6075708270072937,-0.07757415622472763,0,0.5568290948867798,0.6600720882415771,0.5042287707328796,0,-0.25515010952949524,-0.4417721927165985,0.8600788116455078,0,-0.001740999985486269,0.05421600118279457,0,1,0.9998959898948669,0.014100953936576843,0.0031530659180134535,0,-0.013883044011890888,0.9980499744415283,-0.06084804609417915,0,-0.004004933405667543,0.06079794839024544,0.9981420040130615,0,-0.012923000380396843,0.09067399799823761,0,1,0.9729179739952087,-0.03385721147060394,-0.22865822911262512,0,-0.032949212938547134,0.9587999582290649,-0.28216424584388733,0,0.2287907898426056,0.2820567488670349,0.931718111038208,0,0,0.12702199816703796,0,1,0.8930931687355042,0.4442327916622162,0.07100982964038849,0,-0.44598621129989624,0.8535778522491455,0.26925793290138245,0,0.059000831097364426,-0.27214205265045166,0.9604470729827881,0,0.003318999893963337,0.10109200328588486,0,1,0.9615510702133179,0.27419981360435486,0.015281152911484241,0,-0.27162718772888184,0.9413808584213257,0.20004932582378387,0,0.04046815261244774,-0.19650866091251373,0.9796671271324158,0,0.0007910000276751816,0.0893620029091835,0,1,0.17455294728279114,-0.03153129294514656,0.984143078327179,0,-0.8948683738708496,-0.4220535457134247,0.14519640803337097,0,0.41078251600265503,-0.9060222506523132,-0.10188701748847961,0,-0.07522899657487869,0.17197300493717194,-0.0034209999721497297,1,0.9903600215911865,0.09005911648273468,0.10524894297122955,0,-0.1360458880662918,0.7753600478172302,0.6166920065879822,0,-0.026067061349749565,-0.6250650882720947,0.7801369428634644,0,0,0.16953399777412415,0,1,0.7600577473640442,-0.6462411880493164,-0.06843813508749008,0,0.6469407677650452,0.762404203414917,-0.014386714436113834,0,0.061474863439798355,-0.03334071487188339,0.9975519776344299,0,0,0.32900699973106384,0,1,0.7439969182014465,-0.30559906363487244,0.5942040681838989,0,0.26092398166656494,0.9515529870986938,0.16268323361873627,0,-0.6151319742202759,0.034006230533123016,0.7876899838447571,0,0,0.3015170097351074,0,1,0.7538519501686096,-0.655705988407135,-0.04191267117857933,0,0.6409010291099548,0.7478860020637512,-0.17295008897781372,0,0.14475031197071075,0.10351689159870148,0.9840379953384399,0,0.05699099972844124,0.03990500047802925,0,1,0.7984409928321838,0.5962520837783813,0.08352479338645935,0,-0.5441139340400696,0.6552110314369202,0.524058997631073,0,0.25774475932121277,-0.46387699246406555,0.8475760817527771,0,0.0032889998983591795,0.05556099861860275,0,1,0.9987339973449707,0.05004188418388367,-0.00513894809409976,0,-0.04986611753702164,0.9983059763908386,0.02999112568795681,0,0.006631051190197468,-0.029696879908442497,0.99953693151474,0,0.011366999708116055,0.0851759985089302,0,1,0.9692280888557434,0.06753785908222198,0.23671992123126984,0,0.004591858480125666,0.9564999938011169,-0.29169711470603943,0,-0.2461230754852295,0.2838078737258911,0.9267560243606567,0,0,0.14398999512195587,0,1,0.9085848927497864,-0.4146442711353302,-0.05043976753950119,0,0.41330066323280334,0.8749530911445618,0.2522698640823364,0,-0.060469768941402435,-0.25005513429641724,0.966340959072113,0,-0.002196999965235591,0.09634800255298615,0,1,0.9036330580711365,-0.42620688676834106,-0.042359136044979095,0,0.4264511466026306,0.8861110210418701,0.18151284754276276,0,-0.0398271381855011,-0.18208517134189606,0.982475996017456,0,0.0045529999770224094,0.09323199838399887,0,1,-0.9445989727973938,-0.11506478488445282,0.30739808082580566,0,0.2445341944694519,-0.8714229464530945,0.4252357482910156,0,0.21894390881061554,0.47684621810913086,0.8512818813323975,0,0.17039300501346588,-0.0793360024690628,0.0003910000086762011,1,0.9754039645195007,0.22042112052440643,-0.0012775538489222527,0,-0.18038888275623322,0.7948963046073914,-0.5793095827102661,0,-0.126676544547081,0.5652913451194763,0.8151065707206726,0,0,0.42589500546455383,0,1,0.9720669388771057,-0.03116508759558201,0.23262518644332886,0,-0.15809708833694458,0.6456030607223511,0.7471299171447754,0,-0.17346780002117157,-0.7630371451377869,0.6226418614387512,0,0,0.297417014837265,0,1,0.9744458794593811,-0.0006190977292135358,0.22462044656276703,0,-0.15880310535430908,0.7053311467170715,0.6908618211746216,0,-0.15885956585407257,-0.7088780999183655,0.6872089505195618,0,0,0.2033960074186325,0,1,-0.9802820682525635,-0.047835823148489,-0.19172494113445282,0,0.07732918113470078,-0.9857431054115295,-0.1494358479976654,0,-0.18184307217597961,-0.16131514310836792,0.9700049161911011,0,-0.17039300501346588,-0.0793360024690628,0.000019999999494757503,1,0.9895590543746948,-0.09962796419858932,0.10415087640285492,0,0.1355140507221222,0.8892239928245544,-0.436939001083374,0,-0.04908213019371033,0.446491003036499,0.8934409618377686,0,0,0.4258970022201538,0,1,0.9832100868225098,-0.03345229849219322,-0.1793866902589798,0,0.1758987009525299,0.43535900115966797,0.8829060792922974,0,0.04856231063604355,-0.8996349573135376,0.4339330494403839,0,0,0.29739299416542053,0,1,0.9747790098190308,0.00003672304592328146,-0.2231738567352295,0,0.15396371483802795,0.7238100171089172,0.6726020574569702,0,0.16156014800071716,-0.6899989247322083,0.7055490612983704,0,0,0.2031490057706833,0,1
