2.467,30,74,41
B0,mixamorig_Hips,-1,0.5466451048851013,0.011485801078379154,0.8372849225997925,0,-0.0355084128677845,0.9993239641189575,0.009474032558500767,0,-0.8366109728813171,-0.03490963205695152,0.5466839671134949,0,0.003975000232458115,0.8491889834403992,0.001184999942779541,1
B1,mixamorig_Spine,0,0.999701976776123,0.010057277977466583,-0.022239934653043747,0,-0.010629727505147457,0.9996110200881958,-0.025773141533136368,0,0.02197207510471344,0.026001865044236183,0.9994199872016907,0,0,0.142985999584198,-0.011126000434160233,1
B2,mixamorig_Spine1,1,0.9998490214347839,0.015235246159136295,-0.008302985690534115,0,-0.015108752995729446,0.9997719526290894,0.01509085576981306,0,0.008531011641025543,-0.014963141642510891,0.9998520016670227,0,0,0.16732099652290344,0,1
B3,mixamorig_Spine2,2,0.9998440146446228,0.015232180245220661,-0.008954808115959167,0,-0.015096812509000301,0.9997739195823669,0.014995268546044827,0,0.009181185625493526,-0.014857725240290165,0.9998469948768616,0,0,0.19122500717639923,0,1
B4,mixamorig_Neck,3,0.9687780737876892,0.01742228865623474,-0.24731571972370148,0,0.05895933136343956,0.9527220129966736,0.2980687916278839,0,0.2408161759376526,-0.30334410071372986,0.9219489693641663,0,0,0.21512800455093384,0,1
B5,mixamorig_Head,4,0.8407741189002991,-0.19358278810977936,-0.5055928826332092,0,0.165773406624794,0.9810839295387268,-0.09996772557497025,0,0.5153811573982239,0.0002364127867622301,0.8569608926773071,0,0,0.16556300222873688,-0.003220000071451068,1
B6,mixamorig_HeadTop_End,5,1,0,0,0,0,1,0,0,0,0,1,0,0,0.724498987197876,-0.014090999960899353,1
B7,mixamorig_LeftShoulder,3,-0.08670297265052795,-0.0011289248941466212,-0.9962340593338013,0,0.9162740707397461,-0.39262479543685913,-0.07929904758930206,0,-0.39105620980262756,-0.9196979403495789,0.03507605567574501,0,0.07522899657487869,0.17196300625801086,-0.0032949999440461397,1
B8,mixamorig_LeftArm,7,0.8995000720024109,0.10001302510499954,0.4253210425376892,0,-0.35161393880844116,0.7435470819473267,0.5687758922576904,0,-0.2593609392642975,-0.6611621379852295,0.7039859294891357,0,0,0.16953399777412415,0,1
B9,mixamorig_LeftForeArm,8,0.14046218991279602,0.9856389164924622,0.09373094886541367,0,-0.9846760034561157,0.14895062148571014,-0.09070418775081635,0,-0.10336285084486008,-0.07955411821603775,0.9914570450782776,0,0,0.32899999618530273,0,1
B10,mixamorig_LeftHand,9,-0.18396222591400146,-0.12327515333890915,-0.9751719236373901,0,-0.37491706013679504,0.9258999824523926,-0.04631991684436798,0,0.9086229801177979,0.35708799958229065,-0.2165488600730896,0,0,0.30154600739479065,0,1
B11,mixamorig_LeftHandThumb1,10,0.857011079788208,0.5151758193969727,0.011250807903707027,0,-0.5136661529541016,0.8558289408683777,-0.06086774542927742,0,-0.040986306965351105,0.04638511314988136,0.9980819821357727,0,-0.05599899962544441,0.03822999820113182,0,1
B12,mixamorig_LeftHandThumb2,11,0.9264401197433472,-0.352114737033844,0.13313093781471252,0,0.20206215977668762,0.7635369300842285,0.613336980342865,0,-0.31761521100997925,-0.541318953037262,0.7785199284553528,0,-0.001740999985486269,0.05421600118279457,0,1
B13,mixamorig_LeftHandThumb3,12,0.8730060458183289,-0.4615589380264282,-0.15755575895309448,0,0.4078200161457062,0.5136885643005371,0.7548552751541138,0,-0.2674756646156311,-0.7232478260993958,0.636686384677887,0,-0.012923000380396843,0.09067399799823761,0,1
B14,mixamorig_LeftHandThumb4,13,1,0,0,0,0,1,0,0,0,0,1,0,0.014663999900221825,0.08761399984359741,0,1
B15,mixamorig_LeftHandIndex1,10,0.32002314925193787,0.8562849164009094,0.4054150879383087,0,-0.8224833011627197,0.03871715068817139,0.5674696564674377,0,0.4702194333076477,-0.5150508880615234,0.7166707515716553,0,0,0.12702199816703796,0,1
B16,mixamorig_LeftHandIndex2,15,-0.0724598839879036,0.7454948425292969,0.6625601649284363,0,-0.7622108459472656,-0.469838947057724,0.4452921450138092,0,0.6432598233222961,-0.4727449119091034,0.602269172668457,0,0.003318999893963337,0.10109200328588486,0,1
B17,mixamorig_LeftHandIndex3,16,0.09640325605869293,0.834790825843811,0.5420610308647156,0,-0.8116120100021362,-0.2493300884962082,0.5283178091049194,0,0.5761870741844177,-0.4908747673034668,0.6534901261329651,0,0.0007910000276751816,0.0893620029091835,0,1
B18,mixamorig_LeftHandIndex4,17,1,0,0,0,0,1,0,0,0,0,1,0,-0.004110000096261501,0.06229700148105621,0,1
B19,mixamorig_RightShoulder,3,-0.0628708228468895,-0.008558044210076332,0.9979850053787231,0,-0.8723600506782532,-0.4852770268917084,-0.0591181144118309,0,0.48480507731437683,-0.8743190169334412,0.02304401993751526,0,-0.07522899657487869,0.17197300493717194,-0.0034209999721497297,1
B20,mixamorig_RightArm,19,0.6808359026908875,-0.7318121194839478,0.030218129977583885,0,0.6386078596115112,0.613315999507904,0.4647841453552246,0,-0.3586677610874176,-0.2971440553665161,0.8849080801010132,0,0,0.16953399777412415,0,1
B21,mixamorig_RightForeArm,20,-0.4882282614707947,-0.8659610152244568,-0.10837604105472565,0,0.8702782988548279,-0.4738207757472992,-0.1345696896314621,0,0.06518130004405975,-0.16001808643341064,0.9849599599838257,0,0,0.32900699973106384,0,1
B22,mixamorig_RightHand,21,0.6217617988586426,0.10163086652755737,0.7765841484069824,0,0.13223907351493835,0.9636868834495544,-0.23199228942394257,0,-0.7719618678092957,0.2469387948513031,0.5857442617416382,0,0,0.3015170097351074,0,1
B23,mixamorig_RightHandThumb1,22,0.8363180756568909,-0.5373979210853577,-0.10851403325796127,0,0.5381910800933838,0.8424709439277649,-0.024358151480555534,0,0.10450989007949829,-0.03803010284900665,0.9937959909439087,0,0.05699099972844124,0.03990500047802925,0,1
B24,mixamorig_RightHandThumb2,23,0.9397399425506592,0.24676209688186646,0.23663608729839325,0,-0.33831682801246643,0.7709741592407227,0.5395739078521729,0,-0.049293920397758484,-0.5871171355247498,0.8079989552497864,0,0.0032889998983591795,0.05556099861860275,0,1
B25,mixamorig_RightHandThumb3,24,0.9804009795188904,0.18563520908355713,0.06597387045621872,0,-0.1625799983739853,0.5732162594795227,0.803112804889679,0,0.11126881092786789,-0.7980992197990417,0.5921627879142761,0,0.011366999708116055,0.0851759985089302,0,1
B26,mixamorig_RightHandThumb4,25,1,0,0,0,0,1,0,0,0,0,1,0,-0.014655999839305878,0.08075200021266937,0,1
B27,mixamorig_RightHandIndex1,22,0.3258522152900696,-0.8671179413795471,-0.3767321705818176,0,0.8063241243362427,0.04683894291520119,0.5896168351173401,0,-0.49362117052078247,-0.49589574337005615,0.7144400477409363,0,0,0.14398999512195587,0,1
B28,mixamorig_RightHandIndex2,27,-0.06388712674379349,-0.7823230624198914,-0.6195880174636841,0,0.7717750072479248,-0.4323378801345825,0.46631211042404175,0,-0.6326779127120972,-0.4483911395072937,0.6313980221748352,0,-0.002196999965235591,0.09634800255298615,0,1
B29,mixamorig_RightHandIndex3,28,-0.05322464555501938,-0.8109081387519836,-0.5827479958534241,0,0.8071099519729614,-0.3785613179206848,0.45306092500686646,0,-0.5879969000816345,-0.4462279677391052,0.6746411919593811,0,0.0045529999770224094,0.09323199838399887,0,1
B30,mixamorig_RightHandIndex4,29,1,0,0,0,0,1,0,0,0,0,1,0,-0.0023560000117868185,0.0715939998626709,0,1
B31,mixamorig_LeftUpLeg,0,-0.9008409380912781,-0.22813206911087036,0.3693791329860687,0,0.39576485753059387,-0.7812871932983398,0.4826599657535553,0,0.17848093807697296,0.5809870958328247,0.7941019535064697,0,0.17039300501346588,-0.0793360024690628,0.0003910000086762011,1
B32,mixamorig_LeftLeg,31,0.9870229363441467,0.050017353147268295,-0.15258923172950745,0,-0.14010660350322723,0.7325278520584106,-0.6661633253097534,0,0.0784560889005661,0.6788968443870544,0.7300291657447815,0,0,0.42589500546455383,0,1
B33,mixamorig_LeftFoot,32,0.9887659549713135,-0.13824516534805298,-0.056832205504179,0,0.13339371979236603,0.6445938944816589,0.7527981996536255,0,-0.06743697077035904,-0.7519218325614929,0.6557931900024414,0,0,0.297417014837265,0,1
B34,mixamorig_LeftToeBase,33,0.9744990468025208,-0.0005781807703897357,0.22438876330852509,0,-0.15839430689811707,0.7065470218658447,0.6897119879722595,0,-0.15894006192684174,-0.7076659202575684,0.6884381175041199,0,0,0.2033960074186325,0,1
B35,mixamorig_LeftToe_End,34,1,0,0,0,0,1,0,0,0,0,1,0,0,0.08330199867486954,0,1
B36,mixamorig_RightUpLeg,0,-0.9184409379959106,0.28824707865715027,-0.2708858847618103,0,-0.3315869867801666,-0.9344359636306763,0.12992419302463531,0,-0.21567517518997192,0.20914986729621887,0.9538030028343201,0,-0.17039300501346588,-0.0793360024690628,0.000019999999494757503,1
B37,mixamorig_RightLeg,36,0.9845269322395325,-0.08767732977867126,0.1517181545495987,0,0.17209264636039734,0.6469102501869202,-0.7428938150405884,0,-0.033013101667165756,0.7575092315673828,0.651989758014679,0,0,0.4258970022201538,0,1
B38,mixamorig_RightFoot,37,0.9837859272956848,0.16989418864250183,0.05745595321059227,0,-0.08816500008106232,0.17914991080760956,0.9798629879951477,0,0.15617980062961578,-0.9690410494804382,0.1912238746881485,0,0,0.29739299416542053,0,1
B39,mixamorig_RightToeBase,38,0.9747740626335144,0.00004036698010168038,-0.2231929451227188,0,0.15399828553199768,0.7237080335617065,0.6727038621902466,0,0.1615537852048874,-0.6901060342788696,0.7054460048675537,0,0,0.2031490057706833,0,1
B40,mixamorig_RightToe_End,39,1,0,0,0,0,1,0,0,0,0,1,0,0,0.08220300078392029,0,1
@34,0,1,2,3,4,5,7,8,9,10,11,12,13,15,16,17,19,20,21,22,23,24,25,27,28,29,31,32,33,34,36,37,38,39
K0,-0.1909991204738617,0.004019960295408964,-0.2932627201080322,0,0.01243162527680397,0.3497633934020996,-0.003302140161395073,0,0.293026864528656,-0.012218409217894077,-0.19101296365261078,0,-0.0013907869579270482,0.29721614718437195,-0.0004162999102845788,1,0.999701976776123,0.01005727518349886,-0.0222399290651083,0,-0.010629724711179733,0.9996110200881958,-0.02577313780784607,0,0.021972069516777992,0.026001861318945885,0.9994199872016907,0,0,0.142985999584198,-0.011126000434160233,1,0.9998490214347839,0.015235246159136295,-0.008302987553179264,0,-0.015108752995729446,0.9997719526290894,0.015090856701135635,0,0.008531013503670692,-0.014963142573833466,0.9998520016670227,0,0,0.16732099652290344,0,1,0.9998440146446228,0.01523218397051096,-0.008954810909926891,0,-0.0150968162342906,0.9997739195823669,0.01499527134001255,0,0.00918118841946125,-0.014857728034257889,0.9998469948768616,0,0,0.19122500717639923,0,1,0.9687780141830444,0.017422327771782875,-0.24731577932834625,0,0.05895932763814926,0.9527220129966736,0.2980688512325287,0,0.24081623554229736,-0.30334413051605225,0.9219489693641663,0,0,0.21512800455093384,0,1,0.8407741189002991,-0.1935826689004898,-0.5055928826332092,0,0.16577333211898804,0.9810839295387268,-0.09996762126684189,0,0.5153810977935791,0.00023636910191271454,0.8569608926773071,0,0,0.16556300222873688,-0.003220000071451068,1,-0.08670312166213989,-0.0011290294351056218,-0.9962339997291565,0,0.9162740111351013,-0.3926246762275696,-0.07929921895265579,0,-0.3910561501979828,-0.9196978211402893,0.0350763238966465,0,0.07522899657487869,0.17196300625801086,-0.0032949999440461397,1,0.8995000123977661,0.10001304000616074,0.4253210723400116,0,-0.35161396861076355,0.7435470819473267,0.5687758922576904,0,-0.2593609690666199,-0.6611621379852295,0.7039859294891357,0,0,0.16953399777412415,0,1,0.14046233892440796,0.9856389164924622,0.09373107552528381,0,-0.9846760034561157,0.14895078539848328,-0.09070421755313873,0,-0.10336291790008545,-0.07955422252416611,0.9914569854736328,0,0,0.32899999618530273,0,1,-0.18396222591400146,-0.12327516078948975,-0.9751719236373901,0,-0.3749171495437622,0.9258999228477478,-0.046319909393787384,0,0.9086229205131531,0.3570880591869354,-0.216548889875412,0,0,0.30154600739479065,0,1,0.857011079788208,0.5151758193969727,0.011250730603933334,0,-0.5136661529541016,0.8558289408683777,-0.0608678013086319,0,-0.04098626971244812,0.04638519883155823,0.9980819225311279,0,-0.05599899962544441,0.03822999820113182,0,1,0.9264401197433472,-0.3521147668361664,0.13313083350658417,0,0.2020622342824936,0.7635368704795837,0.6133370399475098,0,-0.3176151514053345,-0.5413190126419067,0.7785199284553528,0,-0.001740999985486269,0.05421600118279457,0,1,0.8730060458183289,-0.4615589678287506,-0.1575557142496109,0,0.4078200161457062,0.5136885643005371,0.754855215549469,0,-0.2674757242202759,-0.723247766494751,0.6366864442825317,0,-0.012923000380396843,0.09067399799823761,0,1,0.3200232982635498,0.8562847375869751,0.40541544556617737,0,-0.8224833011627197,0.03871702030301094,0.5674697756767273,0,0.4702194333076477,-0.5150512456893921,0.7166705131530762,0,0,0.12702199816703796,0,1,-0.07246022671461105,0.7454949021339417,0.6625600457191467,0,-0.7622107267379761,-0.4698392450809479,0.4452921748161316,0,0.6432600617408752,-0.47274458408355713,0.602269172668457,0,0.003318999893963337,0.10109200328588486,0,1,0.09640326350927353,0.8347907662391663,0.5420612096786499,0,-0.8116119503974915,-0.2493303269147873,0.5283179879188538,0,0.576187252998352,-0.49087491631507874,0.6534898281097412,0,0.0007910000276751816,0.0893620029091835,0,1,-0.06287088990211487,-0.008557925932109356,0.9979849457740784,0,-0.8723599314689636,-0.4852770268917084,-0.059118159115314484,0,0.4848051369190216,-0.8743188977241516,0.023044249042868614,0,-0.07522899657487869,0.17197300493717194,-0.0034209999721497297,1,0.6808359026908875,-0.7318121194839478,0.030218228697776794,0,0.6386078596115112,0.613315999507904,0.46478405594825745,0,-0.3586677610874176,-0.29714393615722656,0.884908139705658,0,0,0.16953399777412415,0,1,-0.4882282018661499,-0.8659608960151672,-0.10837552696466446,0,0.8702781796455383,-0.4738207757472992,-0.13456961512565613,0,0.06518147140741348,-0.16001760959625244,0.9849600195884705,0,0,0.32900699973106384,0,1,0.6217617988586426,0.10163094848394394,0.7765841484069824,0,0.1322389543056488,0.9636868834495544,-0.23199227452278137,0,-0.7719618678092957,0.24693869054317474,0.585744321346283,0,0,0.3015170097351074,0,1,0.8363180756568909,-0.5373979210853577,-0.10851407796144485,0,0.5381910800933838,0.8424709439277649,-0.02435813844203949,0,0.10450991988182068,-0.03803013637661934,0.9937959909439087,0,0.05699099972844124,0.03990500047802925,0,1,0.9397399425506592,0.24676212668418884,0.23663608729839325,0,-0.3383168578147888,0.7709741592407227,0.5395739078521729,0,-0.04929391294717789,-0.5871171355247498,0.8079989552497864,0,0.0032889998983591795,0.05556099861860275,0,1,0.9804009795188904,0.18563511967658997,0.06597378849983215,0,-0.16257986426353455,0.5732163190841675,0.803112804889679,0,0.1112687885761261,-0.7980992197990417,0.5921627879142761,0,0.011366999708116055,0.0851759985089302,0,1,0.3258522152900696,-0.8671178221702576,-0.37673231959342957,0,0.8063240051269531,0.04683876410126686,0.5896168947219849,0,-0.49362125992774963,-0.4958958625793457,0.714439868927002,0,0,0.14398999512195587,0,1,-0.06388729810714722,-0.7823231816291809,-0.6195879578590393,0,0.7717750668525696,-0.4323379099369049,0.466312050819397,0,-0.6326779127120972,-0.44839102029800415,0.6313982009887695,0,-0.002196999965235591,0.09634800255298615,0,1,-0.05322464555501938,-0.8109079599380493,-0.5827480554580688,0,0.8071097731590271,-0.37856146693229675,0.45306098461151123,0,-0.5879970788955688,-0.44622793793678284,0.6746410131454468,0,0.0045529999770224094,0.09323199838399887,0,1,-0.9008409380912781,-0.22813212871551514,0.3693791329860687,0,0.39576488733291626,-0.7812871932983398,0.4826599657535553,0,0.17848089337348938,0.5809870958328247,0.7941019535064697,0,0.17039300501346588,-0.0793360024690628,0.0003910000086762011,1,0.9870229959487915,0.05001743510365486,-0.1525890827178955,0,-0.14010657370090485,0.7325278520584106,-0.6661633253097534,0,0.07845591753721237,0.6788967847824097,0.7300291657447815,0,0,0.42589500546455383,0,1,0.9887659549713135,-0.13824528455734253,-0.056832119822502136,0,0.13339373469352722,0.6445938348770142,0.7527981996536255,0,-0.06743711978197098,-0.7519218325614929,0.6557931900024414,0,0,0.297417014837265,0,1,0.9744990468025208,-0.0005782933440059423,0.22438882291316986,0,-0.15839427709579468,0.7065469622612,0.6897119879722595,0,-0.1589401662349701,-0.7076659202575684,0.6884380578994751,0,0,0.2033960074186325,0,1,-0.9184409379959106,0.2882470190525055,-0.2708858251571655,0,-0.33158692717552185,-0.9344359636306763,0.12992417812347412,0,-0.21567516028881073,0.20914983749389648,0.9538030028343201,0,-0.17039300501346588,-0.0793360024690628,0.000019999999494757503,1,0.9845269918441772,-0.08767740428447723,0.15171803534030914,0,0.17209260165691376,0.6469102501869202,-0.7428938150405884,0,-0.03301296755671501,0.7575092315673828,0.651989758014679,0,0,0.4258970022201538,0,1,0.9837859869003296,0.16989414393901825,0.05745578557252884,0,-0.08816485852003098,0.17915008962154388,0.9798629879951477,0,0.1561797708272934,-0.9690409898757935,0.19122402369976044,0,0,0.29739299416542053,0,1,0.9747740030288696,0.00004039746636408381,-0.22319309413433075,0,0.15399838984012604,0.7237080335617065,0.6727038621902466,0,0.16155390441417694,-0.6901060342788696,0.7054459452629089,0,0,0.2031490057706833,0,1
K0.033,-0.1899135857820511,0.004889909643679857,-0.29395386576652527,0,0.012830913066864014,0.34975603222846985,-0.0024714411702007055,0,0.2937144637107849,-0.01211730856448412,-0.18996049463748932,0,-0.0007179105887189507,0.29718777537345886,-0.00025454835849814117,1,0.9997140169143677,0.010136663913726807,-0.021677061915397644,0,-0.010707337409257889,0.999595046043396,-0.02637423388659954,0,0.021400922909379005,0.026598777621984482,0.9994170069694519,0,0,0.142985999584198,-0.011126000434160233,1,0.9998400211334229,0.01600285992026329,-0.007986614480614662,0,-0.015887150540947914,0.999770998954773,0.014347086660563946,0,0.008214376866817474,-0.014217902906239033,0.9998649954795837,0,0,0.16732099652290344,0,1,0.9998340010643005,0.015999874100089073,-0.008685015141963959,0,-0.015875134617090225,0.9997720122337341,0.014246108941733837,0,0.008910979144275188,-0.014105881564319134,0.9998610615730286,0,0,0.19122500717639923,0,1,0.9684960246086121,0.014115570113062859,-0.24862906336784363,0,0.06288061290979385,0.9521788954734802,0.2990003526210785,0,0.24095995724201202,-0.30521464347839355,0.921294093132019,0,0,0.21512800455093384,0,1,0.8387348651885986,-0.196446031332016,-0.5078701972961426,0,0.16899603605270386,0.9805129766464233,-0.10017325729131699,0,0.5176519751548767,-0.001809246838092804,0.855588972568512,0,0,0.16556300222873688,-0.003220000071451068,1,-0.08783316612243652,-0.0011644127080217004,-0.9961349368095398,0,0.9168208837509155,-0.39112403988838196,-0.0803825631737709,0,-0.3895184397697449,-0.9203368425369263,0.03542123734951019,0,0.07522899657487869,0.17196300625801086,-0.0032949999440461397,1,0.90168297290802,0.09623319655656815,0.4215528666973114,0,-0.3480846881866455,0.7399269342422485,0.5756253004074097,0,-0.25652411580085754,-0.6657678484916687,0.7006770372390747,0,0,0.16953399777412415,0,1,0.1324724704027176,0.9867390990257263,0.09379210323095322,0,-0.9857659935951233,0.14103913307189941,-0.09149988740682602,0,-0.10351491719484329,-0.08033588528633118,0.9913780689239502,0,0,0.32899999618530273,0,1,-0.15416768193244934,-0.14063766598701477,-0.9779841899871826,0,-0.40800294280052185,0.9105460047721863,-0.06662300229072571,0,0.8998699188232422,0.3887495994567871,-0.19775748252868652,0,0,0.30154600739479065,0,1,0.8570098280906677,0.5151762366294861,0.011250833049416542,0,-0.5136667490005493,0.855828046798706,-0.0608673021197319,0,-0.04098616912961006,0.046384695917367935,0.9980819821357727,0,-0.05599899962544441,0.03822999820113182,0,1,0.9264401197433472,-0.3521159589290619,0.1331310123205185,0,0.20206305384635925,0.7635368704795837,0.6133371591567993,0,-0.31761595606803894,-0.5413188338279724,0.7785201072692871,0,-0.001740999985486269,0.05421600118279457,0,1,0.8730059862136841,-0.4615589380264282,-0.15755587816238403,0,0.4078200161457062,0.5136882066726685,0.7548558115959167,0,-0.2674758732318878,-0.7232481241226196,0.6366859078407288,0,-0.012923000380396843,0.09067399799823761,0,1,0.3200232982635498,0.8562847375869751,0.40541544556617737,0,-0.8224833011627197,0.03871702030301094,0.5674697756767273,0,0.4702194333076477,-0.5150512456893921,0.7166705131530762,0,0,0.12702199816703796,0,1,-0.07246022671461105,0.7454949021339417,0.6625600457191467,0,-0.7622107267379761,-0.4698392450809479,0.4452921748161316,0,0.6432600617408752,-0.47274458408355713,0.602269172668457,0,0.003318999893963337,0.10109200328588486,0,1,0.09640342742204666,0.834790825843811,0.5420610904693604,0,-0.8116122484207153,-0.24932987987995148,0.5283176898956299,0,0.5761871337890625,-0.49087536334991455,0.6534906029701233,0,0.0007910000276751816,0.0893620029091835,0,1,-0.06144557520747185,-0.008192929439246655,0.9980770349502563,0,-0.8754730820655823,-0.4797929525375366,-0.057836078107357025,0,0.479343980550766,-0.8773429989814758,0.022308465093374252,0,-0.07522899657487869,0.17197300493717194,-0.0034209999721497297,1,0.6830867528915405,-0.7295262217521667,0.0344088114798069,0,0.6322837471961975,0.6143002510070801,0.472072035074234,0,-0.3655262291431427,-0.3007100224494934,0.8808879256248474,0,0,0.16953399777412415,0,1,-0.49216601252555847,-0.8637489080429077,-0.10821275413036346,0,0.8680781126022339,-0.4777207374572754,-0.13499142229557037,0,0.06490324437618256,-0.16037540137767792,0.984920084476471,0,0,0.32900699973106384,0,1,0.6160997152328491,0.10688406229019165,0.7803821563720703,0,0.12774896621704102,0.9640740156173706,-0.2328990250825882,0,-0.7772389054298401,0.24318191409111023,0.5803110599517822,0,0,0.3015170097351074,0,1,0.8363180756568909,-0.5373979210853577,-0.10851407796144485,0,0.5381910800933838,0.8424709439277649,-0.02435813844203949,0,0.10450991988182068,-0.03803013637661934,0.9937959909439087,0,0.05699099972844124,0.03990500047802925,0,1,0.9397401809692383,0.24676159024238586,0.23663580417633057,0,-0.3383163511753082,0.7709749341011047,0.5395738482475281,0,-0.04929419234395027,-0.5871171951293945,0.807999849319458,0,0.0032889998983591795,0.05556099861860275,0,1,0.9804009795188904,0.18563511967658997,0.06597378849983215,0,-0.16257986426353455,0.5732163190841675,0.803112804889679,0,0.1112687885761261,-0.7980992197990417,0.5921627879142761,0,0.011366999708116055,0.0851759985089302,0,1,0.3258519470691681,-0.8671180605888367,-0.3767321705818176,0,0.8063240051269531,0.046838998794555664,0.5896160006523132,0,-0.4936211407184601,-0.49589595198631287,0.7144409418106079,0,0,0.14398999512195587,0,1,-0.06388694792985916,-0.7823227643966675,-0.6195884346961975,0,0.7717748880386353,-0.4323381185531616,0.46631214022636414,0,-0.6326783895492554,-0.4483915865421295,0.6313978433609009,0,-0.002196999965235591,0.09634800255298615,0,1,-0.053224820643663406,-0.8109083771705627,-0.5827475190162659,0,0.8071100115776062,-0.3785611093044281,0.45306089520454407,0,-0.5879965424537659,-0.4462273120880127,0.6746411919593811,0,0.0045529999770224094,0.09323199838399887,0,1,-0.9007810950279236,-0.229131817817688,0.3689059615135193,0,0.39515820145606995,-0.7847961187362671,0.47743675112724304,0,0.18012003600597382,0.5758422017097473,0.7974728345870972,0,0.17039300501346588,-0.0793360024690628,0.0003910000086762011,1,0.987095057964325,0.05423286184668541,-0.1506740003824234,0,-0.14161020517349243,0.7349342107772827,-0.6631876826286316,0,0.07476891577243805,0.675966203212738,0.7331297993659973,0,0,0.42589500546455383,0,1,0.9880130290985107,-0.14334236085414886,-0.05730796232819557,0,0.13705778121948242,0.6436780095100403,0.7529241442680359,0,-0.07103799283504486,-0.7517529129981995,0.655608057975769,0,0,0.297417014837265,0,1,0.9745000600814819,-0.0005787426489405334,0.2243887335062027,0,-0.1583937406539917,0.7065470218658447,0.6897121071815491,0,-0.15894028544425964,-0.7076658606529236,0.6884380578994751,0,0,0.2033960074186325,0,1,-0.9180029034614563,0.28994518518447876,-0.2705589830875397,0,-0.3335658609867096,-0.9335290789604187,0.13136564195156097,0,-0.21448597311973572,0.21084339916706085,0.9536988735198975,0,-0.17039300501346588,-0.0793360024690628,0.000019999999494757503,1,0.9844879508018494,-0.08472101390361786,0.1536383181810379,0,0.17179396748542786,0.6433037519454956,-0.7460882663726807,0,-0.03562675043940544,0.7609089016914368,0.6478791832923889,0,0,0.4258970022201538,0,1,0.9843800663948059,0.16658179461956024,0.056974586099386215,0,-0.0863671824336052,0.17491799592971802,0.980787992477417,0,0.15341557562351227,-0.9703890085220337,0.18657301366329193,0,0,0.29739299416542053,0,1,0.9747620224952698,0.00004928304406348616,-0.22324496507644653,0,0.1540892869234085,0.7234470844268799,0.672964870929718,0,0.1615390181541443,-0.6903800964355469,0.7051809430122375,0,0,0.2031490057706833,0,1
K0.067,-0.18847008049488068,0.005626908503472805,-0.2948684096336365,0,0.013324140571057796,0.3497413396835327,-0.0018423122819513083,0,0.2946208417415619,-0.01221739687025547,-0.18854500353336334,0,-0.000098615993920248,0.29723048210144043,-0.00008096164674498141,1,0.9997279644012451,0.010125207714736462,-0.02101103775203228,0,-0.01069079153239727,0.9995789527893066,-0.026982856914401054,0,0.020728977397084236,0.027200132608413696,0.9994149804115295,0,0,0.142985999584198,-0.011126000434160233,1,0.9998350143432617,0.016502032056450844,-0.007654647342860699,0,-0.01639495976269245,0.9997699856758118,0.013845400884747505,0,0.007881359197199345,-0.013717610388994217,0.9998749494552612,0,0,0.16732099652290344,0,1,0.9998289346694946,0.016500579193234444,-0.008382081054151058,0,-0.016384409740567207,0.999770998954773,0.013742850162088871,0,0.008606922812759876,-0.013603159226477146,0.9998700022697449,0,0,0.19122500717639923,0,1,0.968220055103302,0.011519773863255978,-0.24983587861061096,0,0.06579671800136566,0.9520169496536255,0.29888710379600525,0,0.2412911206483841,-0.305826872587204,0.9210039973258972,0,0,0.21512800455093384,0,1,0.8364658951759338,-0.1997932344675064,-0.5103020668029785,0,0.17199471592903137,0.9798341393470764,-0.1016976535320282,0,0.5203298330307007,-0.002702646190300584,0.8539611101150513,0,0,0.16556300222873688,-0.003220000071451068,1,-0.0879947692155838,-0.0013463344657793641,-0.9961199760437012,0,0.918307900428772,-0.38757649064064026,-0.08059718459844589,0,-0.38596418499946594,-0.9218370318412781,0.03534102439880371,0,0.07522899657487869,0.17196300625801086,-0.0032949999440461397,1,0.902911901473999,0.08997209370136261,0.420303076505661,0,-0.34429603815078735,0.7367749810218811,0.5819129347801208,0,-0.25731292366981506,-0.6701249480247498,0.6962200999259949,0,0,0.16953399777412415,0,1,0.12097316235303879,0.9882069826126099,0.09387385845184326,0,-0.987221896648407,0.12965336441993713,-0.09264566004276276,0,-0.10372413694858551,-0.0814666673541069,0.9912639260292053,0,0,0.32899999618530273,0,1,-0.08983565866947174,-0.1396515667438507,-0.9861169457435608,0,-0.43874627351760864,0.8944188952445984,-0.08669556677341461,0,0.8941090106964111,0.42486685514450073,-0.14162234961986542,0,0,0.30154600739479065,0,1,0.8570101261138916,0.5151758193969727,0.01125070545822382,0,-0.5136660933494568,0.8558279275894165,-0.060867778956890106,0,-0.04098629578948021,0.04638521745800972,0.9980819225311279,0,-0.05599899962544441,0.03822999820113182,0,1,0.9264398217201233,-0.3521153926849365,0.13313110172748566,0,0.20206262171268463,0.7635369896888733,0.6133370995521545,0,-0.3176158368587494,-0.5413188934326172,0.7785201072692871,0,-0.001740999985486269,0.05421600118279457,0,1,0.8730059862136841,-0.4615589380264282,-0.15755587816238403,0,0.4078200161457062,0.5136882066726685,0.7548558115959167,0,-0.2674758732318878,-0.7232481241226196,0.6366859078407288,0,-0.012923000380396843,0.09067399799823761,0,1,0.32002297043800354,0.8562849760055542,0.4054151177406311,0,-0.8224829435348511,0.03871656581759453,0.5674703121185303,0,0.4702201187610626,-0.5150507092475891,0.7166700959205627,0,0,0.12702199816703796,0,1,-0.07246006280183792,0.7454951405525208,0.6625599265098572,0,-0.7622112035751343,-0.4698387384414673,0.44529199600219727,0,0.6432600021362305,-0.47274523973464966,0.6022698879241943,0,0.003318999893963337,0.10109200328588486,0,1,0.09640342742204666,0.834790825843811,0.5420610904693604,0,-0.8116122484207153,-0.24932987987995148,0.5283176898956299,0,0.5761871337890625,-0.49087536334991455,0.6534906029701233,0,0.0007910000276751816,0.0893620029091835,0,1,-0.060901857912540436,-0.007657936308532953,0.9981139898300171,0,-0.8795410394668579,-0.47236180305480957,-0.05729109048843384,0,0.4719099998474121,-0.8813719153404236,0.022032320499420166,0,-0.07522899657487869,0.17197300493717194,-0.0034209999721497297,1,0.6827340126037598,-0.7298020124435425,0.03554572910070419,0,0.6301750540733337,0.6127588748931885,0.4768710434436798,0,-0.36980223655700684,-0.3031758964061737,0.8782539367675781,0,0,0.16953399777412415,0,1,-0.49438977241516113,-0.862490177154541,-0.10811890661716461,0,0.8668258786201477,-0.47992315888404846,-0.1352292150259018,0,0.06474510580301285,-0.1605762094259262,0.9848978519439697,0,0,0.32900699973106384,0,1,0.6081641316413879,0.11258367449045181,0.7857869267463684,0,0.125582754611969,0.9637799263000488,-0.2352810949087143,0,-0.7838149666786194,0.241770938038826,0.5719981789588928,0,0,0.3015170097351074,0,1,0.8363180756568909,-0.5373979210853577,-0.10851407796144485,0,0.5381910800933838,0.8424709439277649,-0.02435813844203949,0,0.10450991988182068,-0.03803013637661934,0.9937959909439087,0,0.05699099972844124,0.03990500047802925,0,1,0.9397399425506592,0.24676209688186646,0.23663616180419922,0,-0.3383169174194336,0.7709738612174988,0.5395742654800415,0,-0.04929385706782341,-0.5871177911758423,0.8079991936683655,0,0.0032889998983591795,0.05556099861860275,0,1,0.9804009795188904,0.18563513457775116,0.06597387790679932,0,-0.16257986426353455,0.5732157230377197,0.8031131625175476,0,0.11126887798309326,-0.7980997562408447,0.5921623706817627,0,0.011366999708116055,0.0851759985089302,0,1,0.3258522152900696,-0.8671178221702576,-0.37673231959342957,0,0.8063240051269531,0.04683876410126686,0.5896168947219849,0,-0.49362125992774963,-0.4958958625793457,0.714439868927002,0,0,0.14398999512195587,0,1,-0.06388729810714722,-0.7823231816291809,-0.6195879578590393,0,0.7717750668525696,-0.4323379099369049,0.466312050819397,0,-0.6326779127120972,-0.44839102029800415,0.6313982009887695,0,-0.002196999965235591,0.09634800255298615,0,1,-0.053225137293338776,-0.8109081983566284,-0.5827468633651733,0,0.8071098327636719,-0.3785613775253296,0.45306122303009033,0,-0.5879969000816345,-0.4462267756462097,0.6746413111686707,0,0.0045529999770224094,0.09323199838399887,0,1,-0.9007532596588135,-0.2304978370666504,0.36812278628349304,0,0.39460816979408264,-0.7884138226509094,0.4718993306159973,0,0.18146122992038727,0.5703288316726685,0.8011220693588257,0,0.17039300501346588,-0.0793360024690628,0.0003910000086762011,1,0.9872109889984131,0.05996772646903992,-0.14771132171154022,0,-0.14348818361759186,0.7379940748214722,-0.6593759059906006,0,0.06946874409914017,0.6721373200416565,0.737159788608551,0,0,0.42589500546455383,0,1,0.9870960712432861,-0.14932781457901,-0.05781727656722069,0,0.14137007296085358,0.643086850643158,0.7526311278343201,0,-0.07520724087953568,-0.7510929703712463,0.6558990478515625,0,0,0.297417014837265,0,1,0.9744990468025208,-0.0005782933440059423,0.22438882291316986,0,-0.15839427709579468,0.7065469622612,0.6897119879722595,0,-0.1589401662349701,-0.7076659202575684,0.6884380578994751,0,0,0.2033960074186325,0,1,-0.9180970191955566,0.290700227022171,-0.26942890882492065,0,-0.3345947265625,-0.9328330755233765,0.13367389142513275,0,-0.21247313916683197,0.21287506818771362,0.9536979794502258,0,-0.17039300501346588,-0.0793360024690628,0.000019999999494757503,1,0.9842459559440613,-0.08209789544343948,0.1565910279750824,0,0.1724681258201599,0.6408112645149231,-0.7480747699737549,0,-0.03892989456653595,0.7632961273193359,0.6448748111724854,0,0,0.4258970022201538,0,1,0.9849200248718262,0.1638001948595047,0.05569297447800636,0,-0.08410786837339401,0.17202112078666687,0.9814959764480591,0,0.15118898451328278,-0.9713799953460693,0.1832040548324585,0,0,0.29739299416542053,0,1,0.9747580289840698,0.00005204549233894795,-0.22326397895812988,0,0.15412303805351257,0.7233498692512512,0.6730611324310303,0,0.16153302788734436,-0.690481960773468,0.7050831317901611,0,0,0.2031490057706833,0,1
K0.100,-0.1865154653787613,0.0062762233428657055,-0.296095609664917,0,0.01385935302823782,0.34972313046455383,-0.0013172888429835439,0,0.2958376705646515,-0.01242681872099638,-0.18661639094352722,0,0.00048645283095538616,0.29731693863868713,0.000042542058508843184,1,0.9997450113296509,0.009671943262219429,-0.020416971296072006,0,-0.010240056551992893,0.9995579719543457,-0.027907023206353188,0,0.020138029009103775,0.028108974918723106,0.9994019865989685,0,0,0.142985999584198,-0.011126000434160233,1,0.9998319745063782,0.016778917983174324,-0.007367756683379412,0,-0.016678083688020706,0.9997689723968506,0.013540077023208141,0,0.007593243848532438,-0.013414924032986164,0.9998810291290283,0,0,0.16732099652290344,0,1,0.9998260140419006,0.016780944541096687,-0.008108695037662983,0,-0.016671055927872658,0.999770998954773,0.013435757718980312,0,0.008332304656505585,-0.01329824235290289,0.9998769760131836,0,0,0.19122500717639923,0,1,0.9679518938064575,0.009675277397036552,-0.2509492337703705,0,0.0678272694349289,0.9520509839057922,0.29832684993743896,0,0.24180278182029724,-0.3057871460914612,0.9208829998970032,0,0,0.21512800455093384,0,1,0.8343850374221802,-0.2019319385290146,-0.5128589272499084,0,0.17351007461547852,0.9793959856033325,-0.1033366397023201,0,0.5231591463088989,-0.0027636426966637373,0.8522309064865112,0,0,0.16556300222873688,-0.003220000071451068,1,-0.08823785930871964,-0.0018239514902234077,-0.9960980415344238,0,0.9209710955619812,-0.3811439871788025,-0.0808849185705185,0,-0.37950897216796875,-0.9245139956474304,0.03531108424067497,0,0.07522899657487869,0.17196300625801086,-0.0032949999440461397,1,0.9024831056594849,0.08304469287395477,0.42264294624328613,0,-0.3421552777290344,0.7342569828033447,0.5863417387008667,0,-0.26163601875305176,-0.6737731695175171,0.6910688281059265,0,0,0.16953399777412415,0,1,0.1024031862616539,0.9902939200401306,0.0939730778336525,0,-0.9892879128456116,0.11126599460840225,-0.09449305385351181,0,-0.10403192043304443,-0.08329005539417267,0.9910799860954285,0,0,0.32899999618530273,0,1,-0.00047657464165240526,-0.11998620629310608,-0.9927759170532227,0,-0.4636861979961395,0.8796248435974121,-0.10608825087547302,0,0.8859990835189819,0.4602857530117035,-0.05605512857437134,0,0,0.30154600739479065,0,1,0.8570098280906677,0.5151762366294861,0.011250833049416542,0,-0.5136667490005493,0.855828046798706,-0.0608673021197319,0,-0.04098616912961006,0.046384695917367935,0.9980819821357727,0,-0.05599899962544441,0.03822999820113182,0,1,0.9264400005340576,-0.3521151542663574,0.13313058018684387,0,0.20206283032894135,0.7635371088981628,0.6133369207382202,0,-0.3176153898239136,-0.5413191318511963,0.7785207033157349,0,-0.001740999985486269,0.05421600118279457,0,1,0.8730059862136841,-0.4615589380264282,-0.15755587816238403,0,0.4078200161457062,0.5136882066726685,0.7548558115959167,0,-0.2674758732318878,-0.7232481241226196,0.6366859078407288,0,-0.012923000380396843,0.09067399799823761,0,1,0.3200232982635498,0.8562847375869751,0.40541544556617737,0,-0.8224833011627197,0.03871702030301094,0.5674697756767273,0,0.4702194333076477,-0.5150512456893921,0.7166705131530762,0,0,0.12702199816703796,0,1,-0.07246006280183792,0.7454951405525208,0.6625599265098572,0,-0.7622112035751343,-0.4698387384414673,0.44529199600219727,0,0.6432600021362305,-0.47274523973464966,0.6022698879241943,0,0.003318999893963337,0.10109200328588486,0,1,0.09640326350927353,0.8347907662391663,0.5420612096786499,0,-0.8116119503974915,-0.2493303269147873,0.5283179879188538,0,0.576187252998352,-0.49087491631507874,0.6534898281097412,0,0.0007910000276751816,0.0893620029091835,0,1,-0.06538459658622742,-0.007037959527224302,0.997835099697113,0,-0.8833979368209839,-0.4646141827106476,-0.06116292253136635,0,0.4640389680862427,-0.885485053062439,0.02416122704744339,0,-0.07522899657487869,0.17197300493717194,-0.0034209999721497297,1,0.6766308546066284,-0.7354831099510193,0.03514378145337105,0,0.6347328424453735,0.6068038940429688,0.4784392714500427,0,-0.3732091784477234,-0.3014196753501892,0.8774170279502869,0,0,0.16953399777412415,0,1,-0.49315232038497925,-0.8631918430328369,-0.10817145556211472,0,0.867524266242981,-0.478697806596756,-0.13509629666805267,0,0.06483255326747894,-0.1604643017053604,0.9849100112915039,0,0,0.32900699973106384,0,1,0.6026330590248108,0.11796914786100388,0.7892509698867798,0,0.12616413831710815,0.9624909162521362,-0.24019598960876465,0,-0.7879819273948669,0.24432502686977386,0.565144956111908,0,0,0.3015170097351074,0,1,0.8363180756568909,-0.5373979210853577,-0.10851407796144485,0,0.5381910800933838,0.8424709439277649,-0.02435813844203949,0,0.10450991988182068,-0.03803013637661934,0.9937959909439087,0,0.05699099972844124,0.03990500047802925,0,1,0.9397399425506592,0.24676209688186646,0.23663616180419922,0,-0.3383169174194336,0.7709738612174988,0.5395742654800415,0,-0.04929385706782341,-0.5871177911758423,0.8079991936683655,0,0.0032889998983591795,0.05556099861860275,0,1,0.9804010391235352,0.18563462793827057,0.06597486883401871,0,-0.16258035600185394,0.5732157230377197,0.8031131029129028,0,0.11126786470413208,-0.7980998158454895,0.5921622514724731,0,0.011366999708116055,0.0851759985089302,0,1,0.3258522152900696,-0.8671178221702576,-0.37673231959342957,0,0.8063240051269531,0.04683876410126686,0.5896168947219849,0,-0.49362125992774963,-0.4958958625793457,0.714439868927002,0,0,0.14398999512195587,0,1,-0.06388729810714722,-0.78232342004776,-0.6195874810218811,0,0.7717762589454651,-0.43233755230903625,0.4663119614124298,0,-0.632677435874939,-0.448391318321228,0.6313992738723755,0,-0.002196999965235591,0.09634800255298615,0,1,-0.05322516709566116,-0.8109082579612732,-0.5827476978302002,0,0.8071101903915405,-0.37856170535087585,0.45306098461151123,0,-0.5879967212677002,-0.44622722268104553,0.6746411323547363,0,0.0045529999770224094,0.09323199838399887,0,1,-0.9008209109306335,-0.2325180470943451,0.3666839599609375,0,0.394089937210083,-0.7923389673233032,0.465718150138855,0,0.1822499930858612,0.5640347599983215,0.8053880929946899,0,0.17039300501346588,-0.0793360024690628,0.0003910000086762011,1,0.9874259829521179,0.06732688099145889,-0.14302727580070496,0,-0.14548511803150177,0.7409541010856628,-0.6556068062782288,0,0.06183672323822975,0.6681721210479736,0.7414329051971436,0,0,0.42589500546455383,0,1,0.9859959483146667,-0.1562262922525406,-0.05836194381117821,0,0.14627569913864136,0.6420516967773438,0.7525772452354431,0,-0.08010093867778778,-0.7505747079849243,0.6559122800827026,0,0,0.297417014837265,0,1,0.9745000600814819,-0.0005787426489405334,0.2243887335062027,0,-0.1583937406539917,0.7065470218658447,0.6897121071815491,0,-0.15894028544425964,-0.7076658606529236,0.6884380578994751,0,0,0.2033960074186325,0,1,-0.9186510443687439,0.29069784283638,-0.26753395795822144,0,-0.3348681926727295,-0.9322710037231445,0.13687178492546082,0,-0.20962603390216827,0.2153262197971344,0.9537780284881592,0,-0.17039300501346588,-0.0793360024690628,0.000019999999494757503,1,0.983709990978241,-0.08081279695034027,0.16057296097278595,0,0.17476220428943634,0.6391399502754211,-0.7489719986915588,0,-0.04210205003619194,0.7648329138755798,0.6428509950637817,0,0,0.4258970022201538,0,1,0.985293984413147,0.1618029624223709,0.05490883067250252,0,-0.08267105370759964,0.17019672691822052,0.9819360375404358,0,0.14953483641147614,-0.9720349907875061,0.1810702085494995,0,0,0.29739299416542053,0,1,0.9747570157051086,0.0000525729228684213,-0.2232699692249298,0,0.15413358807563782,0.723319947719574,0.6730902194976807,0,0.1615310162305832,-0.6905128359794617,0.7050531506538391,0,0,0.2031490057706833,0,1
