1.733,30,52,41
B0,mixamorig_Hips,-1,0.730439305305481,0.006379461847245693,0.6829487085342407,0,0.04829838126897812,0.996969997882843,-0.06096968799829483,0,-0.6812681555747986,0.0775199607014656,0.7279177904129028,0,0.005555999930948019,0.8831049799919128,-0.006328999996185303,1
B1,mixamorig_Spine,0,0.996550977230072,-0.017336979508399963,-0.08114802837371826,0,0.01923602633178234,0.9995579719543457,0.022679125890135765,0,0.08071897178888321,-0.024161871522665024,0.9964439868927002,0,0,0.142985999584198,-0.011126000434160233,1
B2,mixamorig_Spine1,1,0.9861550331115723,-0.007653765846043825,-0.16564859449863434,0,0.04078533127903938,0.9794439673423767,0.19755209982395172,0,0.16073136031627655,-0.20157286524772644,0.9661949872970581,0,0,0.16732099652290344,0,1
B3,mixamorig_Spine2,2,0.9861549735069275,-0.007653689011931419,-0.16564805805683136,0,0.04078521579504013,0.9794430732727051,0.19755251705646515,0,0.16073085367679596,-0.2015734314918518,0.9661949276924133,0,0,0.19122500717639923,0,1
B4,mixamorig_Neck,3,0.9997469782829285,0.003544093109667301,0.02222398854792118,0,-0.003599913092330098,0.9999899864196777,0.0024723110254853964,0,-0.02221500873565674,-0.002551690675318241,0.9997499585151672,0,0,0.21512800455093384,0,1
B5,mixamorig_Head,4,0.9370319247245789,-0.04469066113233566,-0.3463732600212097,0,0.006168460473418236,0.993742048740387,-0.11152981966733932,0,0.34918975830078125,0.10237032920122147,0.9314429759979248,0,0,0.16556300222873688,-0.003220000071451068,1
B6,mixamorig_HeadTop_End,5,1,0,0,0,0,1,0,0,0,0,1,0,0,0.724498987197876,-0.014090999960899353,1
B7,mixamorig_LeftShoulder,3,-0.026516316458582878,0.021596189588308334,-0.9994149804115295,0,0.8973390460014343,-0.44008198380470276,-0.03331767022609711,0,-0.4405442476272583,-0.8976979851722717,-0.007709823083132505,0,0.07522899657487869,0.17196300625801086,-0.0032949999440461397,1
B8,mixamorig_LeftArm,7,0.9869821071624756,0.04106702655553818,0.15549956262111664,0,-0.13947328925132751,0.6999979615211487,0.7003929018974304,0,-0.08008629828691483,-0.7129629850387573,0.6966129541397095,0,0,0.16953399777412415,0,1
B9,mixamorig_LeftForeArm,8,0.6654500961303711,0.7371779680252075,-0.11723589152097702,0,-0.7406010627746582,0.6716588735580444,0.019610848277807236,0,0.09319919347763062,0.07377497106790543,0.9929100275039673,0,0,0.32899999618530273,0,1
B10,mixamorig_LeftHand,9,0.20741988718509674,-0.2935141623020172,-0.9331809282302856,0,-0.07350227981805801,0.9465539455413818,-0.3140579164028168,0,0.9754869937896729,0.13373282551765442,0.17476022243499756,0,0,0.30154600739479065,0,1
B11,mixamorig_LeftHandThumb1,10,0.7829509973526001,0.6219300627708435,-0.01378132775425911,0,-0.6219959259033203,0.7830200791358948,-0.0006241911323741078,0,0.01040286011993885,0.009060646407306194,0.9999049305915833,0,-0.05599899962544441,0.03822999820113182,0,1
B12,mixamorig_LeftHandThumb2,11,0.9923860430717468,-0.12161469459533691,0.019514627754688263,0,0.12174831330776215,0.9925439357757568,-0.0058112069964408875,0,-0.01866239681839943,0.008142832666635513,0.9997930526733398,0,-0.001740999985486269,0.05421600118279457,0,1
B13,mixamorig_LeftHandThumb3,12,0.9530810713768005,0.3027139902114868,-0.0013872903073206544,0,-0.30271396040916443,0.9530820846557617,0.00023248529760167003,0,0.00139257637783885,0.00019837463332805783,0.9999989867210388,0,-0.012923000380396843,0.09067399799823761,0,1
B14,mixamorig_LeftHandThumb4,13,1,0,0,0,0,1,0,0,0,0,1,0,0.014663999900221825,0.08761399984359741,0,1
B15,mixamorig_LeftHandIndex1,10,0.9886049032211304,0.1422673612833023,-0.049198951572179794,0,-0.14578764140605927,0.9862780570983887,-0.07746507972478867,0,0.037503086030483246,0.08375494182109833,0.9957799911499023,0,0,0.12702199816703796,0,1
B16,mixamorig_LeftHandIndex2,15,0.973268985748291,0.22883787751197815,0.01951705850660801,0,-0.22942709922790527,0.9648319482803345,0.12830805778503418,0,0.010531054809689522,-0.12935590744018555,0.9915419816970825,0,0.003318999893963337,0.10109200328588486,0,1
B17,mixamorig_LeftHandIndex3,16,0.9971879720687866,-0.07459473609924316,-0.007199373561888933,0,0.07459326833486557,0.9972140192985535,-0.0004736928967759013,0,0.007214650511741638,-0.00006466396735049784,0.9999739527702332,0,0.0007910000276751816,0.0893620029091835,0,1
B18,mixamorig_LeftHandIndex4,17,1,0,0,0,0,1,0,0,0,0,1,0,-0.004110000096261501,0.06229700148105621,0,1
B19,mixamorig_RightShoulder,3,0.1213250458240509,-0.02249312587082386,0.9923580884933472,0,-0.8703159689903259,-0.4831541180610657,0.0954529270529747,0,0.47731494903564453,-0.8752460479736328,-0.07819484174251556,0,-0.07522899657487869,0.17197300493717194,-0.0034209999721497297,1
B20,mixamorig_RightArm,19,0.913815975189209,0.4042460322380066,-0.03907007351517677,0,-0.28054505586624146,0.6978750824928284,0.6589878797531128,0,0.2936590015888214,-0.591232180595398,0.751137912273407,0,0,0.16953399777412415,0,1
B21,mixamorig_RightForeArm,20,0.7407410740852356,-0.6656659245491028,-0.09051010012626648,0,0.6715279817581177,0.7374688982963562,0.07204114645719528,0,0.01879303902387619,-0.11414381861686707,0.9932860732078552,0,0,0.32900699973106384,0,1
B22,mixamorig_RightHand,21,0.29129841923713684,-0.2726736068725586,0.9169479608535767,0,0.18247123062610626,0.9567558169364929,0.2265433371067047,0,-0.9390681385993958,0.10132496058940887,0.3284566402435303,0,0,0.3015170097351074,0,1
B23,mixamorig_RightHandThumb1,22,0.822147011756897,-0.528730034828186,-0.2109958678483963,0,0.48933982849121094,0.8457650542259216,-0.21266813576221466,0,0.290897011756897,0.07159579545259476,0.9540720582008362,0,0.05699099972844124,0.03990500047802925,0,1
B24,mixamorig_RightHandThumb2,23,0.9545320868492126,0.2941478192806244,0.048436637967824936,0,-0.29567521810531616,0.9134387373924255,0.27965351939201355,0,0.03801554813981056,-0.28125959634780884,0.9588780999183655,0,0.0032889998983591795,0.05556099861860275,0,1
B25,mixamorig_RightHandThumb3,24,0.9514200091362,-0.30789002776145935,0.0019367916975170374,0,0.3078899383544922,0.9514220356941223,0.0003521863545756787,0,-0.00195114070083946,0.0002612415119074285,0.9999979734420776,0,0.011366999708116055,0.0851759985089302,0,1
B26,mixamorig_RightHandThumb4,25,1,0,0,0,0,1,0,0,0,0,1,0,-0.014655999839305878,0.08075200021266937,0,1
B27,mixamorig_RightHandIndex1,22,0.9952049851417542,-0.08710712194442749,0.04449886828660965,0,0.08465389162302017,0.9949280619621277,0.054323744028806686,0,-0.04900514334440231,-0.05029624328017235,0.997530996799469,0,0,0.14398999512195587,0,1
B28,mixamorig_RightHandIndex2,27,0.9815229177474976,-0.19110028445720673,-0.009633096866309643,0,0.19068370759487152,0.9727250933647156,0.13208480179309845,0,-0.015871092677116394,-0.13148118555545807,0.9911919832229614,0,-0.002196999965235591,0.09634800255298615,0,1
B29,mixamorig_RightHandIndex3,28,0.9965680241584778,-0.08272796869277954,-0.0028409247752279043,0,0.08272802829742432,0.9965720176696777,-0.0000956726071308367,0,0.002839101478457451,-0.00013967986160423607,0.9999959468841553,0,0.0045529999770224094,0.09323199838399887,0,1
B30,mixamorig_RightHandIndex4,29,1,0,0,0,0,1,0,0,0,0,1,0,-0.0023560000117868185,0.0715939998626709,0,1
B31,mixamorig_LeftUpLeg,0,-0.9733758568763733,-0.14537808299064636,0.17721512913703918,0,0.20854684710502625,-0.8825278878211975,0.4214891493320465,0,0.09512195736169815,0.44722479581832886,0.889349102973938,0,0.17039300501346588,-0.0793360024690628,0.0003910000086762011,1
B32,mixamorig_LeftLeg,31,0.9671459794044495,-0.039024338126182556,-0.25120678544044495,0,-0.13557133078575134,0.7567371129989624,-0.6395067572593689,0,0.21505390107631683,0.652553141117096,0.7265849113464355,0,0,0.42589500546455383,0,1
B33,mixamorig_LeftFoot,32,0.999241054058075,0.011576902121305466,-0.03719615936279297,0,0.02220080979168415,0.6153639554977417,0.7879300117492676,0,0.03201097249984741,-0.7881579399108887,0.6146399974822998,0,0,0.297417014837265,0,1
B34,mixamorig_LeftToeBase,33,0.9842900037765503,-0.024461090564727783,0.17485786974430084,0,-0.1097511574625969,0.691010057926178,0.7144650220870972,0,-0.13830500841140747,-0.722430944442749,0.6774690747261047,0,0,0.2033960074186325,0,1
B35,mixamorig_LeftToe_End,34,1,0,0,0,0,1,0,0,0,0,1,0,0,0.08330199867486954,0,1
B36,mixamorig_RightUpLeg,0,-0.9411929249763489,0.2358328104019165,-0.24194800853729248,0,-0.21336819231510162,-0.9701108932495117,-0.11557585746049881,0,-0.2619730234146118,-0.05715518444776535,0.9633809924125671,0,-0.17039300501346588,-0.0793360024690628,0.000019999999494757503,1
B37,mixamorig_RightLeg,36,0.9755529761314392,-0.2083062380552292,-0.0700327530503273,0,0.12568767368793488,0.7902620434761047,-0.5997410416603088,0,0.18027403950691223,0.5762768983840942,0.7971241474151611,0,0,0.4258970022201538,0,1
B38,mixamorig_RightFoot,37,0.9800170063972473,0.19575081765651703,0.03531904146075249,0,-0.0952920913696289,0.3061744272708893,0.9471938610076904,0,0.1746002435684204,-0.9316320419311523,0.31870976090431213,0,0,0.29739299416542053,0,1
B39,mixamorig_RightToeBase,38,0.9719210863113403,0.0013941862853243947,-0.2353050857782364,0,0.16611506044864655,0.7041890621185303,0.6903058886528015,0,0.16666178405284882,-0.7100110650062561,0.6841849684715271,0,0,0.2031490057706833,0,1
B40,mixamorig_RightToe_End,39,1,0,0,0,0,1,0,0,0,0,1,0,0,0.08220300078392029,0,1
@34,0,1,2,3,4,5,7,8,9,10,11,12,13,15,16,17,19,20,21,22,23,24,25,27,28,29,31,32,33,34,36,37,38,39
K0,-0.25538721680641174,0.0022328225895762444,-0.23931674659252167,0,-0.016928240656852722,0.3489394783973694,0.02132059447467327,0,0.2387275993824005,0.027132052928209305,-0.25450536608695984,0,-0.0019470668630674481,0.30908674001693726,0.002212981693446636,1,0.996550977230072,-0.017336975783109665,-0.08114802837371826,0,0.019236022606492043,0.9995579719543457,0.022679125890135765,0,0.08071897178888321,-0.024161871522665024,0.9964439868927002,0,0,0.142985999584198,-0.011126000434160233,1,0.9861550331115723,-0.0076537118293344975,-0.16564860939979553,0,0.0407852865755558,0.9794439673423767,0.19755211472511292,0,0.16073139011859894,-0.20157288014888763,0.9661949276924133,0,0,0.16732099652290344,0,1,0.9861549735069275,-0.007653729524463415,-0.16564810276031494,0,0.04078526794910431,0.9794430732727051,0.19755253195762634,0,0.16073089838027954,-0.201573446393013,0.9661949276924133,0,0,0.19122500717639923,0,1,0.9997469782829285,0.00354408985003829,0.02222398854792118,0,-0.003599909832701087,0.9999899864196777,0.0024723103269934654,0,-0.02221500873565674,-0.002551689511165023,0.9997499585151672,0,0,0.21512800455093384,0,1,0.9370319247245789,-0.044690586626529694,-0.34637323021888733,0,0.00616841483861208,0.993742048740387,-0.11152973026037216,0,0.34918972849845886,0.10237026959657669,0.9314430356025696,0,0,0.16556300222873688,-0.003220000071451068,1,-0.026516159996390343,0.021596379578113556,-0.9994149208068848,0,0.8973392248153687,-0.4400814175605774,-0.0333176851272583,0,-0.4405437707901001,-0.8976981043815613,-0.007709956727921963,0,0.07522899657487869,0.17196300625801086,-0.0032949999440461397,1,0.9869821071624756,0.041066840291023254,0.15549957752227783,0,-0.13947315514087677,0.6999979615211487,0.7003929018974304,0,-0.08008643239736557,-0.7129629850387573,0.6966129541397095,0,0,0.16953399777412415,0,1,0.6654500961303711,0.7371779680252075,-0.11723582446575165,0,-0.7406010627746582,0.6716588735580444,0.019610891118645668,0,0.09319917857646942,0.07377489656209946,0.9929100275039673,0,0,0.32899999618530273,0,1,0.20741987228393555,-0.29351434111595154,-0.9331808686256409,0,-0.07350233197212219,0.9465538859367371,-0.3140580654144287,0,0.9754869341850281,0.1337328851222992,0.17476017773151398,0,0,0.30154600739479065,0,1,0.7829509973526001,0.6219300627708435,-0.013781262561678886,0,-0.6219959259033203,0.7830200791358948,-0.0006243046373128891,0,0.010402737185359001,0.009060694836080074,0.9999049305915833,0,-0.05599899962544441,0.03822999820113182,0,1,0.9923860430717468,-0.12161469459533691,0.019514616578817368,0,0.12174831330776215,0.9925439357757568,-0.0058111874386668205,0,-0.018662387505173683,0.008142812177538872,0.9997930526733398,0,-0.001740999985486269,0.05421600118279457,0,1,0.9530810713768005,0.3027139902114868,-0.0013873655116185546,0,-0.30271396040916443,0.9530820846557617,0.00023244030307978392,0,0.0013926344690844417,0.000198440277017653,0.9999989867210388,0,-0.012923000380396843,0.09067399799823761,0,1,0.9886049032211304,0.1422673612833023,-0.0491989329457283,0,-0.14578764140605927,0.9862780570983887,-0.07746507227420807,0,0.037503067404031754,0.08375492691993713,0.9957799911499023,0,0,0.12702199816703796,0,1,0.973268985748291,0.22883789241313934,0.01951705850660801,0,-0.22942711412906647,0.9648319482803345,0.12830807268619537,0,0.010531059466302395,-0.12935592234134674,0.9915419816970825,0,0.003318999893963337,0.10109200328588486,0,1,0.9971879720687866,-0.07459472864866257,-0.007199361454695463,0,0.07459326088428497,0.9972140789031982,-0.00047367793740704656,0,0.007214637473225594,-0.00006467792991315946,0.9999739527702332,0,0.0007910000276751816,0.0893620029091835,0,1,0.12132494896650314,-0.022493042051792145,0.9923581480979919,0,-0.8703159689903259,-0.4831542670726776,0.0954529196023941,0,0.4773150384426117,-0.8752460479736328,-0.07819480448961258,0,-0.07522899657487869,0.17197300493717194,-0.0034209999721497297,1,0.913815975189209,0.4042460024356842,-0.039070066064596176,0,-0.28054502606391907,0.6978751420974731,0.658987820148468,0,0.29365894198417664,-0.5912321209907532,0.751137912273407,0,0,0.16953399777412415,0,1,0.7407410740852356,-0.6656659245491028,-0.0905100405216217,0,0.6715279817581177,0.7374688982963562,0.07204119861125946,0,0.01879296451807022,-0.11414381116628647,0.9932860732078552,0,0,0.32900699973106384,0,1,0.291298508644104,-0.2726735472679138,0.9169479012489319,0,0.18247146904468536,0.9567558169364929,0.22654318809509277,0,-0.9390680193901062,0.10132520645856857,0.3284568190574646,0,0,0.3015170097351074,0,1,0.8221469521522522,-0.5287300944328308,-0.21099594235420227,0,0.4893398880958557,0.8457649946212769,-0.21266821026802063,0,0.29089710116386414,0.07159581035375595,0.9540719985961914,0,0.05699099972844124,0.03990500047802925,0,1,0.9545320868492126,0.294147789478302,0.04843658208847046,0,-0.2956751883029938,0.9134387373924255,0.27965351939201355,0,0.03801558539271355,-0.28125953674316406,0.9588780999183655,0,0.0032889998983591795,0.05556099861860275,0,1,0.9514200091362,-0.30789002776145935,0.0019368211505934596,0,0.3078899383544922,0.9514220356941223,0.00035221927100792527,0,-0.0019511787686496973,0.00026121927658095956,0.9999979734420776,0,0.011366999708116055,0.0851759985089302,0,1,0.9952049851417542,-0.0871071144938469,0.04449886083602905,0,0.08465388417243958,0.9949280619621277,0.05432375147938728,0,-0.049005135893821716,-0.050296250730752945,0.997530996799469,0,0,0.14398999512195587,0,1,0.9815229177474976,-0.19110029935836792,-0.009633097797632217,0,0.19068372249603271,0.9727250933647156,0.13208481669425964,0,-0.015871098265051842,-0.13148120045661926,0.9911919832229614,0,-0.002196999965235591,0.09634800255298615,0,1,0.9965680241584778,-0.08272796869277954,-0.0028409112710505724,0,0.08272802829742432,0.9965720176696777,-0.00009567569213686511,0,0.0028390884399414062,-0.00013967568520456553,0.9999959468841553,0,0.0045529999770224094,0.09323199838399887,0,1,-0.9733758568763733,-0.14537811279296875,0.1772150993347168,0,0.20854686200618744,-0.8825278878211975,0.4214891493320465,0,0.09512191265821457,0.44722479581832886,0.889349102973938,0,0.17039300501346588,-0.0793360024690628,0.0003910000086762011,1,0.9671459794044495,-0.03902440518140793,-0.2512069344520569,0,-0.1355714052915573,0.7567370533943176,-0.6395067572593689,0,0.21505405008792877,0.652553141117096,0.7265848517417908,0,0,0.42589500546455383,0,1,0.999241054058075,0.011576824821531773,-0.03719611465930939,0,0.022200822830200195,0.6153639554977417,0.7879300117492676,0,0.03201088309288025,-0.7881579399108887,0.6146400570869446,0,0,0.297417014837265,0,1,0.9842900037765503,-0.024461152032017708,0.17485792934894562,0,-0.10975116491317749,0.6910099983215332,0.7144650816917419,0,-0.13830508291721344,-0.7224310040473938,0.67746901512146,0,0,0.2033960074186325,0,1,-0.9411929249763489,0.2358328104019165,-0.2419479787349701,0,-0.21336819231510162,-0.9701108336448669,-0.11557583510875702,0,-0.26197299361228943,-0.05715516582131386,0.9633809924125671,0,-0.17039300501346588,-0.0793360024690628,0.000019999999494757503,1,0.9755529165267944,-0.20830632746219635,-0.07003283500671387,0,0.12568768858909607,0.7902620434761047,-0.5997410416603088,0,0.18027415871620178,0.5762768983840942,0.7971240878105164,0,0,0.4258970022201538,0,1,0.9800170063972473,0.19575080275535583,0.03531918302178383,0,-0.09529219567775726,0.30617427825927734,0.9471938610076904,0,0.17460019886493683,-0.9316321015357971,0.3187096416950226,0,0,0.29739299416542053,0,1,0.9719210267066956,0.0013941407669335604,-0.23530517518520355,0,0.1661151498556137,0.7041890621185303,0.6903058886528015,0,0.1666618138551712,-0.7100110650062561,0.6841849684715271,0,0,0.2031490057706833,0,1
K0.033,-0.259978711605072,-0.0004591240722220391,-0.23433060944080353,0,-0.016873417422175407,0.3491274416446686,0.018036214634776115,0,0.23372280597686768,0.02469426579773426,-0.25935274362564087,0,-0.002345344517379999,0.3093205690383911,0.0021936374250799417,1,0.9972350001335144,-0.014689113013446331,-0.07284307479858398,0,0.01623283140361309,0.99965500831604,0.020645784214138985,0,0.07251471281051636,-0.021771160885691643,0.9971299171447754,0,0,0.142985999584198,-0.011126000434160233,1,0.9888930320739746,-0.0041723414324223995,-0.14856894314289093,0,0.03328854963183403,0.9804290533065796,0.1940387487411499,0,0.1448516547679901,-0.19682912528514862,0.9696779847145081,0,0,0.16732099652290344,0,1,0.9888930320739746,-0.0041723065078258514,-0.14856892824172974,0,0.033288583159446716,0.98042893409729,0.1940392255783081,0,0.1448516696691513,-0.1968296617269516,0.9696781039237976,0,0,0.19122500717639923,0,1,0.9993659853935242,0.023236872628331184,0.026992101222276688,0,-0.02309560216963291,0.9997179508209229,-0.0055334498174488544,0,-0.0271130483597517,0.004906538873910904,0.9996200203895569,0,0,0.21512800455093384,0,1,0.9343078136444092,-0.055737391114234924,-0.35208237171173096,0,0.021100806072354317,0.9946159720420837,-0.10146106034517288,0,0.3558417558670044,0.08736660331487656,0.9304531216621399,0,0,0.16556300222873688,-0.003220000071451068,1,-0.014791053719818592,0.018173474818468094,-0.9997249841690063,0,0.9049533605575562,-0.42498648166656494,-0.02111445553600788,0,-0.4252535104751587,-0.9050173163414001,-0.010160228237509727,0,0.07522899657487869,0.17196300625801086,-0.0032949999440461397,1,0.9928441047668457,0.010033871047198772,0.11899292469024658,0,-0.08962280303239822,0.7211291193962097,0.6869799494743347,0,-0.07891622185707092,-0.6927286982536316,0.7168682813644409,0,0,0.16953399777412415,0,1,0.6098942160606384,0.7765355110168457,-0.1581794023513794,0,-0.7807568907737732,0.6229878067970276,0.048002492636442184,0,0.13581958413124084,0.09422329813241959,0.9862428903579712,0,0,0.32899999618530273,0,1,0.20211397111415863,-0.20713698863983154,-0.9572061896324158,0,-0.06864982843399048,0.9719771146774292,-0.22482876479625702,0,0.9769530892372131,0.11115309596061707,0.18223026394844055,0,0,0.30154600739479065,0,1,0.7639268636703491,0.6435021162033081,-0.04816822335124016,0,-0.6438313126564026,0.7650966644287109,0.010405845940113068,0,0.043549541383981705,0.02306291274726391,0.9987849593162537,0,-0.05599899962544441,0.03822999820113182,0,1,0.9828088283538818,-0.184505894780159,0.006595731247216463,0,0.18353253602981567,0.9802548289299011,0.07358910888433456,0,-0.020043140277266502,-0.07111357152462006,0.997266948223114,0,-0.001740999985486269,0.05421600118279457,0,1,0.9530810713768005,0.3027139902114868,-0.001387943048030138,0,-0.30271396040916443,0.9530820846557617,0.00023201778822112828,0,0.0013930569402873516,0.00019901776977349073,0.9999989867210388,0,-0.012923000380396843,0.09067399799823761,0,1,0.9960381388664246,0.07557190954685211,-0.046881407499313354,0,-0.08017326891422272,0.9911709427833557,-0.1056058257818222,0,0.03848661854863167,0.10894596576690674,0.9933019876480103,0,0,0.12702199816703796,0,1,0.9711930155754089,0.23739375174045563,0.020695799961686134,0,-0.2380332052707672,0.9624000191688538,0.1308688074350357,0,0.01114980224519968,-0.13202518224716187,0.9911839962005615,0,0.003318999893963337,0.10109200328588486,0,1,0.9971879720687866,-0.07459472864866257,-0.007199342828243971,0,0.07459326088428497,0.9972140192985535,-0.00047417794121429324,0,0.007214656099677086,-0.00006417792610591277,0.9999739527702332,0,0.0007910000276751816,0.0893620029091835,0,1,0.1222616657614708,-0.021850083023309708,0.9922570586204529,0,-0.8709498643875122,-0.48176202178001404,0.09670602530241013,0,0.4759189486503601,-0.8760299682617188,-0.07793137431144714,0,-0.07522899657487869,0.17197300493717194,-0.0034209999721497297,1,0.9340583682060242,0.3516140878200531,-0.062467195093631744,0,-0.22882795333862305,0.723572313785553,0.6512150168418884,0,0.2741760015487671,-0.593978762626648,0.7563181519508362,0,0,0.16953399777412415,0,1,0.7361037135124207,-0.6710952520370483,-0.08821722865104675,0,0.6767939925193787,0.7316809892654419,0.08119700849056244,0,0.010055935010313988,-0.11947426944971085,0.9927859306335449,0,0,0.32900699973106384,0,1,0.30557334423065186,-0.26532572507858276,0.91445392370224,0,0.16696666181087494,0.9604421257972717,0.22287558019161224,0,-0.9374150037765503,0.0845785140991211,0.33778616786003113,0,0,0.3015170097351074,0,1,0.8089618682861328,-0.5505071878433228,-0.20620906352996826,0,0.5042852759361267,0.8301337361335754,-0.2378511130809784,0,0.3021200895309448,0.08842438459396362,0.9491599202156067,0,0.05699099972844124,0.03990500047802925,0,1,0.9621949791908264,0.2699410319328308,0.03622583672404289,0,-0.27046534419059753,0.9313441514968872,0.24381475150585175,0,0.03207691013813019,-0.24439537525177002,0.9691452383995056,0,0.0032889998983591795,0.05556099861860275,0,1,0.9514200091362,-0.30789002776145935,0.0019369000801816583,0,0.3078899383544922,0.9514220356941223,0.00035171929630450904,0,-0.0019510999554768205,0.00026171928038820624,0.9999979734420776,0,0.011366999708116055,0.0851759985089302,0,1,0.9947429299354553,-0.09200698137283325,0.044963061809539795,0,0.0909920483827591,0.9955589771270752,0.02412368543446064,0,-0.04698291793465614,-0.019905580207705498,0.9986969828605652,0,0,0.14398999512195587,0,1,0.9757810235023499,-0.21836097538471222,-0.013034045696258545,0,0.21800349652767181,0.9658077955245972,0.1403200626373291,0,-0.018052035942673683,-0.13976307213306427,0.9900199770927429,0,-0.002196999965235591,0.09634800255298615,0,1,0.9965680241584778,-0.08272796869277954,-0.0028409112710505724,0,0.08272802829742432,0.9965720176696777,-0.00009567569213686511,0,0.0028390884399414062,-0.00013967568520456553,0.9999959468841553,0,0.0045529999770224094,0.09323199838399887,0,1,-0.9761020541191101,-0.14639393985271454,0.16060663759708405,0,0.20330993831157684,-0.8761917948722839,0.4369812309741974,0,0.07675082236528397,0.4591911733150482,0.8850159645080566,0,0.17039300501346588,-0.0793360024690628,0.0003910000086762011,1,0.9664739966392517,-0.03500695526599884,-0.2543669641017914,0,-0.14011399447917938,0.7582569718360901,-0.6367210149765015,0,0.21516527235507965,0.6510149240493774,0.7279309630393982,0,0,0.42589500546455383,0,1,0.9991999268531799,0.009031992405653,-0.03896341472864151,0,0.024911019951105118,0.621614933013916,0.7829270362854004,0,0.03129161521792412,-0.7832707762718201,0.6208922863006592,0,0,0.297417014837265,0,1,0.9842900037765503,-0.024461152032017708,0.17485792934894562,0,-0.10975116491317749,0.6910099983215332,0.7144650816917419,0,-0.13830508291721344,-0.7224310040473938,0.67746901512146,0,0,0.2033960074186325,0,1,-0.9449949860572815,0.22402794659137726,-0.23831914365291595,0,-0.19933460652828217,-0.9721280336380005,-0.12342122942209244,0,-0.25932663679122925,-0.06912721693515778,0.963313102722168,0,-0.17039300501346588,-0.0793360024690628,0.000019999999494757503,1,0.9720789194107056,-0.21350714564323425,-0.0973496213555336,0,0.1181088536977768,0.8036691546440125,-0.583237886428833,0,0.2027624100446701,0.5554555058479309,0.8064471483230591,0,0,0.4258970022201538,0,1,0.9794250130653381,0.19875697791576385,0.034964270889759064,0,-0.09826119989156723,0.31834229826927185,0.9428689479827881,0,0.17627134919166565,-0.9269060492515564,0.33132287859916687,0,0,0.29739299416542053,0,1,0.9719210267066956,0.0013941653305664659,-0.23530513048171997,0,0.1661151647567749,0.7041898369789124,0.6903061866760254,0,0.1666618436574936,-0.710010826587677,0.6841852068901062,0,0,0.2031490057706833,0,1
K0.067,-0.2692033052444458,-0.0041195726953446865,-0.22363515198230743,0,-0.016751501709222794,0.34932902455329895,0.01372983492910862,0,0.2230447679758072,0.021263830363750458,-0.2688843309879303,0,-0.00223785568960011,0.3093142509460449,0.002157007809728384,1,0.9979620575904846,-0.012247348204255104,-0.06262774020433426,0,0.013403701595962048,0.9997469782829285,0.01807723008096218,0,0.06239045038819313,-0.01887982152402401,0.9978730082511902,0,0,0.142985999584198,-0.011126000434160233,1,0.9918229579925537,-0.0011381068034097552,-0.1276201456785202,0,0.025501996278762817,0.981561005115509,0.18943987786769867,0,0.12505124509334564,-0.19114522635936737,0.9735629558563232,0,0,0.16732099652290344,0,1,0.9918229579925537,-0.0011381068034097552,-0.1276201456785202,0,0.025501996278762817,0.981561005115509,0.18943987786769867,0,0.12505124509334564,-0.19114522635936737,0.9735629558563232,0,0,0.19122500717639923,0,1,0.9983270764350891,0.046526554971933365,0.034315261989831924,0,-0.04636400192975998,0.9989089965820312,-0.005518115125596523,0,-0.034534599632024765,0.003917894326150417,0.9993960857391357,0,0,0.21512800455093384,0,1,0.9317240715026855,-0.06261491775512695,-0.3577287197113037,0,0.03331489488482475,0.9956079125404358,-0.08749541640281677,0,0.36163613200187683,0.06960389018058777,0.9297179579734802,0,0,0.16556300222873688,-0.003220000071451068,1,-0.007726326584815979,0.015453215688467026,-0.9998509883880615,0,0.9134417772293091,-0.40674951672554016,-0.013345137238502502,0,-0.4068952202796936,-0.9134089350700378,-0.010972918011248112,0,0.07522899657487869,0.17196300625801086,-0.0032949999440461397,1,0.9980069994926453,-0.037562329322099686,0.05070554092526436,0,-0.00629358971491456,0.7402808666229248,0.6722680926322937,0,-0.06278827786445618,-0.6712471842765808,0.7385688424110413,0,0,0.16953399777412415,0,1,0.5009322762489319,0.8419562578201294,-0.20044070482254028,0,-0.8455275893211365,0.5255248546600342,0.09437663108110428,0,0.184797465801239,0.12220179289579391,0.9751490950584412,0,0,0.32899999618530273,0,1,0.1892469972372055,-0.11852176487445831,-0.9747509360313416,0,-0.06272497028112411,0.9892019033432007,-0.13245688378810883,0,0.9799239635467529,0.08620824664831161,0.1797691136598587,0,0,0.30154600739479065,0,1,0.7420704364776611,0.6646987795829773,-0.08664228022098541,0,-0.6656088829040527,0.7459720373153687,0.022136835381388664,0,0.07934703677892685,0.041242778301239014,0.9959930181503296,0,-0.05599899962544441,0.03822999820113182,0,1,0.967258095741272,-0.25346246361732483,-0.012943723239004612,0,0.25236621499061584,0.9551694393157959,0.1548011600971222,0,-0.026872843503952026,-0.15299928188323975,0.9878610968589783,0,-0.001740999985486269,0.05421600118279457,0,1,0.9530810713768005,0.3027139902114868,-0.0013874430442228913,0,-0.30271396040916443,0.9530820846557617,0.00023194029927253723,0,0.001392556936480105,0.00019894028082489967,0.9999989867210388,0,-0.012923000380396843,0.09067399799823761,0,1,0.998974084854126,-0.014867139980196953,-0.04278382286429405,0,0.008476152084767818,0.989270031452179,-0.14585326611995697,0,0.044493168592453,0.1453409641981125,0.988381028175354,0,0,0.12702199816703796,0,1,0.9715819954872131,0.23581290245056152,0.02048390731215477,0,-0.2364441156387329,0.9628570079803467,0.13038289546966553,0,0.011022905819118023,-0.1315210908651352,0.9912519454956055,0,0.003318999893963337,0.10109200328588486,0,1,0.9971879720687866,-0.07459472864866257,-0.007198861334472895,0,0.07459326088428497,0.9972140789031982,-0.0004736592818517238,0,0.007214137353003025,-0.00006465924525400624,0.9999739527702332,0,0.0007910000276751816,0.0893620029091835,0,1,0.12422548234462738,-0.02000471018254757,0.9920520782470703,0,-0.8698500990867615,-0.4832428991794586,0.09917867183685303,0,0.4774186611175537,-0.875258207321167,-0.07743227481842041,0,-0.07522899657487869,0.17197300493717194,-0.0034209999721497297,1,0.9606877565383911,0.2541469633579254,-0.11174851655960083,0,-0.12895995378494263,0.764947772026062,0.631050169467926,0,0.24586129188537598,-0.5918311476707458,0.767650842666626,0,0,0.16953399777412415,0,1,0.7241519689559937,-0.6818640232086182,-0.10327430814504623,0,0.6895319223403931,0.7185331583023071,0.0908648669719696,0,0.012248530052602291,-0.13701088726520538,0.9904940724372864,0,0,0.32900699973106384,0,1,0.3485257625579834,-0.23569703102111816,0.90718013048172,0,0.13687355816364288,0.970289945602417,0.1995089054107666,0,-0.9272511005401611,0.05463496223092079,0.3704316318035126,0,0,0.3015170097351074,0,1,0.7926982045173645,-0.5758716464042664,-0.20000527799129486,0,0.5207809209823608,0.8102449774742126,-0.26886817812919617,0,0.31688666343688965,0.10897234082221985,0.942182183265686,0,0.05699099972844124,0.03990500047802925,0,1,0.9703090786933899,0.24076105654239655,0.02314426563680172,0,-0.2404245138168335,0.9496328234672546,0.2009783238172531,0,0.026409195736050606,-0.20057550072669983,0.9793218970298767,0,0.0032889998983591795,0.05556099861860275,0,1,0.9514200091362,-0.30789002776145935,0.0019369000801816583,0,0.3078899383544922,0.9514220356941223,0.00035171929630450904,0,-0.0019510999554768205,0.00026171928038820624,0.9999979734420776,0,0.011366999708116055,0.0851759985089302,0,1,0.9946489334106445,-0.09250901639461517,0.04600270465016365,0,0.09313994646072388,0.9955829977989197,-0.011763285845518112,0,-0.04471130669116974,0.01598503068089485,0.9988719820976257,0,0,0.14398999512195587,0,1,0.9702840447425842,-0.24142970144748688,-0.016111886128783226,0,0.24113084375858307,0.9592559933662415,0.14725320041179657,0,-0.02009589597582817,-0.1467626690864563,0.9889680743217468,0,-0.002196999965235591,0.09634800255298615,0,1,0.9965680241584778,-0.08272796869277954,-0.0028409112710505724,0,0.08272802829742432,0.9965720176696777,-0.00009567569213686511,0,0.0028390884399414062,-0.00013967568520456553,0.9999959468841553,0,0.0045529999770224094,0.09323199838399887,0,1,-0.9798040986061096,-0.14571261405944824,0.13693632185459137,0,0.19334352016448975,-0.8650710582733154,0.46289387345314026,0,0.051010146737098694,0.48002076148986816,0.8757721185684204,0,0.17039300501346588,-0.0793360024690628,0.0003910000086762011,1,0.9625989198684692,-0.03694792836904526,-0.26840007305145264,0,-0.14755888283252716,0.7593411207199097,-0.6337408423423767,0,0.22722265124320984,0.6496431827545166,0.7254890203475952,0,0,0.42589500546455383,0,1,0.9991059899330139,0.008302105590701103,-0.04144887253642082,0,0.026920080184936523,0.6310317516326904,0.775290310382843,0,0.03259209543466568,-0.7757129669189453,0.6302441358566284,0,0,0.297417014837265,0,1,0.9842900037765503,-0.024460652843117714,0.17485813796520233,0,-0.10975165665149689,0.691010057926178,0.7144650220870972,0,-0.13830487430095673,-0.7224310040473938,0.67746901512146,0,0,0.2033960074186325,0,1,-0.951880931854248,0.20314349234104156,-0.22946907579898834,0,-0.17369095981121063,-0.9744820594787598,-0.14218299090862274,0,-0.2524970471858978,-0.09548458456993103,0.9628750681877136,0,-0.17039300501346588,-0.0793360024690628,0.000019999999494757503,1,0.962135910987854,-0.22660131752490997,-0.15147987008094788,0,0.10574869066476822,0.8225429058074951,-0.558785080909729,0,0.251220166683197,0.5216084718704224,0.815360963344574,0,0,0.4258970022201538,0,1,0.9775810241699219,0.20756405591964722,0.035381969064474106,0,-0.10447979718446732,0.33228954672813416,0.9373731017112732,0,0.18280790746212006,-0.9200549125671387,0.34652623534202576,0,0,0.29739299416542053,0,1,0.9719211459159851,0.0013939549680799246,-0.23530469834804535,0,0.1661149561405182,0.7041890025138855,0.6903059482574463,0,0.1666613221168518,-0.7100109457969666,0.6841849684715271,0,0,0.2031490057706833,0,1
K0.100,-0.2831187844276428,-0.008089723065495491,-0.2056168019771576,0,-0.016845714300870895,0.34946662187576294,0.009445969946682453,0,0.20508511364459991,0.01753740943968296,-0.283076673746109,0,-0.0014850231818854809,0.3088298439979553,0.0021746463607996702,1,0.9985700249671936,-0.011117272078990936,-0.052284352481365204,0,0.011948728002607822,0.9998070001602173,0.015616800636053085,0,0.052100636065006256,-0.01621919870376587,0.9985100030899048,0,0,0.142985999584198,-0.011126000434160233,1,0.9943529963493347,0.00041928881546482444,-0.10612191259860992,0,0.01932128705084324,0.9825630187988281,0.18492086231708527,0,0.10434906929731369,-0.1859271228313446,0.9770069718360901,0,0,0.16732099652290344,0,1,0.9943529963493347,0.00041928881546482444,-0.10612191259860992,0,0.01932128705084324,0.9825630187988281,0.18492086231708527,0,0.10434906929731369,-0.1859271228313446,0.9770069718360901,0,0,0.19122500717639923,0,1,0.9971190690994263,0.06102805212140083,0.04505671560764313,0,-0.06098693609237671,0.9981359243392944,-0.0022872276604175568,0,-0.04511230066418648,-0.00046723277773708105,0.9989820718765259,0,0,0.21512800455093384,0,1,0.9329820275306702,-0.054013174027204514,-0.3558470904827118,0,0.03168280050158501,0.9971619844436646,-0.0682888776063919,0,0.35852593183517456,0.05243809521198273,0.932046115398407,0,0,0.16556300222873688,-0.003220000071451068,1,-0.008898691274225712,0.015109916217625141,-0.9998459815979004,0,0.9177940487861633,-0.3968038856983185,-0.014165027067065239,0,-0.3969569504261017,-0.9177790284156799,-0.010336749255657196,0,0.07522899657487869,0.17196300625801086,-0.0032949999440461397,1,0.9945660829544067,-0.10162369161844254,-0.02260805293917656,0,0.0924253985285759,0.76193767786026,0.6410212516784668,0,-0.04791703075170517,-0.6396277546882629,0.7671902179718018,0,0,0.16953399777412415,0,1,0.3403836488723755,0.9187490940093994,-0.20009839534759521,0,-0.9170280694961548,0.3713988959789276,0.1453336924314499,0,0.20784159004688263,0.1340266615152359,0.9689371585845947,0,0,0.32899999618530273,0,1,0.18136006593704224,-0.030203048139810562,-0.9829529523849487,0,-0.05663609132170677,0.99754798412323,-0.04110116511583328,0,0.981784999370575,0.06312478333711624,0.17920495569705963,0,0,0.30154600739479065,0,1,0.7179450392723083,0.6848399043083191,-0.12469107657670975,0,-0.6867449879646301,0.7261090278625488,0.033870112150907516,0,0.11373494565486908,0.061314113438129425,0.9916170239448547,0,-0.05599899962544441,0.03822999820113182,0,1,0.9469560980796814,-0.31895771622657776,-0.03925706818699837,0,0.3190763592720032,0.9186218976974487,0.23307304084300995,0,-0.03827805817127228,-0.23323604464530945,0.9716669917106628,0,-0.001740999985486269,0.05421600118279457,0,1,0.9530810117721558,0.302713006734848,-0.0013869429240003228,0,-0.30271297693252563,0.9530820250511169,0.00023186211183201522,0,0.0013920572819188237,0.00019886212248820812,0.9999989867210388,0,-0.012923000380396843,0.09067399799823761,0,1,0.9938910007476807,-0.10447891056537628,-0.03555729612708092,0,0.09615118056535721,0.9778830409049988,-0.1857386976480484,0,0.054176706820726395,0.18118532001972198,0.9819559454917908,0,0,0.12702199816703796,0,1,0.9719381332397461,0.2343585342168808,0.020290782675147057,0,-0.2349824458360672,0.9632758498191833,0.12993508577346802,0,0.010905780829489231,-0.13105688989162445,0.9913150072097778,0,0.003318999893963337,0.10109200328588486,0,1,0.9971879720687866,-0.07459472864866257,-0.007198842708021402,0,0.07459326088428497,0.9972140192985535,-0.00047415925655514,0,0.007214155979454517,-0.00006415924144675955,0.9999739527702332,0,0.0007910000276751816,0.0893620029091835,0,1,0.13238051533699036,-0.016589147970080376,0.9910600781440735,0,-0.8695078492164612,-0.4819493293762207,0.10807698965072632,0,0.47584792971611023,-0.8760420083999634,-0.07822514325380325,0,-0.07522899657487869,0.17197300493717194,-0.0034209999721497297,1,0.9759479761123657,0.13184607028961182,-0.17361298203468323,0,-0.0009367804741486907,0.7989120483398438,0.6014479398727417,0,0.21799999475479126,-0.5868191123008728,0.779819905757904,0,0,0.16953399777412415,0,1,0.7121269106864929,-0.6873449683189392,-0.14294351637363434,0,0.7011460065841675,0.7066479325294495,0.09510096907615662,0,0.035643525421619415,-0.16794803738594055,0.9851509928703308,0,0,0.32900699973106384,0,1,0.41716060042381287,-0.1863768845796585,0.8895172476768494,0,0.0927780419588089,0.9823669791221619,0.1623208224773407,0,-0.9040848016738892,0.014813815243542194,0.42709627747535706,0,0,0.3015170097351074,0,1,0.7745110988616943,-0.6026379466056824,-0.19224964082241058,0,0.5374990701675415,0.7872248888015747,-0.3022770583629608,0,0.33350738883018494,0.13078296184539795,0.9336318969726562,0,0.05699099972844124,0.03990500047802925,0,1,0.9779439568519592,0.20859527587890625,0.010626163333654404,0,-0.20771469175815582,0.9659610986709595,0.1541866660118103,0,0.021898165345191956,-0.15299324691295624,0.9879849553108215,0,0.0032889998983591795,0.05556099861860275,0,1,0.9514200091362,-0.30789002776145935,0.0019369000801816583,0,0.3078899383544922,0.9514220356941223,0.00035171929630450904,0,-0.0019510999554768205,0.00026171928038820624,0.9999979734420776,0,0.011366999708116055,0.0851759985089302,0,1,0.9947260022163391,-0.09083010256290436,0.047641873359680176,0,0.09321089833974838,0.9943709969520569,-0.05038601905107498,0,-0.04279712587594986,0.05456101894378662,0.9975929856300354,0,0,0.14398999512195587,0,1,0.9647700786590576,-0.2624007761478424,-0.0190727561712265,0,0.2621622383594513,0.9527339935302734,0.1535247564315796,0,-0.022113753482699394,-0.15311625599861145,0.9879609942436218,0,-0.002196999965235591,0.09634800255298615,0,1,0.9965680241584778,-0.08272796869277954,-0.0028409112710505724,0,0.08272802829742432,0.9965720176696777,-0.00009567569213686511,0,0.0028390884399414062,-0.00013967568520456553,0.9999959468841553,0,0.0045529999770224094,0.09323199838399887,0,1,-0.9839910864830017,-0.1405467838048935,0.10957950353622437,0,0.1767052263021469,-0.8493280410766602,0.4974108636379242,0,0.023159464821219444,0.5088112354278564,0.8605667948722839,0,0.17039300501346588,-0.0793360024690628,0.0003910000086762011,1,0.9527729749679565,-0.04971819743514061,-0.2995850145816803,0,-0.15852519869804382,0.7600048184394836,-0.6302871108055115,0,0.2590230107307434,0.6480128765106201,0.7162310481071472,0,0,0.42589500546455383,0,1,0.9989809393882751,0.009856066666543484,-0.044044554233551025,0,0.027368061244487762,0.6437049508094788,0.764784038066864,0,0.03588945418596268,-0.7652099132537842,0.6427791118621826,0,0,0.297417014837265,0,1,0.9842899441719055,-0.02446107566356659,0.17485912144184113,0,-0.10975207388401031,0.691010057926178,0.7144649028778076,0,-0.13830585777759552,-0.7224311232566833,0.6774689555168152,0,0,0.2033960074186325,0,1,-0.9613279700279236,0.1721266806125641,-0.2149903029203415,0,-0.13589423894882202,-0.9754458665847778,-0.17331627011299133,0,-0.23954366147518158,-0.13739778101444244,0.9611141085624695,0,-0.17039300501346588,-0.0793360024690628,0.000019999999494757503,1,0.9403560757637024,-0.24555781483650208,-0.235440194606781,0,0.08798617124557495,0.8440858125686646,-0.5289391875267029,0,0.3286169469356537,0.4766758382320404,0.8153471350669861,0,0,0.4258970022201538,0,1,0.9743148684501648,0.222202330827713,0.03656327724456787,0,-0.11358070373535156,0.3446999192237854,0.9318161010742188,0,0.19444827735424042,-0.9120349287986755,0.3610840439796448,0,0,0.29739299416542053,0,1,0.9719211459159851,0.0013939726632088423,-0.23530465364456177,0,0.16611497104167938,0.7041897773742676,0.6903062462806702,0,0.1666613519191742,-0.7100107073783875,0.6841852068901062,0,0,0.2031490057706833,0,1
