2.467,30,74,41
B0,mixamorig_Hips,-1,-0.15398305654525757,0.8705390691757202,0.4673870801925659,0,0.6031169295310974,0.4574945271015167,-0.653413712978363,0,-0.7826489806175232,0.18127436935901642,-0.5954830646514893,0,-0.06807103008031845,0.3398025929927826,0.23311889171600342,1
B1,mixamorig_Spine,0,0.9861520528793335,-0.09247689694166183,0.13766533136367798,0,0.08207084983587265,0.9934548735618591,0.07944831997156143,0,-0.14411140978336334,-0.06704980880022049,0.9872871041297913,0,0,0.053141999989748,0.0032510000746697187,1
B2,mixamorig_Spine1,1,0.9660860300064087,-0.25284019112586975,0.05244194343686104,0,0.2565857768058777,0.9627836346626282,-0.08492282778024673,0,-0.0290183387696743,0.09549859911203384,0.9950068593025208,0,0,0.06211499869823456,0,1
B3,mixamorig_Spine2,2,0.973421037197113,-0.20025469362735748,0.11112964898347855,0,0.21480144560337067,0.9666178822517395,-0.13967902958393097,0,-0.07944850623607635,0.1598372757434845,0.9839408993721008,0,0,0.07098899781703949,0,1
B4,mixamorig_Neck,3,0.9938727617263794,-0.015383978374302387,0.10945432633161545,0,0.015290703624486923,0.9998816251754761,0.0016915076412260532,0,-0.10946742445230484,-0.00000750966273699305,0.9939906001091003,0,0,0.07986199855804443,0,1
B5,mixamorig_Head,4,0.9032516479492188,-0.34510645270347595,0.25502604246139526,0,0.40304073691368103,0.8862892985343933,-0.22814545035362244,0,-0.14729230105876923,0.3088584542274475,0.9396336674690247,0,0,0.04960700124502182,0.0009360000258311629,1
B6,mixamorig_HeadTop_End,5,1,0,0,0,0,1,0,0,0,0,1,0,0,0.2702980041503906,0.005102999974042177,1
B7,mixamorig_LeftShoulder,3,-0.3090217411518097,0.11002790182828903,0.9446695446968079,0,-0.8949570655822754,-0.369733989238739,-0.24969589710235596,0,0.32180285453796387,-0.9226000308990479,0.21272602677345276,0,-0.02656799927353859,0.06445500254631042,0.0010219999821856618,1
B8,mixamorig_LeftArm,7,-0.6135051250457764,-0.7616997361183167,0.2083856612443924,0,-0.7789180278778076,0.6271243095397949,-0.0009108834783546627,0,-0.12998993694782257,-0.1628742516040802,-0.9780459403991699,0,0,0.06136700138449669,0,1
B9,mixamorig_LeftForeArm,8,-0.07426875829696655,-0.9907387495040894,0.11367177218198776,0,0.9926973581314087,-0.0625828206539154,0.10313183814287186,0,-0.09506278485059738,0.1205010861158371,0.9881511926651001,0,0,0.12568999826908112,0,1
B10,mixamorig_LeftHand,9,-0.13148334622383118,-0.12194672971963882,0.983789324760437,0,0.35608822107315063,0.9203597903251648,0.16167539358139038,0,-0.9251559376716614,0.37157341837882996,-0.07758820056915283,0,0,0.10690800100564957,0,1
B11,mixamorig_LeftHandThumb1,10,0.874937117099762,0.48140960931777954,0.05224515125155449,0,-0.45931950211524963,0.8592353463172913,-0.2252548485994339,0,-0.15333077311515808,0.17308665812015533,0.972898006439209,0,-0.020052000880241394,0.009921999648213387,0,1
B12,mixamorig_LeftHandThumb2,11,0.9449940323829651,-0.30855926871299744,0.10852628201246262,0,0.30060717463493347,0.950070321559906,0.08367592841386795,0,-0.1289265900850296,-0.04644947499036789,0.9905659556388855,0,-0.0016319999704137444,0.017822999507188797,0,1
B13,mixamorig_LeftHandThumb3,12,0.9943443536758423,0.10600794106721878,-0.006467400584369898,0,-0.10334369540214539,0.9797992706298828,0.17121021449565887,0,0.024486390873789787,-0.16957351565361023,0.9852129817008972,0,-0.004317999817430973,0.032010000199079514,0,1
B14,mixamorig_LeftHandThumb4,13,1,0,0,0,0,1,0,0,0,0,1,0,0.005948999896645546,0.03168400004506111,0,1
B15,mixamorig_LeftHandIndex1,10,0.9663531184196472,0.2564477026462555,-0.01989496499300003,0,-0.2568880021572113,0.9661398530006409,-0.024135814979672432,0,0.01303174253553152,0.028434494510293007,0.9995105266571045,0,0,0.037307001650333405,0,1
B16,mixamorig_LeftHandIndex2,15,0.9595920443534851,0.2798767387866974,0.029200123623013496,0,-0.28057190775871277,0.9436816573143005,0.1753436028957367,0,0.02151896059513092,-0.1764509379863739,0.9840742945671082,0,0.0012499999720603228,0.03654000163078308,0,1
B17,mixamorig_LeftHandIndex3,16,0.9999094605445862,0.007341411430388689,-0.011287882924079895,0,-0.006634109187871218,0.9980870485305786,0.061469390988349915,0,0.011717556975781918,-0.06138890981674194,0.9980449080467224,0,0.0006210000137798488,0.03356099873781204,0,1
B18,mixamorig_LeftHandIndex4,17,1,0,0,0,0,1,0,0,0,0,1,0,-0.0018710000440478325,0.02371099963784218,0,1
B19,mixamorig_RightShoulder,3,0.3918575644493103,0.015364266000688076,-0.9198976159095764,0,0.9131520390510559,-0.12848976254463196,0.38683804869651794,0,-0.11225391179323196,-0.9915915727615356,-0.06437960267066956,0,0.02656799927353859,0.06444499641656876,0.0008640000014565885,1
B20,mixamorig_RightArm,19,-0.641442596912384,0.0613696463406086,-0.764712393283844,0,-0.46219268441200256,0.7646750211715698,0.4490549564361572,0,0.612314760684967,0.6414874196052551,-0.46213051676750183,0,0,0.06136700138449669,0,1
B21,mixamorig_RightForeArm,20,0.960548996925354,0.2767176330089569,-0.027790792286396027,0,-0.27650535106658936,0.9609459042549133,0.01128983311355114,0,0.02982954867184162,-0.0031601358205080032,0.9995496869087219,0,0,0.1256980001926422,0,1
B22,mixamorig_RightHand,21,-0.7266550660133362,-0.21123023331165314,-0.6537231206893921,0,0.1581203192472458,0.8745895624160767,-0.45835718512535095,0,0.6685582399368286,-0.4364345073699951,-0.6021251082420349,0,0,0.10690099745988846,0,1
B23,mixamorig_RightHandThumb1,22,0.9191598296165466,-0.3546347916126251,-0.171403706073761,0,0.33940768241882324,0.9339231848716736,-0.11220156401395798,0,0.19986853003501892,0.04495544359087944,0.9787907600402832,0,0.021004000678658485,0.01056899968534708,0,1
B24,mixamorig_RightHandThumb2,23,0.9582285284996033,0.22874391078948975,0.17168095707893372,0,-0.23727716505527496,0.9709576368331909,0.030667824670672417,0,-0.15967987477779388,-0.07012275606393814,0.9846751093864441,0,0.002191999927163124,0.018681999295949936,0,1
B25,mixamorig_RightHandThumb3,24,0.9864027500152588,-0.12937885522842407,-0.10133972764015198,0,0.13703612983226776,0.9879005551338196,0.07262078672647476,0,0.09071801602840424,-0.08552058786153793,0.9921979308128357,0,0.0037169998977333307,0.030345000326633453,0,1
B26,mixamorig_RightHandThumb4,25,1,0,0,0,0,1,0,0,0,0,1,0,-0.0059090000577270985,0.028519999235868454,0,1
B27,mixamorig_RightHandIndex1,22,0.9871068000793457,-0.15773636102676392,0.027201665565371513,0,0.15964540839195251,0.9824910759925842,-0.09604175388813019,0,-0.011576117016375065,0.09914608299732208,0.9950054883956909,0,0,0.043143998831510544,0,1
B28,mixamorig_RightHandIndex2,27,0.9926458597183228,-0.12093153595924377,-0.005452024284750223,0,0.12096549570560455,0.9891846776008606,0.08295498788356781,0,-0.004638814367353916,-0.0830044075846672,0.9965382814407349,0,-0.00036199999158270657,0.035868000239133835,0,1
B29,mixamorig_RightHandIndex3,28,0.9989500641822815,-0.045812495052814484,0.000002290737484145211,0,0.04577656090259552,0.9981685876846313,0.03954632580280304,0,-0.0018140029860660434,-0.03950471431016922,0.9992179870605469,0,-0.000014999999621068127,0.033337000757455826,0,1
B30,mixamorig_RightHandIndex4,29,1,0,0,0,0,1,0,0,0,0,1,0,0.0003769999893847853,0.023305000737309456,0,1
B31,mixamorig_LeftUpLeg,0,-0.35063639283180237,0.8059988021850586,0.4768848717212677,0,-0.8952769041061401,-0.13904862105846405,-0.4232544004917145,0,-0.27483251690864563,-0.5753527879714966,0.7703480124473572,0,-0.0607369989156723,-0.029496999457478523,-0.0024339999072253704,1
B32,mixamorig_LeftLeg,31,0.9692458510398865,-0.08886841684579849,-0.22948841750621796,0,0.2414359748363495,0.5239672064781189,0.8168023228645325,0,0.047656480222940445,-0.8470890522003174,0.529309093952179,0,0,0.1533450037240982,0,1
B33,mixamorig_LeftFoot,32,-0.9796438813209534,-0.01557614654302597,0.20013830065727234,0,-0.1992468535900116,0.19695864617824554,-0.9599516987800598,0,-0.024466631934046745,-0.9802879095077515,-0.1960529386997223,0,0,0.09672500193119049,0,1
B34,mixamorig_LeftToeBase,33,0.9220392107963562,-0.03346572816371918,0.38564813137054443,0,-0.28563591837882996,0.6135728359222412,0.7361664175987244,0,-0.26125937700271606,-0.7889286875724792,0.5561788082122803,0,0,0.07527200132608414,0,1
B35,mixamorig_LeftToe_End,34,1,0,0,0,0,1,0,0,0,0,1,0,0,0.030131999403238297,0,1
B36,mixamorig_RightUpLeg,0,-0.9376927018165588,-0.025850795209407806,-0.34650200605392456,0,0.324095219373703,-0.4246150851249695,-0.8453778028488159,0,-0.1252763718366623,-0.9050048589706421,0.40653690695762634,0,0.0607369989156723,-0.029496999457478523,-0.00535999983549118,1
B37,mixamorig_RightLeg,36,0.9918986558914185,0.12303098291158676,0.03162268176674843,0,-0.05233120173215866,0.16892465949058533,0.9842389225959778,0,0.11575005203485489,-0.9779202938079834,0.1739945411682129,0,0,0.15335899591445923,0,1
B38,mixamorig_RightFoot,37,-0.995888352394104,-0.08952270448207855,0.013866829685866833,0,-0.08855050802230835,0.9296916723251343,-0.3575369417667389,0,0.01911579631268978,-0.3572947084903717,-0.9337961673736572,0,0,0.09668999910354614,0,1
B39,mixamorig_RightToeBase,38,0.9272721409797668,-0.0034670804161578417,-0.3743714392185211,0,0.2717347741127014,0.6940965056419373,0.6666257381439209,0,0.2575388252735138,-0.7198737263679504,0.6445589661598206,0,0,0.07397100329399109,0,1
B40,mixamorig_RightToe_End,39,1,0,0,0,0,1,0,0,0,0,1,0,0,0.02930700033903122,0,1
@34,0,1,2,3,4,5,7,8,9,10,11,12,13,15,16,17,19,20,21,22,23,24,25,27,28,29,31,32,33,34,36,37,38,39
K0,0.5459815859794617,-0.009939000941812992,0.8377379179000854,0,0.03466197848320007,0.9993410110473633,-0.01073408778756857,0,-0.8370797634124756,0.0348982959985733,0.545966625213623,0,-0.00464211218059063,0.2981860041618347,0.0009958279551938176,1,0.9996910095214844,-0.011613914743065834,-0.021983308717608452,0,0.011819085106253624,0.9998879432678223,0.009226015768945217,0,0.02187369018793106,-0.00948298443108797,0.9997159838676453,0,0,0.053141999989748,0.0032510000746697187,1,0.9998490214347839,-0.015095626004040241,-0.008554050698876381,0,0.014965374022722244,0.9997739791870117,-0.015092139132320881,0,0.008779950439929962,0.01496186200529337,0.9998499751091003,0,0,0.06211499869823456,0,1,0.9998440146446228,-0.01508205197751522,-0.009205943904817104,0,0.014942947775125504,0.9997760057449341,-0.014996454119682312,0,0.009430055506527424,0.014856545254588127,0.999845027923584,0,0,0.07098899781703949,0,1,0.9687780141830444,-0.013327411375939846,-0.24757002294063568,0,-0.05895940959453583,0.9575239419937134,-0.2822631299495697,0,0.24081596732139587,0.28804680705070496,0.9268419742584229,0,0,0.07986199855804443,0,1,0.8407741189002991,0.1935826689004898,-0.5055928826332092,0,-0.16577333211898804,0.9810839295387268,0.09996762126684189,0,0.5153810977935791,-0.00023636910191271454,0.8569608926773071,0,0,0.04960700124502182,0.0009360000258311629,1,0.0824996829032898,-0.0008409389993175864,0.9965909719467163,0,-0.9193149209022522,-0.3861590623855591,0.07577677071094513,0,0.3847787380218506,-0.9224321246147156,-0.032631050795316696,0,-0.02656799927353859,0.06445500254631042,0.0010219999821856618,1,-0.8878182172775269,-0.0891018956899643,-0.45148560404777527,0,-0.3618561625480652,0.7413038611412048,0.5652691125869751,0,0.2843214273452759,0.6652289032936096,-0.6903849840164185,0,0,0.06136700138449669,0,1,0.14050790667533875,-0.9838271141052246,0.11109484732151031,0,0.9853940010070801,0.14986306428909302,0.08086499571800232,0,-0.0962061658501625,0.09810999780893326,0.9905139803886414,0,0,0.12568999826908112,0,1,0.20921653509140015,-0.12732073664665222,0.9695451855659485,0,0.37902024388313293,0.9245398640632629,0.039622481912374496,0,-0.9014278054237366,0.3591874837875366,0.2416861355304718,0,0,0.10690800100564957,0,1,0.8847541809082031,0.464984655380249,0.031602613627910614,0,-0.46232035756111145,0.8842098712921143,-0.06658297777175903,0,-0.058903392404317856,0.04429902508854866,0.9972800016403198,0,-0.020052000880241394,0.009921999648213387,0,1,0.9459440112113953,-0.2943238317966461,0.13624833524227142,0,0.1530381739139557,0.7754399180412292,0.6125940084457397,0,-0.28595367074012756,-0.5586288571357727,0.7785661220550537,0,-0.0016319999704137444,0.017822999507188797,0,1,0.8754479289054871,-0.4590193033218384,-0.15130257606506348,0,0.4025757610797882,0.5193250775337219,0.7538130879402161,0,-0.2674395740032196,-0.7208349108695984,0.6394321918487549,0,-0.004317999817430973,0.032010000199079514,0,1,0.31173405051231384,0.8588200211524963,0.40650901198387146,0,-0.8305069804191589,0.038434095680713654,0.5556809306144714,0,0.461605966091156,-0.5108330249786377,0.7252370119094849,0,0,0.037307001650333405,0,1,-0.08601489663124084,0.7441580891609192,0.6624429821968079,0,-0.7636817097663879,-0.4762614369392395,0.43585005402565,0,0.6398370265960693,-0.4684057831764221,0.6092652082443237,0,0.0012499999720603228,0.03654000163078308,0,1,0.10764749348163605,0.8413768410682678,0.5296201705932617,0,-0.8157311081886292,-0.22977736592292786,0.5308346748352051,0,0.5683261752128601,-0.48917025327682495,0.6616016626358032,0,0.0006210000137798488,0.03356099873781204,0,1,0.049248069524765015,-0.008379328064620495,-0.9987509846687317,0,0.8771311640739441,-0.47791969776153564,0.047260697931051254,0,-0.4777187705039978,-0.8783631324768066,-0.016186868771910667,0,0.02656799927353859,0.06444499641656876,0.0008640000014565885,1,-0.6700690388679504,0.7409310340881348,-0.04503550007939339,0,0.6475579738616943,0.6131290197372437,0.45248308777809143,0,0.3628714978694916,0.2740319073200226,-0.8906348943710327,0,0,0.06136700138449669,0,1,-0.4874761998653412,0.871543824672699,-0.05271202698349953,0,-0.8634700775146484,-0.47224169969558716,0.1772233098745346,0,0.12956495583057404,0.13190731406211853,0.9827579259872437,0,0,0.1256980001926422,0,1,-0.6641770601272583,0.09832710027694702,-0.7410808205604553,0,-0.12204709649085999,0.9637510180473328,0.2372530847787857,0,0.7375460863113403,0.24802491068840027,-0.6281010508537292,0,0,0.10690099745988846,0,1,0.8650328516960144,-0.4869482219219208,-0.12082777172327042,0,0.48963576555252075,0.8718871474266052,-0.008383003063499928,0,0.1094302386045456,-0.05191000550985336,0.9926379919052124,0,0.021004000678658485,0.01056899968534708,0,1,0.952453076839447,0.19851991534233093,0.23113568127155304,0,-0.2948930561542511,0.7914160490036011,0.5354429483413696,0,-0.07662830501794815,-0.5781439542770386,0.8123279809951782,0,0.002191999927163124,0.018681999295949936,0,1,0.9775059223175049,0.20177632570266724,0.061382949352264404,0,-0.17018567025661469,0.5827212929725647,0.7946528196334839,0,0.12457294762134552,-0.7872241139411926,0.6039528250694275,0,0.0037169998977333307,0.030345000326633453,0,1,0.35978296399116516,-0.8465390205383301,-0.39233699440956116,0,0.7942438721656799,0.05721072107553482,0.6048991680145264,0,-0.4896250069141388,-0.5292438268661499,0.6929421424865723,0,0,0.043143998831510544,0,1,-0.05825456604361534,-0.7398090958595276,-0.6702898144721985,0,0.7444771528244019,-0.4795234799385071,0.4645552337169647,0,-0.6651018261909485,-0.4719529151916504,0.5787053108215332,0,-0.00036199999158270657,0.035868000239133835,0,1,0.07373899221420288,-0.8102203011512756,-0.581468403339386,0,0.803567111492157,-0.2970384657382965,0.5157989859580994,0,-0.5906293988227844,-0.5052834153175354,0.6291632056236267,0,-0.000014999999621068127,0.033337000757455826,0,1,-0.8759669661521912,0.2732478678226471,0.3975130617618561,0,-0.44594213366508484,-0.7729000449180603,-0.4513997435569763,0,0.18389388918876648,-0.5726791620254517,0.7988878488540649,0,-0.0607369989156723,-0.029496999457478523,-0.0024339999072253704,1,0.9918400049209595,0.07478048652410507,-0.10325177758932114,0,0.013975481502711773,0.7412400841712952,0.6710948944091797,0,0.12671922147274017,-0.6670621037483215,0.7341468334197998,0,0,0.1533450037240982,0,1,-0.9912829399108887,-0.13036516308784485,-0.019034752622246742,0,-0.06968583911657333,0.6414368748664856,-0.7640051245689392,0,0.11180925369262695,-0.756018877029419,-0.6449301242828369,0,0,0.09672500193119049,0,1,0.9266470074653625,-0.007343786768615246,0.3758600354194641,0,-0.270755797624588,0.680570125579834,0.6808199286460876,0,-0.2607989013195038,-0.7326460480690002,0.6286599636077881,0,0,0.07527200132608414,0,1,-0.8972470164299011,-0.3468719720840454,-0.2731809616088867,0,0.38108202815055847,-0.9208649396896362,-0.08237189799547195,0,-0.2229900360107422,-0.17801210284233093,0.9584289193153381,0,0.0607369989156723,-0.029496999457478523,-0.00535999983549118,1,0.9935840368270874,-0.036869972944259644,0.10692000389099121,0,-0.05566396936774254,0.6635250449180603,0.7460809350013733,0,-0.09845199435949326,-0.7472450137138367,0.6572149395942688,0,0,0.15335899591445923,0,1,-0.9799747467041016,0.1982143074274063,-0.01895793154835701,0,0.05339967831969261,0.16989433765411377,-0.9840138554573059,0,-0.19182495772838593,-0.965321958065033,-0.17707675695419312,0,0,0.09668999910354614,0,1,0.9265319108963013,0.0005111887003295124,-0.37621620297431946,0,0.27399617433547974,0.6843469142913818,0.6757180094718933,0,0.25780776143074036,-0.729155957698822,0.6339291334152222,0,0,0.07397100329399109,0,1
K0.033,0.5428874492645264,-0.01244615763425827,0.8397124409675598,0,0.035815197974443436,0.9993240833282471,-0.008343184366822243,0,-0.8390414118766785,0.034603897482156754,0.5429664254188538,0,-0.003975283820182085,0.2981660068035126,0.001155572710558772,1,0.9997029304504395,-0.011671265587210655,-0.02141309157013893,0,0.011883731931447983,0.9998810291290283,0.009822234511375427,0,0.02129589207470417,-0.010073776356875896,0.9997220039367676,0,0,0.053141999989748,0.0032510000746697187,1,0.9998400211334229,-0.015868231654167175,-0.008250093087553978,0,0.015748778358101845,0.9997730255126953,-0.014348107390105724,0,0.008475900627672672,0.014215882867574692,0.9998630285263062,0,0,0.06211499869823456,0,1,0.9998340606689453,-0.01585373841226101,-0.00894906371831894,0,0.0157252736389637,0.9997749328613281,-0.014248042367398739,0,0.00917293131351471,0.014104947447776794,0.999858021736145,0,0,0.07098899781703949,0,1,0.9684959053993225,-0.009998977184295654,-0.24882841110229492,0,-0.06288103014230728,0.956995964050293,-0.2832031846046448,0,0.24095958471298218,0.28992775082588196,0.9262180924415588,0,0,0.07986199855804443,0,1,0.838735044002533,0.1964455395936966,-0.5078701376914978,0,-0.16899549961090088,0.9805128574371338,0.10017310082912445,0,0.5176518559455872,0.0018090980593115091,0.8555890321731567,0,0,0.04960700124502182,0.0009360000258311629,1,0.08365771174430847,-0.0008679075399413705,0.9964940547943115,0,-0.9198450446128845,-0.38467204570770264,0.07688786834478378,0,0.3832569420337677,-0.9230531454086304,-0.03297920525074005,0,-0.02656799927353859,0.06445500254631042,0.0010219999821856618,1,-0.8901182413101196,-0.08529454469680786,-0.44767671823501587,0,-0.35845035314559937,0.7376589775085449,0.5721648335456848,0,0.2814302444458008,0.6697642803192139,-0.6871775984764099,0,0,0.06136700138449669,0,1,0.13251890242099762,-0.9849139451980591,0.11127693951129913,0,0.9864959716796875,0.14196078479290009,0.0816863477230072,0,-0.09625107049942017,0.09894935041666031,0.9904270172119141,0,0,0.12568999826908112,0,1,0.17920219898223877,-0.14505010843276978,0.973061203956604,0,0.41224125027656555,0.909122884273529,0.059599362313747406,0,-0.8932769298553467,0.39045554399490356,0.2227124273777008,0,0,0.10690800100564957,0,1,0.8847548365592957,0.46498429775238037,0.031602758914232254,0,-0.4623197317123413,0.8842101097106934,-0.06658245623111725,0,-0.05890324339270592,0.04429854452610016,0.9972800016403198,0,-0.020052000880241394,0.009921999648213387,0,1,0.9459440112113953,-0.29432412981987,0.1362488865852356,0,0.1530379056930542,0.775439977645874,0.6125950813293457,0,-0.28595414757728577,-0.558629035949707,0.778564989566803,0,-0.0016319999704137444,0.017822999507188797,0,1,0.8754479885101318,-0.4590200185775757,-0.1513029783964157,0,0.4025759696960449,0.5193241834640503,0.753812849521637,0,-0.26743999123573303,-0.7208350300788879,0.639431893825531,0,-0.004317999817430973,0.032010000199079514,0,1,0.31173405051231384,0.8588200211524963,0.40650901198387146,0,-0.8305069804191589,0.038434095680713654,0.5556809306144714,0,0.461605966091156,-0.5108330249786377,0.7252370119094849,0,0,0.037307001650333405,0,1,-0.08601435273885727,0.7441582679748535,0.6624425649642944,0,-0.7636821269989014,-0.4762607216835022,0.43585020303726196,0,0.6398366689682007,-0.46840599179267883,0.6092654466629028,0,0.0012499999720603228,0.03654000163078308,0,1,0.10764774680137634,0.841376781463623,0.5296192169189453,0,-0.8157309889793396,-0.2297767549753189,0.530834972858429,0,0.5683262348175049,-0.48916977643966675,0.6616019010543823,0,0.0006210000137798488,0.03356099873781204,0,1,0.04792384058237076,-0.008099319413304329,-0.998818039894104,0,0.8801872134208679,-0.4723869860172272,0.046062469482421875,0,-0.4722016453742981,-0.8813543319702148,-0.015509783290326595,0,0.02656799927353859,0.06444499641656876,0.0008640000014565885,1,-0.6721160411834717,0.7388198971748352,-0.04903940483927727,0,0.6414201855659485,0.6140381693840027,0.45993152260780334,0,0.3699186444282532,0.27767252922058105,-0.8865989446640015,0,0,0.06136700138449669,0,1,-0.4914132356643677,0.8693498969078064,-0.05237904563546181,0,-0.8612539768218994,-0.47613778710365295,0.17757582664489746,0,0.1294359415769577,0.1323748230934143,0.9827118515968323,0,0,0.1256980001926422,0,1,-0.658734917640686,0.10361309349536896,-0.7452061176300049,0,-0.11756401509046555,0.9641298651695251,0.23797443509101868,0,0.7431330680847168,0.24437159299850464,-0.6229251027107239,0,0,0.10690099745988846,0,1,0.8650328516960144,-0.4869482219219208,-0.12082777172327042,0,0.48963576555252075,0.8718871474266052,-0.008383003063499928,0,0.1094302386045456,-0.05191000550985336,0.9926379919052124,0,0.021004000678658485,0.01056899968534708,0,1,0.952453076839447,0.19852006435394287,0.23113557696342468,0,-0.29489290714263916,0.7914159297943115,0.5354421138763428,0,-0.07662840932607651,-0.5781438946723938,0.8123289942741394,0,0.002191999927163124,0.018681999295949936,0,1,0.9775060415267944,0.20177584886550903,0.0613827146589756,0,-0.1701851487159729,0.5827212333679199,0.7946527004241943,0,0.12457270920276642,-0.7872241735458374,0.6039527654647827,0,0.0037169998977333307,0.030345000326633453,0,1,0.35978320240974426,-0.8465380072593689,-0.3923368453979492,0,0.7942442893981934,0.057210974395275116,0.6048998236656189,0,-0.48962491750717163,-0.5292443633079529,0.6929418444633484,0,0,0.043143998831510544,0,1,-0.058254219591617584,-0.7398092746734619,-0.6702896356582642,0,0.7444769740104675,-0.4795228838920593,0.46455517411231995,0,-0.6651016473770142,-0.47195306420326233,0.578705370426178,0,-0.00036199999158270657,0.035868000239133835,0,1,0.07373882830142975,-0.8102201223373413,-0.5814688205718994,0,0.803566038608551,-0.2970390319824219,0.5157989859580994,0,-0.5906298160552979,-0.5052831172943115,0.6291621327400208,0,-0.000014999999621068127,0.033337000757455826,0,1,-0.8759240508079529,0.2744726836681366,0.39676329493522644,0,-0.44535836577415466,-0.7762351036071777,-0.4462226331233978,0,0.1855057179927826,-0.5675592422485352,0.8021619319915771,0,-0.0607369989156723,-0.029496999457478523,-0.0024339999072253704,1,0.9922939538955688,0.0708240419626236,-0.10166504234075546,0,0.015367112122476101,0.7438411712646484,0.6681797504425049,0,0.1229458600282669,-0.6645931601524353,0.7370208501815796,0,0,0.1533450037240982,0,1,-0.9905929565429688,-0.1355791538953781,-0.018523989245295525,0,-0.07339096069335938,0.6406500339508057,-0.76431804895401,0,0.1154930368065834,-0.755768895149231,-0.6445739269256592,0,0,0.09672500193119049,0,1,0.9266471266746521,-0.007344114128500223,0.375859797000885,0,-0.2707551121711731,0.6805704832077026,0.6808194518089294,0,-0.2607991695404053,-0.732645571231842,0.6286604404449463,0,0,0.07527200132608414,0,1,-0.89667809009552,-0.34853869676589966,-0.2729286253452301,0,0.3830673098564148,-0.9199149012565613,-0.08376598358154297,0,-0.22187530994415283,-0.17966106534004211,0.958380937576294,0,0.0607369989156723,-0.029496999457478523,-0.00535999983549118,1,0.9932990074157715,-0.03972487151622772,0.10853427648544312,0,-0.05549485608935356,0.6598070859909058,0.7493829131126404,0,-0.10138078778982162,-0.7503840923309326,0.6531808972358704,0,0,0.15335899591445923,0,1,-0.980650007724762,0.19486691057682037,-0.01876872032880783,0,0.05175104737281799,0.1655772179365158,-0.9848379492759705,0,-0.1888047307729721,-0.9667530655860901,-0.17245793342590332,0,0,0.09668999910354614,0,1,0.926511824131012,0.0006188028492033482,-0.3762654662132263,0,0.2740578353404999,0.68408203125,0.6759620308876038,0,0.25781458616256714,-0.7294049263000488,0.6336401700973511,0,0,0.07397100329399109,0,1
K0.067,0.5387697815895081,-0.014577876776456833,0.8423266410827637,0,0.0372413769364357,0.9992849826812744,-0.006526067387312651,0,-0.8416289687156677,0.034885454922914505,0.5389273166656494,0,-0.003364482196047902,0.29822099208831787,0.0013232501223683357,1,0.9997169971466064,-0.011634916998445988,-0.020740952342748642,0,0.011853083036839962,0.999875009059906,0.010427041910588741,0,0.020617062225937843,-0.010669945739209652,0.9997310042381287,0,0,0.053141999989748,0.0032510000746697187,1,0.9998350143432617,-0.01637290231883526,-0.007927048951387405,0,0.016262086108326912,0.9997720122337341,-0.013847105205059052,0,0.008151955902576447,0.013715905137360096,0.9998729228973389,0,0,0.06211499869823456,0,1,0.9998289346694946,-0.016359927132725716,-0.008654054254293442,0,0.016240062192082405,0.9997739791870117,-0.013744455762207508,0,0.008876950480043888,0.013601552695035934,0.9998679757118225,0,0,0.07098899781703949,0,1,0.9682199954986572,-0.0073839048855006695,-0.2499920278787613,0,-0.0657968521118164,0.956833004951477,-0.2830929756164551,0,0.24129094183444977,0.29054495692253113,0.9259390234947205,0,0,0.07986199855804443,0,1,0.8364651799201965,0.19979369640350342,-0.5103018879890442,0,-0.17199528217315674,0.9798340201377869,0.10169783234596252,0,0.520330011844635,0.0027028238400816917,0.8539609909057617,0,0,0.04960700124502182,0.0009360000258311629,1,0.08388452976942062,-0.0010337471030652523,0.9964749813079834,0,-0.9213013052940369,-0.3811163902282715,0.07716099172830582,0,0.37969300150871277,-0.924526035785675,-0.03292221203446388,0,-0.02656799927353859,0.06445500254631042,0.0010219999821856618,1,-0.8913750052452087,-0.0789852887392044,-0.4463317394256592,0,-0.35475781559944153,0.7344861626625061,0.5785128474235535,0,0.28213024139404297,0.6740110516548157,-0.6827226877212524,0,0,0.06136700138449669,0,1,0.12102030962705612,-0.9863649606704712,0.11152973026037216,0,0.9879679083824158,0.13058708608150482,0.08286890387535095,0,-0.09630326181650162,0.10015891492366791,0.9902999997138977,0,0,0.12568999826908112,0,1,0.11479497700929642,-0.1444598287343979,0.9828288555145264,0,0.4429768919944763,0.8930001258850098,0.07951652258634567,0,-0.889153242111206,0.4262423515319824,0.16650429368019104,0,0,0.10690800100564957,0,1,0.8847540020942688,0.46498504281044006,0.03160284832119942,0,-0.4623209238052368,0.8842100501060486,-0.06658200174570084,0,-0.058903153985738754,0.04429800063371658,0.9972800016403198,0,-0.020052000880241394,0.009921999648213387,0,1,0.9459440112113953,-0.2943239212036133,0.136248379945755,0,0.15303808450698853,0.775439977645874,0.6125950217247009,0,-0.28595367074012756,-0.5586290955543518,0.7785651087760925,0,-0.0016319999704137444,0.017822999507188797,0,1,0.8754481077194214,-0.45901989936828613,-0.15130281448364258,0,0.4025760889053345,0.5193248391151428,0.7538130879402161,0,-0.2674398124217987,-0.7208349108695984,0.6394321322441101,0,-0.004317999817430973,0.032010000199079514,0,1,0.31173405051231384,0.8588200211524963,0.40650901198387146,0,-0.8305069804191589,0.038434095680713654,0.5556809306144714,0,0.461605966091156,-0.5108330249786377,0.7252370119094849,0,0,0.037307001650333405,0,1,-0.08601435273885727,0.7441582679748535,0.6624425649642944,0,-0.7636821269989014,-0.4762607216835022,0.43585020303726196,0,0.6398366689682007,-0.46840599179267883,0.6092654466629028,0,0.0012499999720603228,0.03654000163078308,0,1,0.10764731466770172,0.8413770198822021,0.5296198129653931,0,-0.8157309293746948,-0.22977744042873383,0.5308349132537842,0,0.5683268308639526,-0.489170104265213,0.6616021394729614,0,0.0006210000137798488,0.03356099873781204,0,1,0.047521233558654785,-0.007676847744733095,-0.9988409876823425,0,0.8841829299926758,-0.4649060070514679,0.04563937336206436,0,-0.46471741795539856,-0.8853267431259155,-0.015305167064070702,0,0.02656799927353859,0.06444499641656876,0.0008640000014565885,1,-0.6716137528419495,0.7392070293426514,-0.050077173858881,0,0.6394408941268921,0.6124560832977295,0.4647720158100128,0,0.37423276901245117,0.2801258862018585,-0.8840129971504211,0,0,0.06136700138449669,0,1,-0.49363502860069275,0.8681020140647888,-0.052189815789461136,0,-0.8599939942359924,-0.47833675146102905,0.17777466773986816,0,0.12936218082904816,0.13263867795467377,0.9826858639717102,0,0,0.1256980001926422,0,1,-0.6511180400848389,0.10930085927248001,-0.7510650157928467,0,-0.11535593867301941,0.9638280868530273,0.24026890099048615,0,0.7501589059829712,0.2430831342935562,-0.6149570941925049,0,0,0.10690099745988846,0,1,0.8650327920913696,-0.4869482219219208,-0.12082802504301071,0,0.4896358847618103,0.8718871474266052,-0.008382006548345089,0,0.1094299703836441,-0.05191100761294365,0.9926379919052124,0,0.021004000678658485,0.01056899968534708,0,1,0.952453076839447,0.19851991534233093,0.23113568127155304,0,-0.2948930561542511,0.7914160490036011,0.5354429483413696,0,-0.07662830501794815,-0.5781439542770386,0.8123279809951782,0,0.002191999927163124,0.018681999295949936,0,1,0.9775060415267944,0.20177584886550903,0.06138264015316963,0,-0.1701851487159729,0.5827216506004333,0.7946522235870361,0,0.12457263469696045,-0.7872238159179688,0.6039533019065857,0,0.0037169998977333307,0.030345000326633453,0,1,0.3597828447818756,-0.8465380668640137,-0.39233794808387756,0,0.7942437529563904,0.05720993131399155,0.6048991680145264,0,-0.4896249771118164,-0.5292447209358215,0.6929412484169006,0,0,0.043143998831510544,0,1,-0.05825512483716011,-0.7398089170455933,-0.670291006565094,0,0.7444754838943481,-0.4795246720314026,0.4645550847053528,0,-0.6651030778884888,-0.47195249795913696,0.5787043571472168,0,-0.00036199999158270657,0.035868000239133835,0,1,0.0737384632229805,-0.8102202415466309,-0.5814678072929382,0,0.8035669326782227,-0.29703885316848755,0.5157992243766785,0,-0.5906298160552979,-0.5052828192710876,0.6291633248329163,0,-0.000014999999621068127,0.033337000757455826,0,1,-0.8758920431137085,0.2761057913303375,0.39569970965385437,0,-0.44487613439559937,-0.7796357870101929,-0.4407421350479126,0,0.18681025505065918,-0.5620799660682678,0.8057098984718323,0,-0.0607369989156723,-0.029496999457478523,-0.0024339999072253704,1,0.9929199814796448,0.06550396233797073,-0.09909125417470932,0,0.01701590046286583,0.7471681237220764,0.6644168496131897,0,0.11755982041358948,-0.6613991856575012,0.740763783454895,0,0,0.1533450037240982,0,1,-0.9897570610046387,-0.14162002503871918,-0.018037719652056694,0,-0.07767287641763687,0.6401862502098083,-0.7642828226089478,0,0.11978524178266525,-0.7550531625747681,-0.6446288228034973,0,0,0.09672500193119049,0,1,0.9266470074653625,-0.007343786768615246,0.3758600354194641,0,-0.270755797624588,0.680570125579834,0.6808199286460876,0,-0.2607989013195038,-0.7326460480690002,0.6286599636077881,0,0,0.07527200132608414,0,1,-0.8966909646987915,-0.34928426146507263,-0.27192893624305725,0,0.3841947317123413,-0.9192211627960205,-0.08617860823869705,0,-0.21986208856105804,-0.18174931406974792,0.9584508538246155,0,0.0607369989156723,-0.029496999457478523,-0.00535999983549118,1,0.9928940534591675,-0.04225613549351692,0.11124876141548157,0,-0.056241147220134735,0.6572290062904358,0.7515899538993835,0,-0.10487517714500427,-0.752505898475647,0.6501821279525757,0,0,0.15335899591445923,0,1,-0.9812299609184265,0.19203022122383118,-0.01768498308956623,0,0.04958481714129448,0.16261279582977295,-0.9854429960250854,0,-0.1863590031862259,-0.9678229093551636,-0.16908225417137146,0,0,0.09668999910354614,0,1,0.9265041947364807,0.0006591854616999626,-0.37628355622291565,0,0.27408018708229065,0.6839837431907654,0.6760520935058594,0,0.25781741738319397,-0.7294968366622925,0.6335329413414001,0,0,0.07397100329399109,0,1
K0.100,0.5331935882568359,-0.016456956043839455,0.8458336591720581,0,0.03878864273428917,0.9992349743843079,-0.005009839311242104,0,-0.8451037406921387,0.035479944199323654,0.5334237813949585,0,-0.002790602622553706,0.2983289957046509,0.0014368912670761347,1,0.9997350573539734,-0.011157941073179245,-0.020139608532190323,0,0.011388060636818409,0.999871015548706,0.01134782936424017,0,0.020010391250252724,-0.011574171483516693,0.999733030796051,0,0,0.053141999989748,0.0032510000746697187,1,0.9998319745063782,-0.016654282808303833,-0.007645108737051487,0,0.016549719497561455,0.999770998954773,-0.013541897758841515,0,0.007868891581892967,0.01341310329735279,0.999879002571106,0,0,0.06211499869823456,0,1,0.9998260140419006,-0.016643786802887917,-0.008385127410292625,0,0.01653021201491356,0.9997730255126953,-0.013436967507004738,0,0.008606873452663422,0.013296033255755901,0.999875009059906,0,0,0.07098899781703949,0,1,0.9679520130157471,-0.00552133796736598,-0.2510751187801361,0,-0.06782733649015427,0.9568570256233215,-0.2825319468975067,0,0.24180291593074799,0.29050707817077637,0.92581707239151,0,0,0.07986199855804443,0,1,0.8343850374221802,0.2019319385290146,-0.5128589272499084,0,-0.17351007461547852,0.9793959856033325,0.1033366397023201,0,0.5231591463088989,0.0027636426966637373,0.8522309064865112,0,0,0.04960700124502182,0.0009360000258311629,1,0.08424467593431473,-0.0014821253716945648,0.9964439868927002,0,-0.9239099025726318,-0.37466728687286377,0.07755497843027115,0,0.3732199966907501,-0.9271579384803772,-0.032933082431554794,0,-0.02656799927353859,0.06445500254631042,0.0010219999821856618,1,-0.8908649682998657,-0.07198610156774521,-0.4485290050506592,0,-0.35266387462615967,0.7319547533988953,0.582984209060669,0,0.2863360047340393,0.6775397062301636,-0.6774592995643616,0,0,0.06136700138449669,0,1,0.10245094448328018,-0.9884240031242371,0.11190304160118103,0,0.990060031414032,0.11221896857023239,0.08478174358606339,0,-0.09635795652866364,0.10210475325584412,0.9900959730148315,0,0,0.12568999826908112,0,1,0.025341734290122986,-0.12519311904907227,0.9918090105056763,0,0.4677867591381073,0.8782890439033508,0.09891142696142197,0,-0.8834776878356934,0.46144840121269226,0.08082103729248047,0,0,0.10690800100564957,0,1,0.8847541809082031,0.4649846851825714,0.031602855771780014,0,-0.46232035756111145,0.8842098116874695,-0.06658197939395905,0,-0.05890314280986786,0.04429803043603897,0.9972800016403198,0,-0.020052000880241394,0.009921999648213387,0,1,0.9459440112113953,-0.2943238615989685,0.13624830543994904,0,0.1530381590127945,0.7754401564598083,0.612594723701477,0,-0.28595370054244995,-0.5586292147636414,0.7785658240318298,0,-0.0016319999704137444,0.017822999507188797,0,1,0.8754481077194214,-0.45901989936828613,-0.15130281448364258,0,0.4025760889053345,0.5193248391151428,0.7538130879402161,0,-0.2674398124217987,-0.7208349108695984,0.6394321322441101,0,-0.004317999817430973,0.032010000199079514,0,1,0.31173405051231384,0.8588200211524963,0.40650901198387146,0,-0.8305069804191589,0.038434095680713654,0.5556809306144714,0,0.461605966091156,-0.5108330249786377,0.7252370119094849,0,0,0.037307001650333405,0,1,-0.08601489663124084,0.7441580891609192,0.6624429821968079,0,-0.7636817097663879,-0.4762614369392395,0.43585005402565,0,0.6398370265960693,-0.4684057831764221,0.6092652082443237,0,0.0012499999720603228,0.03654000163078308,0,1,0.10764731466770172,0.8413770198822021,0.5296198129653931,0,-0.8157309293746948,-0.22977744042873383,0.5308349132537842,0,0.5683268308639526,-0.489170104265213,0.6616021394729614,0,0.0006210000137798488,0.03356099873781204,0,1,0.05215136706829071,-0.007177953142672777,-0.9986129403114319,0,0.8879839777946472,-0.45718586444854736,0.0496600940823555,0,-0.45690813660621643,-0.8893419504165649,-0.01746891438961029,0,0.02656799927353859,0.06444499641656876,0.0008640000014565885,1,-0.6653929948806763,0.7448350787162781,-0.0497189424932003,0,0.6440719366073608,0.6064959764480591,0.4661911427974701,0,0.3773900866508484,0.2781778872013092,-0.8832861185073853,0,0,0.06136700138449669,0,1,-0.49239787459373474,0.8687970042228699,-0.05229513719677925,0,-0.8606968522071838,-0.4771130084991455,0.1776634305715561,0,0.12940286099910736,0.13249143958091736,0.9827009439468384,0,0,0.1256980001926422,0,1,-0.645798921585083,0.11462504416704178,-0.7548539638519287,0,-0.11577005684375763,0.9625340700149536,0.24520595371723175,0,0.7546789646148682,0.24574308097362518,-0.6083329319953918,0,0,0.10690099745988846,0,1,0.8650330305099487,-0.4869488477706909,-0.1208278015255928,0,0.4896361231803894,0.8718869686126709,-0.00838301982730627,0,0.10943019390106201,-0.051910024136304855,0.9926379919052124,0,0.021004000678658485,0.01056899968534708,0,1,0.9524529576301575,0.19852039217948914,0.23113583028316498,0,-0.29489362239837646,0.7914161086082458,0.5354430079460144,0,-0.07662815600633621,-0.5781440138816833,0.8123279809951782,0,0.002191999927163124,0.018681999295949936,0,1,0.9775060415267944,0.20177584886550903,0.0613827146589756,0,-0.1701851487159729,0.5827212333679199,0.7946527004241943,0,0.12457270920276642,-0.7872241735458374,0.6039527654647827,0,0.0037169998977333307,0.030345000326633453,0,1,0.3597831130027771,-0.8465378880500793,-0.39233705401420593,0,0.7942440509796143,0.05721112713217735,0.6048988103866577,0,-0.4896240830421448,-0.5292441248893738,0.6929418444633484,0,0,0.043143998831510544,0,1,-0.05825456604361534,-0.7398090958595276,-0.6702898144721985,0,0.7444771528244019,-0.4795234799385071,0.4645552337169647,0,-0.6651018261909485,-0.4719529151916504,0.5787053108215332,0,-0.00036199999158270657,0.035868000239133835,0,1,0.07373834401369095,-0.8102203011512756,-0.5814687013626099,0,0.803567111492157,-0.2970392107963562,0.5157988667488098,0,-0.5906296968460083,-0.5052832365036011,0.6291630864143372,0,-0.000014999999621068127,0.033337000757455826,0,1,-0.875947117805481,0.27842268347740173,0.39395102858543396,0,-0.4444412589073181,-0.7833200097084045,-0.43460479378700256,0,0.1875859797000885,-0.5557791590690613,0.8098897933959961,0,-0.0607369989156723,-0.029496999457478523,-0.0024339999072253704,1,0.9937660694122314,0.058627720922231674,-0.0948290303349495,0,0.01876671239733696,0.7504679560661316,0.6606410145759583,0,0.10989797115325928,-0.6583019495010376,0.7446889877319336,0,0,0.1533450037240982,0,1,-0.9887420535087585,-0.14860212802886963,-0.017503056675195694,0,-0.0825328677892685,0.6392003297805786,-0.7645987868309021,0,0.12480894476175308,-0.7545462250709534,-0.6442687511444092,0,0,0.09672500193119049,0,1,0.9266470670700073,-0.007344266399741173,0.3758598268032074,0,-0.27075523138046265,0.6805700063705444,0.6808198690414429,0,-0.2607991099357605,-0.7326460480690002,0.6286599040031433,0,0,0.07527200132608414,0,1,-0.8972037434577942,-0.349290132522583,-0.27022430300712585,0,0.3846568167209625,-0.9186968803405762,-0.08964318782091141,0,-0.216942697763443,-0.18437178432941437,0.9586151242256165,0,0.0607369989156723,-0.029496999457478523,-0.00535999983549118,1,0.9924089908599854,-0.04342113435268402,0.11506392061710358,0,-0.05860813334584236,0.6555549502372742,0.7528700232505798,0,-0.10812107473611832,-0.7538979649543762,0.648033082485199,0,0,0.15335899591445923,0,1,-0.9816391468048096,0.1899896264076233,-0.017021004110574722,0,0.04820837825536728,0.16076496243476868,-0.9858149290084839,0,-0.18455800414085388,-0.9685339331626892,-0.1669720560312271,0,0,0.09668999910354614,0,1,0.926501989364624,0.0006709877052344382,-0.37628892064094543,0,0.27408701181411743,0.6839538812637329,0.6760790348052979,0,0.2578180432319641,-0.7295249700546265,0.6335011124610901,0,0,0.07397100329399109,0,1
