4.567,30,136,41
B0,mixamorig_Hips,-1,-0.9981690049171448,0.02625647373497486,-0.054484862834215164,0,0.025159481912851334,0.9994688630104065,0.020723415538668633,0,0.05500004068017006,0.019314659759402275,-0.9982993602752686,0,-0.0482768677175045,0.32707124948501587,-0.00486763846129179,1
B1,mixamorig_Spine,0,0.999958336353302,-0.007457684725522995,0.005257139913737774,0,0.0069287666119635105,0.9955192804336548,0.09430814534425735,0,-0.00593690387904644,-0.09426777809858322,0.995529294013977,0,0,0.053141999989748,0.0032510000746697187,1
B2,mixamorig_Spine1,1,0.9997492432594299,-0.01941569708287716,0.011134135536849499,0,0.018580542877316475,0.997320294380188,0.07075390219688416,0,-0.01247804332524538,-0.07052931934595108,0.9974315762519836,0,0,0.06211499869823456,0,1
B3,mixamorig_Spine2,2,0.9997463822364807,-0.019474133849143982,0.011302226223051548,0,0.018627498298883438,0.9973226189613342,0.07071351259946823,0,-0.0126490518450737,-0.07048505544662476,0.9974325895309448,0,0,0.07098899781703949,0,1
B4,mixamorig_Neck,3,0.9997150301933289,-0.02386007457971573,-0.000622281339019537,0,0.023484867066144943,0.9879791140556335,-0.1527928113937378,0,0.004260448273271322,0.15273462235927582,0.9882577061653137,0,0,0.07986199855804443,0,1
B5,mixamorig_Head,4,0.9994226098060608,0.007459943648427725,-0.03315562754869461,0,-0.008697557263076305,0.9992647171020508,-0.03734137862920761,0,0.032852672040462494,0.037608176469802856,0.9987522959709167,0,0,0.04960700124502182,0.0009360000258311629,1
B6,mixamorig_HeadTop_End,5,1,0,0,0,0,1,0,0,0,0,1,0,0,0.2702980041503906,0.005102999974042177,1
B7,mixamorig_LeftShoulder,3,0.15020230412483215,0.0049522328190505505,0.9886431097984314,0,-0.8883100748062134,-0.43828490376472473,0.13715432584285736,0,0.43398651480674744,-0.8988223075866699,-0.06143222749233246,0,-0.02656799927353859,0.06445500254631042,0.0010219999821856618,1
B8,mixamorig_LeftArm,7,-0.6832708716392517,-0.6292792558670044,0.37033674120903015,0,-0.14828430116176605,0.6162146925926208,0.773492693901062,0,-0.7149494290351868,0.4735896587371826,-0.5143535137176514,0,0,0.06136700138449669,0,1
B9,mixamorig_LeftForeArm,8,0.9998863339424133,-0.014987585134804249,0.0018570132087916136,0,0.014987815171480179,0.9998872876167297,-0.00011609034118009731,0,-0.0018550633685663342,0.00014390966680366546,0.9999979734420776,0,0,0.12568999826908112,0,1
B10,mixamorig_LeftHand,9,-0.7455552220344543,0.0025230657774955034,0.6664392352104187,0,-0.1529092639684677,0.9726676344871521,-0.17474420368671417,0,-0.6486650705337524,-0.23218628764152527,-0.724791944026947,0,0,0.10690800100564957,0,1
B11,mixamorig_LeftHandThumb1,10,0.8654235005378723,0.4946143627166748,0.07999391108751297,0,-0.46927160024642944,0.8560984134674072,-0.21651506423950195,0,-0.1755741685628891,0.149838387966156,0.9729963541030884,0,-0.020052000880241394,0.009921999648213387,0,1
B12,mixamorig_LeftHandThumb2,11,0.9992719888687134,-0.02905811369419098,0.02471139281988144,0,0.028639594092965126,0.9994430541992188,0.017125120386481285,0,-0.02519526332616806,-0.016404936090111732,0.999548077583313,0,-0.0016319999704137444,0.017822999507188797,0,1
B13,mixamorig_LeftHandThumb3,12,0.9614458680152893,0.27483800053596497,-0.009280085563659668,0,-0.2749590575695038,0.9602317214012146,-0.04850121960043907,0,-0.0044189454056322575,0.0491829477250576,0.9987801313400269,0,-0.004317999817430973,0.032010000199079514,0,1
B14,mixamorig_LeftHandThumb4,13,1,0,0,0,0,1,0,0,0,0,1,0,0.005948999896645546,0.03168400004506111,0,1
B15,mixamorig_LeftHandIndex1,10,0.8766553401947021,0.479632169008255,0.037801481783390045,0,-0.48111197352409363,0.8734974265098572,0.07438607513904572,0,0.0026584507431834936,-0.08339770138263702,0.9965130090713501,0,0,0.037307001650333405,0,1
B16,mixamorig_LeftHandIndex2,15,0.9998869895935059,-0.015003014355897903,-0.0006396510289050639,0,0.015003024600446224,0.9998870491981506,0.000015356481526396237,0,0.0006393489893525839,-0.000024951468731160276,1,0,0.0012499999720603228,0.03654000163078308,0,1
B17,mixamorig_LeftHandIndex3,16,0.9891625046730042,-0.14667871594429016,-0.006520239636301994,0,0.14642350375652313,0.9887702465057373,-0.029893366619944572,0,0.010831739753484726,0.028614679351449013,0.999531626701355,0,0.0006210000137798488,0.03356099873781204,0,1
B18,mixamorig_LeftHandIndex4,17,1,0,0,0,0,1,0,0,0,0,1,0,-0.0018710000440478325,0.02371099963784218,0,1
B19,mixamorig_RightShoulder,3,-0.0023815094027668238,-0.01761898212134838,-0.9998416304588318,0,0.9135847091674805,-0.40661749243736267,0.004989218898117542,0,-0.4066412150859833,-0.9134284853935242,0.01706487499177456,0,0.02656799927353859,0.06444499641656876,0.0008640000014565885,1
B20,mixamorig_RightArm,19,-0.8352726697921753,0.42282384634017944,-0.3514816462993622,0,0.08999010920524597,0.7357560396194458,0.6712411046028137,0,0.5424214601516724,0.5290395021438599,-0.6526069045066833,0,0,0.06136700138449669,0,1
B21,mixamorig_RightForeArm,20,0.9999833703041077,0.005727930925786495,-0.00032381946220993996,0,-0.005727881565690041,0.9999833703041077,0.0001509476569481194,0,0.00032467886921949685,-0.0001490904251113534,1,0,0,0.1256980001926422,0,1
B22,mixamorig_RightHand,21,-0.7368969917297363,-0.08587998151779175,-0.6705273389816284,0,0.055512022227048874,0.9808601140975952,-0.18663351237773895,0,0.6737214922904968,-0.17475199699401855,-0.7180253267288208,0,0,0.10690099745988846,0,1
B23,mixamorig_RightHandThumb1,22,0.9256117343902588,-0.3735390305519104,-0.06092626601457596,0,0.37542998790740967,0.9265684485435486,0.02286253124475479,0,0.04791230708360672,-0.04403537139296532,0.9978803396224976,0,0.021004000678658485,0.01056899968534708,0,1
B24,mixamorig_RightHandThumb2,23,0.9994049668312073,-0.019409989938139915,-0.02852821722626686,0,0.020162008702754974,0.9994500279426575,0.026314228773117065,0,0.028001779690384865,-0.026873769238591194,0.9992470145225525,0,0.002191999927163124,0.018681999295949936,0,1
B25,mixamorig_RightHandThumb3,24,0.9430537819862366,-0.33118873834609985,0.03102707304060459,0,0.3317124545574188,0.9293697476387024,-0.16198313236236572,0,0.02481137588620186,0.16305091977119446,0.9863053560256958,0,0.0037169998977333307,0.030345000326633453,0,1
B26,mixamorig_RightHandThumb4,25,1,0,0,0,0,1,0,0,0,0,1,0,-0.0059090000577270985,0.028519999235868454,0,1
B27,mixamorig_RightHandIndex1,22,0.9338151216506958,-0.35774514079093933,0.002666767220944166,0,0.34176892042160034,0.8942665457725525,0.28893226385116577,0,-0.10574893653392792,-0.2688979506492615,0.9573459625244141,0,0,0.043143998831510544,0,1
B28,mixamorig_RightHandIndex2,27,0.9999379515647888,0.011138999834656715,0.000056008353567449376,0,-0.011138999834656715,0.9999379515647888,0.0000011880983947776258,0,-0.000055991644330788404,-0.0000018119015976481023,1,0,-0.00036199999158270657,0.035868000239133835,0,1
B29,mixamorig_RightHandIndex3,28,0.9972883462905884,0.0735873281955719,-0.0010422985069453716,0,-0.07357794791460037,0.9966589212417603,-0.035464927554130554,0,-0.0015709524741396308,0.035445429384708405,0.9993700385093689,0,-0.000014999999621068127,0.033337000757455826,0,1
B30,mixamorig_RightHandIndex4,29,1,0,0,0,0,1,0,0,0,0,1,0,0.0003769999893847853,0.023305000737309456,0,1
B31,mixamorig_LeftUpLeg,0,-0.9838529825210571,0.133784219622612,0.11888820677995682,0,-0.15346795320510864,-0.9723915457725525,-0.17578916251659393,0,0.09208814054727554,-0.19119636714458466,0.9772226810455322,0,-0.0607369989156723,-0.029496999457478523,-0.0024339999072253704,1
B32,mixamorig_LeftLeg,31,0.9901848435401917,-0.10502062737941742,0.09221877157688141,0,0.03846488520503044,0.8391156196594238,0.5425912141799927,0,-0.134365513920784,-0.5337185859680176,0.8349193930625916,0,0,0.1533450037240982,0,1
B33,mixamorig_LeftFoot,32,-0.997981071472168,-0.04717634990811348,-0.04252347722649574,0,0.015440525487065315,0.4692273437976837,-0.8829426169395447,0,0.06160717457532883,-0.8818162679672241,-0.4675515294075012,0,0,0.09672500193119049,0,1
B34,mixamorig_LeftToeBase,33,0.9279949069023132,-7.277046734088799e-7,0.3725931942462921,0,-0.2664894163608551,0.6988887786865234,0.6637301445007324,0,-0.26040175557136536,-0.7152305245399475,0.6485652327537537,0,0,0.07527200132608414,0,1
B35,mixamorig_LeftToe_End,34,1,0,0,0,0,1,0,0,0,0,1,0,0,0.030131999403238297,0,1
B36,mixamorig_RightUpLeg,0,-0.9929513931274414,-0.071946881711483,-0.09418674558401108,0,0.08330754935741425,-0.9889230132102966,-0.12284545600414276,0,-0.08430510759353638,-0.12982606887817383,0.9879463911056519,0,0.0607369989156723,-0.029496999457478523,-0.00535999983549118,1
B37,mixamorig_RightLeg,36,0.9989096522331238,0.02331244945526123,0.04044549539685249,0,-0.03923219069838524,0.8887754678726196,0.45666104555130005,0,-0.025301078334450722,-0.4577499330043793,0.8887210488319397,0,0,0.15335899591445923,0,1
B38,mixamorig_RightFoot,37,-0.9981436133384705,-0.02305425889790058,0.056368667632341385,0,-0.060363683849573135,0.4971902072429657,-0.8655388951301575,0,-0.008071599528193474,-0.867335319519043,-0.49765923619270325,0,0,0.09668999910354614,0,1
B39,mixamorig_RightToeBase,38,0.9266260266304016,0.0000017737016833052621,-0.37598392367362976,0,0.273707777261734,0.6855981945991516,0.6745659112930298,0,0.25777506828308105,-0.7279800772666931,0.6352925896644592,0,0,0.07397100329399109,0,1
B40,mixamorig_RightToe_End,39,1,0,0,0,0,1,0,0,0,0,1,0,0,0.02930700033903122,0,1
@34,0,1,2,3,4,5,7,8,9,10,11,12,13,15,16,17,19,20,21,22,23,24,25,27,28,29,31,32,33,34,36,37,38,39
K0,0.998107373714447,0.02602708712220192,0.0557117722928524,0,-0.024910928681492805,0.9994770288467407,-0.02063632570207119,0,-0.05621974170207977,0.019209442660212517,0.9982338547706604,0,0.04828549921512604,0.32708001136779785,0.004959805868566036,1,0.9999589920043945,-0.007394874002784491,0.005187090486288071,0,0.006873125210404396,0.9955239295959473,0.09425925463438034,0,-0.005860908888280392,-0.09421974420547485,0.9955340623855591,0,0,0.053141999989748,0.0032510000746697187,1,0.9997519850730896,-0.019361132755875587,0.01096803043037653,0,0.01853886805474758,0.9973270297050476,0.07066991925239563,0,-0.012306967750191689,-0.07044908404350281,0.9974390268325806,0,0,0.06211499869823456,0,1,0.9997490048408508,-0.019417298957705498,0.011148675344884396,0,0.018582701683044434,0.9973300099372864,0.07062897831201553,0,-0.01249032560735941,-0.0704040378332138,0.997439980506897,0,0,0.07098899781703949,0,1,0.9997110366821289,-0.024040808901190758,-0.0003943673218600452,0,0.023699190467596054,0.9880080223083496,-0.15257373452186584,0,0.004057632759213448,0.15252023935317993,0.9882919788360596,0,0,0.07986199855804443,0,1,0.999455988407135,0.007042063865810633,-0.032213978469371796,0,-0.008249936625361443,0.9992619156837463,-0.03751730918884277,0,0.03192602097988129,0.03776268661022186,0.9987769722938538,0,0,0.04960700124502182,0.0009360000258311629,1,0.15007738769054413,0.004883261397480965,0.9886620044708252,0,-0.8886110782623291,-0.43770575523376465,0.13705170154571533,0,0.43341270089149475,-0.8991050720214844,-0.061350394040346146,0,-0.02656799927353859,0.06445500254631042,0.0010219999821856618,1,-0.6832358241081238,-0.6294623017311096,0.3700897991657257,0,-0.14786767959594727,0.6156039834022522,0.7740579843521118,0,-0.7150691151618958,0.47413986921310425,-0.5136798024177551,0,0,0.06136700138449669,0,1,0.9998869895935059,-0.014948885887861252,0.0018529725493863225,0,0.014949115924537182,0.999888002872467,-0.00011615645053097978,0,-0.001851027482189238,0.000143843557452783,0.9999979734420776,0,0,0.12568999826908112,0,1,-0.7474051117897034,0.001426928909495473,0.6643670201301575,0,-0.15349793434143066,0.9725699424743652,-0.1747722625732422,0,-0.6463930606842041,-0.2326047271490097,-0.7266850471496582,0,0,0.10690800100564957,0,1,0.8647069931030273,0.49591702222824097,0.0796751081943512,0,-0.4707109332084656,0.8554511070251465,-0.21594858169555664,0,-0.17525090277194977,0.14922843873500824,0.9731490015983582,0,-0.020052000880241394,0.009921999648213387,0,1,0.9992719888687134,-0.029055727645754814,0.024712126702070236,0,0.028637269511818886,0.999442994594574,0.017122073099017143,0,-0.02519587054848671,-0.016401929780840874,0.9995479583740234,0,-0.0016319999704137444,0.017822999507188797,0,1,0.9615480303764343,0.27448469400405884,-0.009132033213973045,0,-0.27460426092147827,0.960392951965332,-0.047308191657066345,0,-0.004215035121887922,0.04799681156873703,0.9988390803337097,0,-0.004317999817430973,0.032010000199079514,0,1,0.8762068152427673,0.4804263114929199,0.038101136684417725,0,-0.48192670941352844,0.8729931116104126,0.0750274509191513,0,0.002783136209473014,-0.08410154283046722,0.9964529871940613,0,0,0.037307001650333405,0,1,0.9998869895935059,-0.015000993385910988,-0.0006396610988304019,0,0.015001004561781883,0.9998869895935059,0.000016703152141417377,0,0.0006393389194272459,-0.000026296847863704897,1,0,0.0012499999720603228,0.03654000163078308,0,1,0.9891719818115234,-0.1466139405965805,-0.006525010801851749,0,0.14635905623435974,0.9887809157371521,-0.02985512651503086,0,0.010828988626599312,0.028576873242855072,0.9995330572128296,0,0.0006210000137798488,0.03356099873781204,0,1,-0.0024300317745655775,-0.01766170933842659,-0.999841034412384,0,0.913460910320282,-0.4068962037563324,0.004967532120645046,0,-0.4069195091724396,-0.9133041501045227,0.017122065648436546,0,0.02656799927353859,0.06444499641656876,0.0008640000014565885,1,-0.8354820609092712,0.4227593243122101,-0.35106077790260315,0,0.09044567495584488,0.7359330654144287,0.6709859371185303,0,0.5420231223106384,0.5288450717926025,-0.653096079826355,0,0,0.06136700138449669,0,1,0.9999839663505554,0.005649523809552193,-0.00031508191023021936,0,-0.005649476777762175,0.9999840259552002,0.00014889120939187706,0,0.0003159180632792413,-0.0001471088035032153,1,0,0,0.1256980001926422,0,1,-0.7371200919151306,-0.08508233726024628,-0.67038494348526,0,0.058328330516815186,0.9803289771080017,-0.1885538548231125,0,0.673240065574646,-0.17808914184570312,-0.7176570296287537,0,0,0.10690099745988846,0,1,0.9253061413764954,-0.37428364157676697,-0.06099197268486023,0,0.376152366399765,0.9262888431549072,0.022320451214909554,0,0.04814203083515167,-0.04359554871916771,0.9978890419006348,0,0.021004000678658485,0.01056899968534708,0,1,0.9994049668312073,-0.019409989938139915,-0.02852821722626686,0,0.020162008702754974,0.9994500279426575,0.026314228773117065,0,0.028001779690384865,-0.026873769238591194,0.9992470145225525,0,0.002191999927163124,0.018681999295949936,0,1,0.9430639743804932,-0.3311609923839569,0.031012674793601036,0,0.3316870331764221,0.9294080138206482,-0.16181890666484833,0,0.02476467378437519,0.16289207339286804,0.9863330125808716,0,0.0037169998977333307,0.030345000326633453,0,1,0.9337199926376343,-0.35799598693847656,0.0022530993446707726,0,0.34243595600128174,0.8949369788169861,0.2860518991947174,0,-0.10442190617322922,-0.266321063041687,0.9582120776176453,0,0,0.043143998831510544,0,1,0.9999379515647888,0.011138999834656715,0.000056008353567449376,0,-0.011138999834656715,0.9999379515647888,0.0000011880983947776258,0,-0.000055991644330788404,-0.0000018119015976481023,1,0,-0.00036199999158270657,0.035868000239133835,0,1,0.997295081615448,0.07350121438503265,-0.0010380962630733848,0,-0.07349178940057755,0.9966670870780945,-0.03541076183319092,0,-0.001568096224218607,0.03539123758673668,0.9993720054626465,0,-0.000014999999621068127,0.033337000757455826,0,1,-0.9838550090789795,0.13350903987884521,0.11918272078037262,0,-0.1532309353351593,-0.9724709987640381,-0.1755569726228714,0,0.09246326982975006,-0.1909850388765335,0.9772279262542725,0,-0.0607369989156723,-0.029496999457478523,-0.0024339999072253704,1,0.9902009963989258,-0.10495420545339584,0.09211978316307068,0,0.03854679316282272,0.8394519090652466,0.5420652031898499,0,-0.13422220945358276,-0.5332027673721313,0.8352720737457275,0,0,0.1533450037240982,0,1,-0.997986912727356,-0.04704948887228966,-0.042524032294750214,0,0.015470487996935844,0.4696580767631531,-0.8827130198478699,0,0.061502959579229355,-0.8815940618515015,-0.4679848253726959,0,0,0.09672500193119049,0,1,0.9279949069023132,-0.0000013142789612174965,0.3725931942462921,0,-0.26648929715156555,0.6988878846168518,0.6637309789657593,0,-0.26040175557136536,-0.7152310609817505,0.6485640406608582,0,0,0.07527200132608414,0,1,-0.9929540157318115,-0.07206664234399796,-0.09406697750091553,0,0.0834253653883934,-0.9888920783996582,-0.12301255762577057,0,-0.08415701240301132,-0.12999343872070312,0.9879369139671326,0,0.0607369989156723,-0.029496999457478523,-0.00535999983549118,1,0.9989129304885864,0.02348225563764572,0.04027387499809265,0,-0.03931274265050888,0.8886238932609558,0.45694923400878906,0,-0.02505812793970108,-0.45803576707839966,0.8885810375213623,0,0,0.15335899591445923,0,1,-0.9981451034545898,-0.023009277880191803,0.056372255086898804,0,-0.060344722121953964,0.4971539080142975,-0.8655611872673035,0,-0.008109750226140022,-0.8673570156097412,-0.497620165348053,0,0,0.09668999910354614,0,1,0.9266260266304016,0.0000018489896547180251,-0.37598398327827454,0,0.2737078070640564,0.6855980157852173,0.6745660305023193,0,0.2577750086784363,-0.7279798984527588,0.6352921724319458,0,0,0.07397100329399109,0,1
K0.034,0.9981079697608948,0.026370836421847343,0.05553624406456947,0,-0.025248773396015167,0.9994648098945618,-0.020810168236494064,0,-0.05605529248714447,0.019368570297956467,0.9982393980026245,0,0.04826446250081062,0.32706692814826965,0.004902391694486141,1,0.9999579191207886,-0.007488973438739777,0.005293100606650114,0,0.006956374738365412,0.995516836643219,0.0943334773182869,0,-0.005975830368697643,-0.09429266303777695,0.9955268502235413,0,0,0.053141999989748,0.0032510000746697187,1,0.9997479319572449,-0.019442807883024216,0.011219057254493237,0,0.01860104501247406,0.997316837310791,0.07079774141311646,0,-0.01256546936929226,-0.07057125866413116,0.9974277019500732,0,0,0.06211499869823456,0,1,0.9997449517250061,-0.01950240321457386,0.011381062678992748,0,0.018649572506546974,0.9973187446594238,0.07075762003660202,0,-0.012730499729514122,-0.07052736729383469,0.9974287152290344,0,0,0.07098899781703949,0,1,0.9997170567512512,-0.023771150037646294,-0.0007359064184129238,0,0.023379148915410042,0.9879645705223083,-0.15290194749832153,0,0.004361703991889954,0.1528414487838745,0.9882405996322632,0,0,0.07986199855804443,0,1,0.9994055032730103,0.007668625097721815,-0.033627476543188095,0,-0.008921009488403797,0.9992660880088806,-0.03725254535675049,0,0.033317096531391144,0.037530362606048584,0.9987396001815796,0,0,0.04960700124502182,0.0009360000258311629,1,0.15026512742042542,0.004986458923667669,0.9886336326599121,0,-0.8881609439849854,-0.4385714530944824,0.1372060626745224,0,0.43427029252052307,-0.8986822962760925,-0.061473164707422256,0,-0.02656799927353859,0.06445500254631042,0.0010219999821856618,1,-0.6832902431488037,-0.6291868090629578,0.37045803666114807,0,-0.14849163591861725,0.6165183782577515,0.7732111811637878,0,-0.714887797832489,0.47331738471984863,-0.5146894454956055,0,0,0.06136700138449669,0,1,0.9998860359191895,-0.015007087960839272,0.0018590500112622976,0,0.015007317997515202,0.9998869895935059,-0.00011607168562477455,0,-0.0018570974934846163,0.00014395777543541044,0.9999979734420776,0,0,0.12568999826908112,0,1,-0.744649350643158,0.0030513154342770576,0.6674492359161377,0,-0.1526225209236145,0.9727166295051575,-0.17472240328788757,0,-0.6497723460197449,-0.23197481036186218,-0.7238673567771912,0,0,0.10690800100564957,0,1,0.8657738566398621,0.493975967168808,0.08014882355928421,0,-0.4685700237751007,0.8564176559448242,-0.21677200496196747,0,-0.1757209748029709,0.15012016892433167,0.972926139831543,0,-0.020052000880241394,0.009921999648213387,0,1,0.9992719292640686,-0.029059330001473427,0.02471102401614189,0,0.028640778735280037,0.9994430541992188,0.017126688733696938,0,-0.025194961577653885,-0.016406483948230743,0.9995480179786682,0,-0.0016319999704137444,0.017822999507188797,0,1,0.9613962173461914,0.2750093340873718,-0.009352020919322968,0,-0.2751311659812927,0.9601529836654663,-0.049079779535532,0,-0.004518026486039162,0.04975814372301102,0.9987510442733765,0,-0.004317999817430973,0.032010000199079514,0,1,0.876872181892395,0.47924742102622986,0.037656720727682114,0,-0.480717271566391,0.8737409710884094,0.0740777924656868,0,0.002599374856799841,-0.08305899798870087,0.9965417385101318,0,0,0.037307001650333405,0,1,0.9998869895935059,-0.015004024840891361,-0.0006396459648385644,0,0.015004034154117107,0.9998869895935059,0.000014683775589219294,0,0.0006393539952114224,-0.00002427940853522159,1,0,0.0012499999720603228,0.03654000163078308,0,1,0.9891574382781982,-0.14671334624290466,-0.006517678499221802,0,0.14645794034004211,0.9887645244598389,-0.02991381660103798,0,0.010833203792572021,0.028634903952479362,0.9995309114456177,0,0.0006210000137798488,0.03356099873781204,0,1,-0.0023572416976094246,-0.017597565427422523,-0.9998419880867004,0,0.9136467576026917,-0.40647801756858826,0.005000113509595394,0,-0.4065018892288208,-0.9134907722473145,0.01703615114092827,0,0.02656799927353859,0.06444499641656876,0.0008640000014565885,1,-0.8351723551750183,0.4228504002094269,-0.351688414812088,0,0.08976098895072937,0.7356690764427185,0.6713671684265137,0,0.5426139831542969,0.5291391611099243,-0.6523656845092773,0,0,0.06136700138449669,0,1,0.999983012676239,0.005765428766608238,-0.00032799842301756144,0,-0.005765378940850496,0.999983012676239,0.00015193202125374228,0,0.00032886903500184417,-0.00015003852604422718,1,0,0,0.1256980001926422,0,1,-0.7367885708808899,-0.08627673983573914,-0.6705950498580933,0,0.05411912873387337,0.9811173677444458,-0.18568874895572662,0,0.673953115940094,-0.173105388879776,-0.7182068824768066,0,0,0.10690099745988846,0,1,0.925761878490448,-0.3731725513935089,-0.06089317426085472,0,0.3750745952129364,0.9267055988311768,0.023133091628551483,0,0.047797393053770065,-0.044255200773477554,0.9978758692741394,0,0.021004000678658485,0.01056899968534708,0,1,0.9994049668312073,-0.019409989938139915,-0.02852821722626686,0,0.020162008702754974,0.9994500279426575,0.026314228773117065,0,0.028001779690384865,-0.026873769238591194,0.9992470145225525,0,0.002191999927163124,0.018681999295949936,0,1,0.9430490732192993,-0.3312017619609833,0.03103349730372429,0,0.3317241668701172,0.9293515086174011,-0.16206161677837372,0,0.024834077805280685,0.16312670707702637,0.9862922430038452,0,0.0037169998977333307,0.030345000326633453,0,1,0.9338620901107788,-0.35762113332748413,0.0028716949746012688,0,0.3414372503757477,0.8939324617385864,0.29035481810569763,0,-0.10640409588813782,-0.27017080783843994,0.9569146037101746,0,0,0.043143998831510544,0,1,0.9999379515647888,0.011138999834656715,0.000056008353567449376,0,-0.011138999834656715,0.9999379515647888,0.0000011880983947776258,0,-0.000055991644330788404,-0.0000018119015976481023,1,0,-0.00036199999158270657,0.035868000239133835,0,1,0.9972850680351257,0.07362835854291916,-0.0010443045757710934,0,-0.07361901551485062,0.9966551065444946,-0.035490732640028,0,-0.001572311855852604,0.03547123447060585,0.9993690252304077,0,-0.000014999999621068127,0.033337000757455826,0,1,-0.9838520884513855,0.1339222490787506,0.11873837560415268,0,-0.15358653664588928,-0.9723513126373291,-0.1759074330329895,0,0.09189761430025101,-0.19130374491214752,0.9772198796272278,0,-0.0607369989156723,-0.029496999457478523,-0.0024339999072253704,1,0.9901772737503052,-0.10504863411188126,0.0922689437866211,0,0.038419246673583984,0.8389481902122498,0.5428532361984253,0,-0.13443486392498016,-0.5339760780334473,0.8347434401512146,0,0,0.1533450037240982,0,1,-0.9979780316352844,-0.047235142439603806,-0.0425238236784935,0,0.015428255312144756,0.4690128564834595,-0.8830567002296448,0,0.06165550649166107,-0.881926953792572,-0.4673355519771576,0,0,0.09672500193119049,0,1,0.9279949069023132,0,0.3725931644439697,0,-0.2664894461631775,0.6988891959190369,0.663729727268219,0,-0.26040175557136536,-0.7152302861213684,0.6485657691955566,0,0,0.07527200132608414,0,1,-0.9929500818252563,-0.07188738882541656,-0.09424521028995514,0,0.08324871957302094,-0.9889384508132935,-0.12276088446378708,0,-0.08437779545783997,-0.12974126636981964,0.9879514575004578,0,0.0607369989156723,-0.029496999457478523,-0.00535999983549118,1,0.9989081025123596,0.02322830818593502,0.04052680358290672,0,-0.03919041156768799,0.8888522386550903,0.4565148651599884,0,-0.025418275967240334,-0.4576047658920288,0.8887922167778015,0,0,0.15335899591445923,0,1,-0.9981428980827332,-0.023076502606272697,0.056366778910160065,0,-0.06037294864654541,0.4972088038921356,-0.8655275106430054,0,-0.00805271789431572,-0.8673242926597595,-0.497679203748703,0,0,0.09668999910354614,0,1,0.9266260266304016,0.0000017216086689586518,-0.3759838938713074,0,0.27370771765708923,0.6855983138084412,0.6745657920837402,0,0.25777512788772583,-0.7279800772666931,0.6352928876876831,0,0,0.07397100329399109,0,1
K0.067,0.998135507106781,0.026770900934934616,0.054847314953804016,0,-0.02564135193824768,0.99944669008255,-0.021195918321609497,0,-0.05538441613316536,0.019750049337744713,0.9982699751853943,0,0.04825157672166824,0.3270600736141205,0.004848974756896496,1,0.999955952167511,-0.0075945258140563965,0.005556285846978426,0,0.007035296410322189,0.9954959750175476,0.09454753249883652,0,-0.006249299272894859,-0.094504214823246,0.9955048561096191,0,0,0.053141999989748,0.0032510000746697187,1,0.999739944934845,-0.019524358212947845,0.011794419027864933,0,0.01863633282482624,0.9972866773605347,0.07121134549379349,0,-0.013152779079973698,-0.07097306102514267,0.9973916411399841,0,0,0.06211499869823456,0,1,0.9997369050979614,-0.019592033699154854,0.011958488263189793,0,0.018692729994654655,0.997288703918457,0.0711713433265686,0,-0.013320458121597767,-0.07092908769845963,0.9973926544189453,0,0,0.07098899781703949,0,1,0.9997199773788452,-0.023619966581463814,-0.0011264190543442965,0,0.023168282583355904,0.9879119992256165,-0.15327546000480652,0,0.004733165726065636,0.15320651233196259,0.9881829619407654,0,0,0.07986199855804443,0,1,0.9993312954902649,0.008436786010861397,-0.035584527999162674,0,-0.009747226722538471,0.9992750287055969,-0.03681483119726181,0,0.03524811193346977,0.03713703900575638,0.9986884593963623,0,0,0.04960700124502182,0.0009360000258311629,1,0.15056949853897095,0.005072937812656164,0.9885861873626709,0,-0.8877691030502319,-0.439281165599823,0.13746845722198486,0,0.43496477603912354,-0.8983350396156311,-0.06163879483938217,0,-0.02656799927353859,0.06445500254631042,0.0010219999821856618,1,-0.6836197376251221,-0.6287156343460083,0.37064966559410095,0,-0.1491578072309494,0.6174868941307068,0.7723098993301392,0,-0.7144342064857483,0.47268080711364746,-0.5159037709236145,0,0,0.06136700138449669,0,1,0.9998840093612671,-0.015103021636605263,0.0018691145814955235,0,0.01510327123105526,0.9998859167098999,-0.00011789931886596605,0,-0.0018671205034479499,0.00014611537335440516,0.9999979734420776,0,0,0.12568999826908112,0,1,-0.7440382838249207,0.002495118882507086,0.6681320667266846,0,-0.15254662930965424,0.972946286201477,-0.1735108494758606,0,-0.6504894495010376,-0.231019988656044,-0.7235285639762878,0,0,0.10690800100564957,0,1,0.8661738038063049,0.49328190088272095,0.08009973913431168,0,-0.4683375358581543,0.8571695685386658,-0.2142896056175232,0,-0.17436425387859344,0.14809834957122803,0.9734803438186646,0,-0.020052000880241394,0.009921999648213387,0,1,0.9992719888687134,-0.029066842049360275,0.02470981702208519,0,0.02864801697432995,0.999442994594574,0.01713857427239418,0,-0.025194214656949043,-0.016418209299445152,0.9995479583740234,0,-0.0016319999704137444,0.017822999507188797,0,1,0.9614076614379883,0.27497100830078125,-0.009327488020062447,0,-0.2750924229621887,0.9601730108261108,-0.04891015589237213,0,-0.00449287099763751,0.049588486552238464,0.9987595081329346,0,-0.004317999817430973,0.032010000199079514,0,1,0.8767518401145935,0.47945868968963623,0.037749987095594406,0,-0.48093464970588684,0.8735798597335815,0.07456567138433456,0,0.00277353310957551,-0.08353086560964584,0.996501088142395,0,0,0.037307001650333405,0,1,0.9998869895935059,-0.015008010901510715,-0.000639627396594733,0,0.015008018352091312,0.9998869895935059,0.000012193563634355087,0,0.0006393726216629148,-0.000021791742256027646,1,0,0.0012499999720603228,0.03654000163078308,0,1,0.989094614982605,-0.14714017510414124,-0.0064846668392419815,0,0.14688274264335632,0.9886935353279114,-0.03016769513487816,0,0.010850230231881142,0.028886225074529648,0.999523937702179,0,0.0006210000137798488,0.03356099873781204,0,1,-0.002269914373755455,-0.017506923526525497,-0.9998440146446228,0,0.9138960838317871,-0.4059179127216339,0.0050326986238360405,0,-0.40594252943992615,-0.9137417674064636,0.016920894384384155,0,0.02656799927353859,0.06444499641656876,0.0008640000014565885,1,-0.8353748917579651,0.4221806526184082,-0.3520124554634094,0,0.0887034460902214,0.7355384826660156,0.6716508865356445,0,0.5424765944480896,0.5298553705215454,-0.6518990993499756,0,0,0.06136700138449669,0,1,0.9999840259552002,0.005685524083673954,-0.00031913520069792867,0,-0.005685476120561361,0.999984085559845,0.0001499231584602967,0,0.00031998238409869373,-0.00014810626453254372,1,0,0,0.1256980001926422,0,1,-0.7368865013122559,-0.08757432550191879,-0.6703200936317444,0,0.05086543411016464,0.9815803170204163,-0.18415573239326477,0,0.6741005778312683,-0.16979804635047913,-0.7188590168952942,0,0,0.10690099745988846,0,1,0.9260192513465881,-0.37255674600601196,-0.060755714774131775,0,0.3744986355304718,0.9269134402275085,0.024114007130265236,0,0.04733145609498024,-0.045082975178956985,0.9978618025779724,0,0.021004000678658485,0.01056899968534708,0,1,0.9994049668312073,-0.019409989938139915,-0.02852821722626686,0,0.020162008702754974,0.9994500279426575,0.026314228773117065,0,0.028001779690384865,-0.026873769238591194,0.9992470145225525,0,0.002191999927163124,0.018681999295949936,0,1,0.9430762529373169,-0.33113136887550354,0.03095499984920025,0,0.33164680004119873,0.9294110536575317,-0.16188335418701172,0,0.024834750220179558,0.1629345715045929,0.9863247275352478,0,0.0037169998977333307,0.030345000326633453,0,1,0.9339937567710876,-0.35727450251579285,0.0033695294987410307,0,0.34060367941856384,0.8931818008422852,0.29362332820892334,0,-0.10791373997926712,-0.27309468388557434,0.9559152126312256,0,0,0.043143998831510544,0,1,0.9999379515647888,0.011138984933495522,0.000056008353567449376,0,-0.011138984933495522,0.9999379515647888,0.000001188098735838139,0,-0.000055991644330788404,-0.0000018119012565875892,1,0,-0.00036199999158270657,0.035868000239133835,0,1,0.9972931742668152,0.07351554930210114,-0.0010391749674454331,0,-0.07350616902112961,0.9966651797294617,-0.03541988134384155,0,-0.0015682043740525842,0.035400424152612686,0.999372124671936,0,-0.000014999999621068127,0.033337000757455826,0,1,-0.983882486820221,0.13451281189918518,0.1178220584988594,0,-0.15406173467636108,-0.9721422791481018,-0.17664816975593567,0,0.09077838063240051,-0.19195295870304108,0.9771972894668579,0,-0.0607369989156723,-0.029496999457478523,-0.0024339999072253704,1,0.9902123212814331,-0.10446666926145554,0.0925515815615654,0,0.037630435079336166,0.8384105563163757,0.5437382459640503,0,-0.13439881801605225,-0.5349338054656982,0.8341360688209534,0,0,0.1533450037240982,0,1,-0.997992992401123,-0.04685134068131447,-0.04261060059070587,0,0.01573481597006321,0.46829599142074585,-0.8834311366081238,0,0.061344295740127563,-0.8823283314704895,-0.46661877632141113,0,0,0.09672500193119049,0,1,0.9279950857162476,0,0.3725927472114563,0,-0.2664891183376312,0.6988898515701294,0.6637291312217712,0,-0.2604012191295624,-0.7152289152145386,0.6485660076141357,0,0,0.07527200132608414,0,1,-0.9929599165916443,-0.07170365005731583,-0.09427608549594879,0,0.08303030580282211,-0.9890141487121582,-0.12229868024587631,0,-0.08447114378213882,-0.12926547229290009,0.9880052804946899,0,0.0607369989156723,-0.029496999457478523,-0.00535999983549118,1,0.998925507068634,0.023003051057457924,0.04023345932364464,0,-0.03883170336484909,0.8892995715141296,0.4556748569011688,0,-0.025297675281763077,-0.4567473530769348,0.8892368078231812,0,0,0.15335899591445923,0,1,-0.9981428980827332,-0.023130513727664948,0.05634579062461853,0,-0.06038041040301323,0.49733853340148926,-0.8654521703720093,0,-0.008004589006304741,-0.8672483563423157,-0.4978121817111969,0,0,0.09668999910354614,0,1,0.9266260862350464,0,-0.37598374485969543,0,0.27370744943618774,0.6856015920639038,0.6745632290840149,0,0.2577752470970154,-0.7279770374298096,0.6352958083152771,0,0,0.07397100329399109,0,1
