4.567,30,136,41
B0,mixamorig_Hips,-1,0.9956613183021545,-0.08827216923236847,-0.02943461760878563,0,-0.028855035081505775,0.00783503893762827,-0.9995526671409607,0,0.08846333622932434,0.996065616607666,0.005253951530903578,0,-0.19954662024974823,0.10038981586694717,-0.8598178625106812,1
B1,mixamorig_Spine,0,0.9999282956123352,0.011550960130989552,0.0030856432858854532,0,-0.011324876919388771,0.997801661491394,-0.06530353426933289,0,-0.003833178663626313,0.06526390463113785,0.9978609085083008,0,0,0.142985999584198,-0.011126000434160233,1
B2,mixamorig_Spine1,1,0.9986095428466797,0.051650602370500565,0.010513709858059883,0,-0.05203978717327118,0.9978064298629761,0.04091056436300278,0,-0.008377596735954285,-0.041400838643312454,0.9991074800491333,0,0,0.16732099652290344,0,1
B3,mixamorig_Spine2,2,0.9986095428466797,0.05160832777619362,0.010718056932091713,0,-0.05200593173503876,0.9978093504905701,0.04089808464050293,0,-0.00858389399945736,-0.041398607194423676,0.9991055727005005,0,0,0.19122500717639923,0,1
B4,mixamorig_Neck,3,0.9962303042411804,-0.05385595187544823,-0.06799875199794769,0,0.05315963178873062,0.99851393699646,-0.012010226957499981,0,0.06854453682899475,0.008350164629518986,0.9976130127906799,0,0,0.21512800455093384,0,1
B5,mixamorig_Head,4,0.9515198469161987,-0.10246068984270096,-0.2900190055370331,0,0.06934661418199539,0.9900719523429871,-0.12226362526416779,0,0.2996670603752136,0.09622450172901154,0.9491791129112244,0,0,0.16556300222873688,-0.003220000071451068,1
B6,mixamorig_HeadTop_End,5,1,0,0,0,0,1,0,0,0,0,1,0,0,0.724498987197876,-0.014090999960899353,1
B7,mixamorig_LeftShoulder,3,0.11344107985496521,0.006666084285825491,-0.9935226440429688,0,0.9756476283073425,-0.18969297409057617,0.11012737452983856,0,-0.18773017823696136,-0.9818212389945984,-0.028022758662700653,0,0.07522899657487869,0.17196300625801086,-0.0032949999440461397,1
B8,mixamorig_LeftArm,7,0.42045509815216064,-0.0839008167386055,-0.9034256935119629,0,0.09551948308944702,0.994275689125061,-0.04788317158818245,0,0.9022716283798218,-0.06616202741861343,0.4260624349117279,0,0,0.16953399777412415,0,1
B9,mixamorig_LeftForeArm,8,0.9999949336051941,0.003095721360296011,0.00037406006595119834,0,-0.0030957148410379887,0.9999951124191284,-0.000018035467292065732,0,-0.0003741142281796783,0.000016877398593351245,1,0,0,0.32899999618530273,0,1
B10,mixamorig_LeftHand,9,0.44125163555145264,0.24259819090366364,-0.8639695644378662,0,-0.038257889449596405,0.9669749140739441,0.25198227167129517,0,0.8965675234794617,-0.0781339481472969,0.4359606206417084,0,0,0.30154600739479065,0,1
B11,mixamorig_LeftHandThumb1,10,0.8563194274902344,0.5133158564567566,0.05677596479654312,0,-0.5057536363601685,0.8557621240615845,-0.10901784151792526,0,-0.10454734414815903,0.06463946402072906,0.9924173951148987,0,-0.05599899962544441,0.03822999820113182,0,1
B12,mixamorig_LeftHandThumb2,11,0.9958739876747131,-0.09042269736528397,0.0076295845210552216,0,0.09026321768760681,0.995733916759491,0.019156770780682564,0,-0.009329239837825298,-0.018389051780104637,0.9997869729995728,0,-0.001740999985486269,0.05421600118279457,0,1
B13,mixamorig_LeftHandThumb3,12,0.9573034644126892,0.2879290282726288,-0.025821562856435776,0,-0.2889419496059418,0.9502010345458984,-0.11675110459327698,0,-0.009080353192985058,0.11922713369131088,0.9928252100944519,0,-0.012923000380396843,0.09067399799823761,0,1
B14,mixamorig_LeftHandThumb4,13,1,0,0,0,0,1,0,0,0,0,1,0,0.014663999900221825,0.08761399984359741,0,1
B15,mixamorig_LeftHandIndex1,10,0.9167073369026184,0.39954203367233276,-0.0036996924318373203,0,-0.3943587839603424,0.9062263369560242,0.15243250131607056,0,0.06425591558218002,-0.13827690482139587,0.9883067607879639,0,0,0.12702199816703796,0,1
B16,mixamorig_LeftHandIndex2,15,0.99972003698349,-0.02367899939417839,0.00040708351298235357,0,0.02367900125682354,0.9997199773788452,-0.0000022242184058995917,0,-0.00040691657341085374,0.00001186291774502024,1,0,0.003318999893963337,0.10109200328588486,0,1
B17,mixamorig_LeftHandIndex3,16,0.9908274412155151,-0.13508403301239014,-0.003682537470012903,0,0.1348581165075302,0.9901770949363708,-0.03693005442619324,0,0.0086350217461586,0.036094676703214645,0.9993114471435547,0,0.0007910000276751816,0.0893620029091835,0,1
B18,mixamorig_LeftHandIndex4,17,1,0,0,0,0,1,0,0,0,0,1,0,-0.004110000096261501,0.06229700148105621,0,1
B19,mixamorig_RightShoulder,3,-0.043426282703876495,0.00763750821352005,0.9990273714065552,0,-0.973036527633667,-0.22705663740634918,-0.04056066274642944,0,0.22652609646320343,-0.9738518595695496,0.017291806638240814,0,-0.07522899657487869,0.17197300493717194,-0.0034209999721497297,1
B20,mixamorig_RightArm,19,0.5352243185043335,0.08464045077562332,0.8404587507247925,0,-0.11407622694969177,0.9930949807167053,-0.02736557088792324,0,-0.8369720578193665,-0.08122968673706055,0.5411843061447144,0,0,0.16953399777412415,0,1
B21,mixamorig_RightForeArm,20,0.9323812127113342,-0.36147281527519226,-0.0014426953857764602,0,0.3614753782749176,0.9323669672012329,0.005214028991758823,0,-0.0005396081251092255,-0.005382962059229612,0.9999850392341614,0,0,0.32900699973106384,0,1
B22,mixamorig_RightHand,21,0.4474444091320038,0.10778225213289261,0.8877933025360107,0,-0.1741730123758316,0.984204888343811,-0.031704552471637726,0,-0.8771871328353882,-0.14044350385665894,0.45914945006370544,0,0,0.3015170097351074,0,1
B23,mixamorig_RightHandThumb1,22,0.8931626081466675,-0.44450393319129944,-0.06839106231927872,0,0.4430425763130188,0.8957751989364624,-0.03606553375720978,0,0.0772942379117012,0.0019122345838695765,0.997006356716156,0,0.05699099972844124,0.03990500047802925,0,1
B24,mixamorig_RightHandThumb2,23,0.9989950060844421,0.044286031275987625,-0.006923419423401356,0,-0.04407797008752823,0.9986420273780823,0.027764027938246727,0,0.00814358051866293,-0.027430972084403038,0.9995909929275513,0,0.0032889998983591795,0.05556099861860275,0,1
B25,mixamorig_RightHandThumb3,24,0.9486353397369385,-0.3143082857131958,0.03606512397527695,0,0.31612932682037354,0.9372789859771729,-0.14687111973762512,0,0.012359725311398506,0.15072838962078094,0.9884982109069824,0,0.011366999708116055,0.0851759985089302,0,1
B26,mixamorig_RightHandThumb4,25,1,0,0,0,0,1,0,0,0,0,1,0,-0.014655999839305878,0.08075200021266937,0,1
B27,mixamorig_RightHandIndex1,22,0.8902667760848999,-0.45543521642684937,-0.001765770954079926,0,0.44537410140037537,0.8697760701179504,0.21244286000728607,0,-0.09521813690662384,-0.18991726636886597,0.9771718382835388,0,0,0.14398999512195587,0,1
B28,mixamorig_RightHandIndex2,27,0.9973959922790527,0.07209409773349762,0.001816117437556386,0,-0.07209408283233643,0.9973980784416199,-0.00009003932791529223,0,-0.001817882526665926,-0.00004112645183340646,0.9999979734420776,0,-0.002196999965235591,0.09634800255298615,0,1
B29,mixamorig_RightHandIndex3,28,0.9993192553520203,-0.0367923304438591,-0.0025640022940933704,0,0.03671170026063919,0.9989749193191528,-0.026483964174985886,0,0.0035357815213501453,0.02637181058526039,0.9996457695960999,0,0.0045529999770224094,0.09323199838399887,0,1
B30,mixamorig_RightHandIndex4,29,1,0,0,0,0,1,0,0,0,0,1,0,-0.0023560000117868185,0.0715939998626709,0,1
B31,mixamorig_LeftUpLeg,0,-0.9536731243133545,-0.2291782945394516,0.19489632546901703,0,0.26914286613464355,-0.939401388168335,0.2123381495475769,0,0.13442252576351166,0.25495603680610657,0.9575631618499756,0,0.17039300501346588,-0.0793360024690628,0.0003910000086762011,1
B32,mixamorig_LeftLeg,31,0.9732531905174255,0.19588665664196014,0.12002773582935333,0,-0.1313828080892563,0.9031770825386047,-0.4086688756942749,0,-0.18845902383327484,0.38196861743927,0.9047557711601257,0,0,0.42589500546455383,0,1
B33,mixamorig_LeftFoot,32,0.9450067281723022,-0.12580561637878418,0.3018842041492462,0,-0.12236577272415161,0.7200014591217041,0.6830987930297852,0,-0.3032948672771454,-0.6824735403060913,0.6650122404098511,0,0,0.297417014837265,0,1
B34,mixamorig_LeftToeBase,33,0.9753109812736511,3.748345136500575e-7,0.2208339124917984,0,-0.15211763978004456,0.7249221801757812,0.6718249320983887,0,-0.16008718311786652,-0.688831090927124,0.7070247530937195,0,0,0.2033960074186325,0,1
B35,mixamorig_LeftToe_End,34,1,0,0,0,0,1,0,0,0,0,1,0,0,0.08330199867486954,0,1
B36,mixamorig_RightUpLeg,0,-0.9650722742080688,0.11783961206674576,-0.23398573696613312,0,-0.15184029936790466,-0.9794145226478577,0.13301260769367218,0,-0.21349482238292694,0.16389520466327667,0.9630982875823975,0,-0.17039300501346588,-0.0793360024690628,0.000019999999494757503,1
B37,mixamorig_RightLeg,36,0.9832122325897217,-0.18129588663578033,0.02063848450779915,0,0.1793287992477417,0.9392152428627014,-0.29277366399765015,0,0.033694665879011154,0.2915595471858978,0.955958902835846,0,0,0.4258970022201538,0,1
B38,mixamorig_RightFoot,37,0.9871450662612915,0.14461003243923187,-0.06805665791034698,0,-0.08943518251180649,0.8527175784111023,0.5146596431732178,0,0.13245810568332672,-0.5019572973251343,0.8546895384788513,0,0,0.29739299416542053,0,1
B39,mixamorig_RightToeBase,38,0.9748300313949585,-1.6217568088450207e-7,-0.22294996678829193,0,0.153568834066391,0.7249478697776794,0.6714663505554199,0,0.16162702441215515,-0.6888038516044617,0.7067010998725891,0,0,0.2031490057706833,0,1
B40,mixamorig_RightToe_End,39,1,0,0,0,0,1,0,0,0,0,1,0,0,0.08220300078392029,0,1
@34,0,1,2,3,4,5,7,8,9,10,11,12,13,15,16,17,19,20,21,22,23,24,25,27,28,29,31,32,33,34,36,37,38,39
K0,-0.3493393361568451,-0.00896864291280508,-0.019535325467586517,0,-0.008577929809689522,0.34982043504714966,-0.007207746151834726,0,0.019710008054971695,-0.006715365219861269,-0.3493800759315491,0,0.048682283610105515,0.3257414996623993,0.0012085458729416132,1,0.9999629855155945,0.0069907368160784245,0.005091263446956873,0,-0.006384261883795261,0.9938329458236694,-0.11069928854703903,0,-0.005833736155182123,0.11066271364688873,0.9938409924507141,0,0,0.142985999584198,-0.011126000434160233,1,0.9997519850730896,0.01917715184390545,0.011286911554634571,0,-0.018332844600081444,0.9973309636116028,-0.07067219913005829,0,-0.012612087652087212,0.07044780254364014,0.997435986995697,0,0,0.16732099652290344,0,1,0.9997490048408508,0.019229840487241745,0.011468177661299706,0,-0.0183731596916914,0.9973329901695251,-0.07063067704439163,0,-0.012795821763575077,0.07040230929851532,0.9974369406700134,0,0,0.19122500717639923,0,1,0.9997110366821289,0.024044465273618698,0.0000031000818125903606,0,-0.02369953878223896,0.9853480458259583,0.16890187561511993,0,0.0040581002831459045,-0.16885311901569366,0.9856330156326294,0,0,0.21512800455093384,0,1,0.999455988407135,-0.007042063865810633,-0.032213978469371796,0,0.008249936625361443,0.9992619156837463,0.03751730918884277,0,0.03192602097988129,-0.03776268661022186,0.9987769722938538,0,0,0.16556300222873688,-0.003220000071451068,1,-0.1567482203245163,0.005510795395821333,-0.9876229166984558,0,0.876213014125824,-0.4606410264968872,-0.14163637161254883,0,-0.45572036504745483,-0.887569785118103,0.067376047372818,0,0.07522899657487869,0.17196300625801086,-0.0032949999440461397,1,0.6667259931564331,0.6248518228530884,-0.40624722838401794,0,-0.05716916173696518,0.5863471627235413,0.8080398440361023,0,0.7431069016456604,-0.5155162215232849,0.42665502429008484,0,0,0.16953399777412415,0,1,0.9998869299888611,0.01503201574087143,0.00037385732866823673,0,-0.015031984075903893,0.9998869895935059,-0.0000883148968569003,0,-0.0003751426993403584,0.00008268510282505304,1,0,0,0.32899999618530273,0,1,0.77767413854599,0.015535132959485054,-0.6284758448600769,0,0.12123413383960724,0.9772239327430725,0.17417049407958984,0,0.6168671250343323,-0.21164050698280334,0.7580780386924744,0,0,0.30154600739479065,0,1,0.8377940058708191,0.5440590381622314,0.04583890363574028,0,-0.524375855922699,0.8251791000366211,-0.2100229561328888,0,-0.15209010243415833,0.15191905200481415,0.9766209721565247,0,-0.05599899962544441,0.03822999820113182,0,1,0.9958739876747131,-0.09042223542928696,0.007629717234522104,0,0.090262770652771,0.9957339763641357,0.01915585808455944,0,-0.009329281747341156,-0.018388137221336365,0.9997869729995728,0,-0.001740999985486269,0.05421600118279457,0,1,0.9639819860458374,0.2657651901245117,-0.010395035147666931,0,-0.26595786213874817,0.9628610610961914,-0.046526070684194565,0,-0.002356034703552723,0.0476149320602417,0.9988629817962646,0,-0.012923000380396843,0.09067399799823761,0,1,0.8754170536994934,0.4832419753074646,0.011097866110503674,0,-0.48242807388305664,0.8720499277114868,0.08241374790668488,0,0.030147863551974297,-0.07750025391578674,0.9965360164642334,0,0,0.12702199816703796,0,1,0.9997199773788452,-0.023670999333262444,0.0004070355207659304,0,0.023670997470617294,0.9997199177742004,0.0000018177222500526113,0,-0.00040696447831578553,0.000007817722689651418,1,0,0.003318999893963337,0.10109200328588486,0,1,0.9923459887504578,-0.12340725213289261,-0.004537178669124842,0,0.12321874499320984,0.9919290542602539,-0.02988690882921219,0,0.008188821375370026,0.02909909188747406,0.9995430111885071,0,0.0007910000276751816,0.0893620029091835,0,1,-0.011490209959447384,-0.01761549338698387,0.9997789263725281,0,-0.9011353254318237,-0.43316441774368286,-0.017988599836826324,0,0.4333856999874115,-0.9011431932449341,-0.01089682150632143,0,-0.07522899657487869,0.17197300493717194,-0.0034209999721497297,1,0.847422182559967,-0.39485567808151245,0.35491594672203064,0,0.024265339598059654,0.69659823179245,0.7170508503913879,0,-0.5303650498390198,-0.5990322232246399,0.5998937487602234,0,0,0.16953399777412415,0,1,0.9999840259552002,-0.005679980851709843,-0.00046723717241548,0,0.005680018570274115,0.9999839663505554,0.00008217371214414015,0,0.00046676283818669617,-0.00008482628618367016,1,0,0,0.32900699973106384,0,1,0.7036448121070862,-0.10011886060237885,0.703463077545166,0,-0.044776853173971176,0.9818079471588135,0.1845220923423767,0,-0.709139883518219,-0.16133691370487213,0.6863611936569214,0,0,0.3015170097351074,0,1,0.9047049880027771,-0.4202100932598114,-0.07023416459560394,0,0.421954870223999,0.906544029712677,0.011471766978502274,0,0.058849841356277466,-0.04001423344016075,0.9974650144577026,0,0.05699099972844124,0.03990500047802925,0,1,0.9989950060844421,0.04428603872656822,-0.006923919077962637,0,-0.04407796263694763,0.9986420273780823,0.027764039114117622,0,0.008144080638885498,-0.027430960908532143,0.9995909929275513,0,0.0032889998983591795,0.05556099861860275,0,1,0.9473200440406799,-0.3178497850894928,0.03944315016269684,0,0.31999221444129944,0.9339509606361389,-0.15918877720832825,0,0.013760147616267204,0.16342420876026154,0.9864599108695984,0,0.011366999708116055,0.0851759985089302,0,1,0.9258870482444763,-0.3773368299007416,0.0187038816511631,0,0.35718515515327454,0.8904219269752502,0.28207600116729736,0,-0.12309210747480392,-0.2544899582862854,0.9592099189758301,0,0,0.14398999512195587,0,1,0.9973959922790527,0.07209400832653046,0.0018161339685320854,0,-0.07209399342536926,0.9973980784416199,-0.00008958281250670552,0,-0.0018178661121055484,-0.000041582803532946855,0.9999979734420776,0,-0.002196999965235591,0.09634800255298615,0,1,0.9996809959411621,-0.025096450001001358,-0.0026871671434491873,0,0.024993550032377243,0.9991359710693359,-0.033191367983818054,0,0.003517832839861512,0.03311363607645035,0.9994450211524963,0,0.0045529999770224094,0.09323199838399887,0,1,-0.9917230010032654,-0.07007195055484772,0.10759105533361435,0,0.08981204777956009,-0.977419912815094,0.19127009809017181,0,0.09175896644592285,0.19934989511966705,0.9756230711936951,0,0.17039300501346588,-0.0793360024690628,0.0003910000086762011,1,0.966871976852417,0.24963608384132385,0.05329183116555214,0,-0.18290886282920837,0.8231769800186157,-0.5375160574913025,0,-0.1780521422624588,0.5099619626998901,0.8415679335594177,0,0,0.42589500546455383,0,1,0.9987560510635376,-0.04559580236673355,-0.020178884267807007,0,0.040243204683065414,0.49819520115852356,0.8661298751831055,0,-0.029438884928822517,-0.8658652305603027,0.4994107484817505,0,0,0.297417014837265,0,1,0.9753109812736511,0,0.22083500027656555,0,-0.15211829543113708,0.7249202132225037,0.6718267798423767,0,-0.16008800268173218,-0.6888332962989807,0.7070227861404419,0,0,0.2033960074186325,0,1,-0.9959640502929688,0.0077685401774942875,-0.08942007273435593,0,-0.021271459758281708,-0.9882950782775879,0.1510622650384903,0,-0.08719993382692337,0.15235476195812225,0.9844720363616943,0,-0.17039300501346588,-0.0793360024690628,0.000019999999494757503,1,0.9827049970626831,-0.1713060438632965,0.07031580805778503,0,0.18429294228553772,0.8677299618721008,-0.46160614490509033,0,0.018060807138681412,0.46658188104629517,0.8842939734458923,0,0,0.4258970022201538,0,1,0.999530017375946,-0.02684524841606617,0.01477220468223095,0,0.0007607504376210272,0.5036950707435608,0.8638809323310852,0,-0.03063179738819599,-0.8634640574455261,0.5034789443016052,0,0,0.29739299416542053,0,1,0.9748299717903137,0,-0.22295121848583221,0,0.15357081592082977,0.7249429225921631,0.6714710593223572,0,0.16162677109241486,-0.6888088583946228,0.7066960334777832,0,0,0.2031490057706833,0,1
K0.034,-0.34933948516845703,-0.009090179577469826,-0.019474053755402565,0,-0.00869739893823862,0.34981659054756165,-0.007268644403666258,0,0.019652631133794785,-0.00677100382745266,-0.34938231110572815,0,0.048660192638635635,0.3257281482219696,0.0011503821006044745,1,0.9999610185623169,0.0070878127589821815,0.005197952035814524,0,-0.006468506529927254,0.99382483959198,-0.11077255010604858,0,-0.005950987804681063,0.11073458939790726,0.9938317537307739,0,0,0.142985999584198,-0.011126000434160233,1,0.9997478723526001,0.019254805520176888,0.011539111845195293,0,-0.018390895798802376,0.997320830821991,-0.07079901546239853,0,-0.01287142001092434,0.07056897133588791,0.9974237084388733,0,0,0.16732099652290344,0,1,0.9997449517250061,0.019311433658003807,0.011702222749590874,0,-0.018436390906572342,0.9973227381706238,-0.07075938582420349,0,-0.013037363067269325,0.07052561640739441,0.9974247813224792,0,0,0.19122500717639923,0,1,0.9997170567512512,0.023780101910233498,-0.00034218261134810746,0,-0.023379232734441757,0.9852995872497559,0.1692296415567398,0,0.004361449740827084,-0.1691737174987793,0.9855765104293823,0,0,0.21512800455093384,0,1,0.9994055032730103,-0.007668633479624987,-0.033627476543188095,0,0.008921001106500626,0.9992660880088806,0.037252046167850494,0,0.033317096531391144,-0.03752986341714859,0.9987396597862244,0,0,0.16556300222873688,-0.003220000071451068,1,-0.1569504290819168,0.005619374103844166,-0.9875906705856323,0,0.8757379055023193,-0.4614923298358917,-0.14180035889148712,0,-0.4565623104572296,-0.8871262073516846,0.06751023977994919,0,0.07522899657487869,0.17196300625801086,-0.0032949999440461397,1,0.6667754054069519,0.624554455280304,-0.4066234529018402,0,-0.057820286601781845,0.5873214602470398,0.8072851896286011,0,0.7430123686790466,-0.5147668123245239,0.4277234673500061,0,0,0.16953399777412415,0,1,0.9998859167098999,0.015090716071426868,0.0003738547093234956,0,-0.015090682543814182,0.9998859167098999,-0.00008833324682200328,0,-0.00037514526047743857,0.00008268147939816117,1,0,0,0.32899999618530273,0,1,0.7749567031860352,0.01683841459453106,-0.6317903399467468,0,0.1207977905869484,0.9772695302963257,0.17421717941761017,0,0.6203626394271851,-0.21132953464984894,0.755307137966156,0,0,0.30154600739479065,0,1,0.8389641046524048,0.5422159433364868,0.0462767519056797,0,-0.5223392248153687,0.8262182474136353,-0.21100951731204987,0,-0.15264736115932465,0.1528571993112564,0.9763877987861633,0,-0.05599899962544441,0.03822999820113182,0,1,0.9958739280700684,-0.09042534232139587,0.007628984749317169,0,0.09026576578617096,0.9957330226898193,0.019160430878400803,0,-0.009329020977020264,-0.018392739817500114,0.9997869729995728,0,-0.001740999985486269,0.05421600118279457,0,1,0.9638219475746155,0.26632794737815857,-0.010759028606116772,0,-0.2665334939956665,0.9626162052154541,-0.048260096460580826,0,-0.0024961999151855707,0.04938183352351189,0.9987769722938538,0,-0.012923000380396843,0.09067399799823761,0,1,0.876078188419342,0.48205244541168213,0.010628762654960155,0,-0.4812363088130951,0.8727989792823792,0.08144915848970413,0,0.02998596988618374,-0.07647072523832321,0.9966207146644592,0,0,0.12702199816703796,0,1,0.9997199773788452,-0.02367403171956539,0.0004070535651408136,0,0.023674029856920242,0.9997199773788452,0,0,-0.00040694649214856327,0.000009336745279142633,1,0,0.003318999893963337,0.10109200328588486,0,1,0.9923335909843445,-0.12350600957870483,-0.004529976285994053,0,0.12331727892160416,0.9919155836105347,-0.029946504160761833,0,0.00819192174822092,0.029158277437090874,0.9995409250259399,0,0.0007910000276751816,0.0893620029091835,0,1,-0.01155661977827549,-0.017545094713568687,0.9997789263725281,0,-0.9013296961784363,-0.43275827169418335,-0.018013134598731995,0,0.4329788386821747,-0.9013389348983765,-0.010812630876898766,0,-0.07522899657487869,0.17197300493717194,-0.0034209999721497297,1,0.8471202850341797,-0.39491382241249084,0.3555687367916107,0,0.023513466119766235,0.6963176131248474,0.7173486351966858,0,-0.5308797955513,-0.599320113658905,0.5991507768630981,0,0,0.16953399777412415,0,1,0.999983012676239,-0.005797375924885273,-0.00046724776620976627,0,0.005797415506094694,0.999983012676239,0.00008413524483330548,0,0.00046675221528857946,-0.00008684267231728882,1,0,0,0.32900699973106384,0,1,0.7029215097427368,-0.10126633197069168,0.7040221095085144,0,-0.0405493825674057,0.9824981093406677,0.1818082332611084,0,-0.710110604763031,-0.15634438395500183,0.6865119934082031,0,0,0.3015170097351074,0,1,0.9052112698554993,-0.41910505294799805,-0.07031500339508057,0,0.42089805006980896,0.9070247411727905,0.012273261323571205,0,0.058633625507354736,-0.04070531949400902,0.9974488615989685,0,0.05699099972844124,0.03990500047802925,0,1,0.9989950060844421,0.04428603872656822,-0.006923919077962637,0,-0.04407796263694763,0.9986420273780823,0.027764039114117622,0,0.008144080638885498,-0.027430960908532143,0.9995909929275513,0,0.0032889998983591795,0.05556099861860275,0,1,0.9473053216934204,-0.3178902268409729,0.03948041796684265,0,0.3200346529483795,0.9338953495025635,-0.1594287008047104,0,0.01381024532020092,0.1636626422405243,0.9864192605018616,0,0.011366999708116055,0.0851759985089302,0,1,0.9260309934616089,-0.37697744369506836,0.018809806555509567,0,0.3562513589859009,0.8894093632698059,0.28641852736473083,0,-0.12470299005508423,-0.25853151082992554,0.9579197764396667,0,0,0.14398999512195587,0,1,0.9973959922790527,0.07209401577711105,0.0018161159241572022,0,-0.07209400087594986,0.9973980784416199,-0.00009008281631395221,0,-0.0018178841564804316,-0.00004108281063963659,0.9999979734420776,0,-0.002196999965235591,0.09634800255298615,0,1,0.9996849298477173,-0.024965927004814148,-0.0026888996362686157,0,0.02486276626586914,0.9991369843482971,-0.033266182988882065,0,0.0035171005874872208,0.033188849687576294,0.9994430541992188,0,0.0045529999770224094,0.09323199838399887,0,1,-0.9917435050010681,-0.07048870623111725,0.10712867230176926,0,0.09016120433807373,-0.9773216843605042,0.19160738587379456,0,0.09119300544261932,0.1996842324733734,0.9756076335906982,0,0.17039300501346588,-0.0793360024690628,0.0003910000086762011,1,0.9668430089950562,0.24972356855869293,0.053402867168188095,0,-0.18276134133338928,0.8227014541625977,-0.5382933020591736,0,-0.1783592402935028,0.510685384273529,0.8410634994506836,0,0,0.42589500546455383,0,1,0.9987500905990601,-0.04573914408683777,-0.02016136609017849,0,0.04027947038412094,0.4976027011871338,0.866469144821167,0,-0.029599197208881378,-0.8661980032920837,0.498822957277298,0,0,0.297417014837265,0,1,0.9753109812736511,0,0.22083494067192078,0,-0.15211813151836395,0.7249211668968201,0.6718258261680603,0,-0.16008806228637695,-0.6888322234153748,0.7070236802101135,0,0,0.2033960074186325,0,1,-0.9959478974342346,0.007629081141203642,-0.08961067348718643,0,-0.021142631769180298,-0.9883323311805725,0.15084022283554077,0,-0.08741432428359985,0.15212354063987732,0.9844885468482971,0,-0.17039300501346588,-0.0793360024690628,0.000019999999494757503,1,0.982751727104187,-0.17095495760440826,0.07051504403352737,0,0.18408271670341492,0.8679593205451965,-0.46125850081443787,0,0.017650246620178223,0.4662834703922272,0.8844589591026306,0,0,0.4258970022201538,0,1,0.9995279908180237,-0.0269657913595438,0.014750911854207516,0,0.0008392328163608909,0.5036762356758118,0.8638918399810791,0,-0.03072521463036537,-0.8634717464447021,0.5034611821174622,0,0,0.29739299416542053,0,1,0.9748300313949585,0,-0.22295105457305908,0,0.1535702794790268,0.7249430418014526,0.6714708805084229,0,0.161626935005188,-0.6888081431388855,0.7066958546638489,0,0,0.2031490057706833,0,1
K0.067,-0.34934917092323303,-0.009230044670403004,-0.019232796505093575,0,-0.008834646083414555,0.3498101830482483,-0.007403354160487652,0,0.01941760629415512,-0.006904118228703737,-0.34939271211624146,0,0.04864593595266342,0.3257237672805786,0.0010971183655783534,1,0.9999589920043945,0.0071936300955712795,0.0054610311053693295,0,-0.006543206516653299,0.993800938129425,-0.11098600924015045,0,-0.006225567776709795,0.1109456941485405,0.9938068985939026,0,0,0.142985999584198,-0.011126000434160233,1,0.999739944934845,0.019325915724039078,0.01211540400981903,0,-0.01841557025909424,0.9972907304763794,-0.0712130144238472,0,-0.013458840548992157,0.07097139954566956,0.9973875284194946,0,0,0.16732099652290344,0,1,0.9997369050979614,0.01939115673303604,0.012281528674066067,0,-0.018469398841261864,0.9972926378250122,-0.07117348164319992,0,-0.013628417626023293,0.0709279403090477,0.9973887205123901,0,0,0.19122500717639923,0,1,0.9997199177742004,0.023635195568203926,-0.0007354179979301989,0,-0.02316809631884098,0.9852398633956909,0.1696016490459442,0,0.004733137786388397,-0.16953733563423157,0.985512912273407,0,0,0.21512800455093384,0,1,0.9993312954902649,-0.008436801843345165,-0.035584527999162674,0,0.009747223928570747,0.9992750883102417,0.03681432828307152,0,0.03524811565876007,-0.037136536091566086,0.9986884593963623,0,0,0.16556300222873688,-0.003220000071451068,1,-0.15726658701896667,0.005710843950510025,-0.9875401258468628,0,0.8753283023834229,-0.46218639612197876,-0.14206956326961517,0,-0.4572387933731079,-0.8867642283439636,0.06768763065338135,0,0.07522899657487869,0.17196300625801086,-0.0032949999440461397,1,0.6671069860458374,0.6240690350532532,-0.4068249464035034,0,-0.05854298919439316,0.5883300304412842,0.8064994812011719,0,0.742658257484436,-0.5142043828964233,0.4290136694908142,0,0,0.16953399777412415,0,1,0.9998849630355835,0.015186178497970104,0.0003738431551028043,0,-0.015186145901679993,0.9998850226402283,-0.0000893511314643547,0,-0.0003751568729057908,0.00008366356632905081,1,0,0,0.32899999618530273,0,1,0.7743644118309021,0.0162399560213089,-0.6325308084487915,0,0.12083335220813751,0.9774776697158813,0.17302435636520386,0,0.6210946440696716,-0.21041472256183624,0.7549616098403931,0,0,0.30154600739479065,0,1,0.8393925428390503,0.5415220856666565,0.04661406949162483,0,-0.5219850540161133,0.8270623087882996,-0.20856638252735138,0,-0.15149612724781036,0.15073730051517487,0.9768969416618347,0,-0.05599899962544441,0.03822999820113182,0,1,0.9958730340003967,-0.0904337540268898,0.007628888823091984,0,0.09027408063411713,0.9957320094108582,0.01917179860174656,0,-0.009330111555755138,-0.018403995782136917,0.9997869729995728,0,-0.001740999985486269,0.05421600118279457,0,1,0.9638347029685974,0.26628634333610535,-0.010721961967647076,0,-0.26649051904678345,0.9626371264457703,-0.04809410870075226,0,-0.0024854454677551985,0.049212049692869186,0.9987853765487671,0,-0.012923000380396843,0.09067399799823761,0,1,0.8759607076644897,0.4822632670402527,0.010754067450761795,0,-0.4814409613609314,0.8726400136947632,0.081937275826931,0,0.030130894854664803,-0.07695125043392181,0.9965792298316956,0,0,0.12702199816703796,0,1,0.99972003698349,-0.023678015917539597,0.0004070831055287272,0,0.023678017780184746,0.9997199773788452,-0.0000021881996872252785,0,-0.0004069170099683106,0.000011826498848677147,1,0,0.003318999893963337,0.10109200328588486,0,1,0.9922806620597839,-0.12393255531787872,-0.004500685725361109,0,0.12374236434698105,0.991854727268219,-0.03020351752638817,0,0.008207225240767002,0.029413441196084023,0.999534010887146,0,0.0007910000276751816,0.0893620029091835,0,1,-0.011634433642029762,-0.017446324229240417,0.9997799396514893,0,-0.9015941023826599,-0.4322066605091095,-0.018033945932984352,0,0.4324263632297516,-0.9016058444976807,-0.01070098765194416,0,-0.07522899657487869,0.17197300493717194,-0.0034209999721497297,1,0.8473125696182251,-0.39420801401138306,0.35589534044265747,0,0.0224717166274786,0.6961279511451721,0.7175666689872742,0,-0.5306188464164734,-0.6000052690505981,0.5986960530281067,0,0,0.16953399777412415,0,1,0.9999840259552002,-0.005716480314731598,-0.0004672401992138475,0,0.0057165189646184444,0.9999840259552002,0.00008267254452221096,0,0.00046675981138832867,-0.00008534215157851577,1,0,0,0.32900699973106384,0,1,0.7027373313903809,-0.10256833583116531,0.7040163278579712,0,-0.03725302591919899,0.9828910827636719,0.18038302659988403,0,-0.7104732394218445,-0.15298867225646973,0.6868935823440552,0,0,0.3015170097351074,0,1,0.905498206615448,-0.4184776544570923,-0.07034797221422195,0,0.42032840847969055,0.9072747230529785,0.013254888355731964,0,0.05827813223004341,-0.04157157614827156,0.9974347949028015,0,0.05699099972844124,0.03990500047802925,0,1,0.9989950060844421,0.04428603872656822,-0.00692391162738204,0,-0.04407796263694763,0.9986420273780823,0.027764039114117622,0,0.008144073188304901,-0.027430960908532143,0.9995909929275513,0,0.0032889998983591795,0.05556099861860275,0,1,0.9473314881324768,-0.31782278418540955,0.03938726708292961,0,0.3199554979801178,0.9339519739151001,-0.15925687551498413,0,0.01382963452488184,0.16347111761569977,0.9864506125450134,0,0.011366999708116055,0.0851759985089302,0,1,0.9261667728424072,-0.376640647649765,0.018913643434643745,0,0.35546889901161194,0.8886537551879883,0.28971871733665466,0,-0.12592749297618866,-0.26160454750061035,0.9569253325462341,0,0,0.14398999512195587,0,1,0.9973959922790527,0.07209499925374985,0.001816116156987846,0,-0.07209497690200806,0.9973980188369751,-0.0000900763479876332,0,-0.001817883807234466,-0.00004109104338567704,0.9999979734420776,0,-0.002196999965235591,0.09634800255298615,0,1,0.9996818900108337,-0.02508215606212616,-0.002687787404283881,0,0.02497922256588936,0.9991370439529419,-0.03319959715008736,0,0.0035181832499802113,0.033121876418590546,0.9994450807571411,0,0.0045529999770224094,0.09323199838399887,0,1,-0.9918030500411987,-0.07109787315130234,0.10617087781429291,0,0.09063616394996643,-0.9771336913108826,0.19234178960323334,0,0.09006805717945099,0.2003880888223648,0.9755682349205017,0,0.17039300501346588,-0.0793360024690628,0.0003910000086762011,1,0.966978907585144,0.2491544634103775,0.05360861122608185,0,-0.18196386098861694,0.8222395777702332,-0.539268970489502,0,-0.17844034731388092,0.5117067098617554,0.8404251933097839,0,0,0.42589500546455383,0,1,0.998771071434021,-0.04533207416534424,-0.020052677020430565,0,0.03995859995484352,0.4969167411327362,0.8668779730796814,0,-0.029332850128412247,-0.8666132688522339,0.4981171190738678,0,0,0.297417014837265,0,1,0.9753108620643616,0,0.220834419131279,0,-0.15211792290210724,0.7249212265014648,0.6718257665634155,0,-0.16008758544921875,-0.68883216381073,0.7070238590240479,0,0,0.2033960074186325,0,1,-0.9959436655044556,0.007552697788923979,-0.08966168016195297,0,-0.021037103608250618,-0.9883990287780762,0.1504175215959549,0,-0.08748544007539749,0.15169356763362885,0.9845483303070068,0,-0.17039300501346588,-0.0793360024690628,0.000019999999494757503,1,0.9828578233718872,-0.17052321135997772,0.0700884610414505,0,0.1835159808397293,0.868431031703949,-0.460595965385437,0,0.017675306648015976,0.465562641620636,0.8848379254341125,0,0,0.4258970022201538,0,1,0.9995228052139282,-0.02714887261390686,0.014749123714864254,0,0.000934635812882334,0.5037209987640381,0.8638660311698914,0,-0.030882416293025017,-0.8634395599365234,0.5035057067871094,0,0,0.29739299416542053,0,1,0.9748300909996033,0,-0.22295068204402924,0,0.15356938540935516,0.7249459028244019,0.6714680790901184,0,0.16162730753421783,-0.6888052821159363,0.7066985964775085,0,0,0.2031490057706833,0,1
K0.101,-0.34935304522514343,-0.009387018159031868,-0.019084280356764793,0,-0.00898648053407669,0.3498031795024872,-0.00755356065928936,0,0.01927613839507103,-0.007049597799777985,-0.3493976294994354,0,0.048641446977853775,0.32573169469833374,0.0010431921109557152,1,0.9999570250511169,0.007301901001483202,0.005683255847543478,0,-0.006625760812312365,0.9937927722930908,-0.11104564368724823,0,-0.006458825431764126,0.11100324988365173,0.9937987923622131,0,0,0.142985999584198,-0.011126000434160233,1,0.9997328519821167,0.019391916692256927,0.012566616758704185,0,-0.01844531111419201,0.9972695708274841,-0.07150554656982422,0,-0.013918941840529442,0.0712546855211258,0.997361421585083,0,0,0.16732099652290344,0,1,0.9997298121452332,0.019459163770079613,0.012722150422632694,0,-0.01850186288356781,0.9972715973854065,-0.07146652042865753,0,-0.014078107662498951,0.07121177017688751,0.997361421585083,0,0,0.19122500717639923,0,1,0.9997169971466064,0.02376210317015648,-0.0009073822293430567,0,-0.023261789232492447,0.9851613640785217,0.17004774510860443,0,0.004934610333293676,-0.169978529214859,0.9854353666305542,0,0,0.21512800455093384,0,1,0.9992778301239014,-0.009306846186518669,-0.03682849556207657,0,0.010650718584656715,0.999278724193573,0.03646344318985939,0,0.036462560296058655,-0.03682934492826462,0.9986558556556702,0,0,0.16556300222873688,-0.003220000071451068,1,-0.15766039490699768,0.005812420509755611,-0.9874764084815979,0,0.8749340772628784,-0.4628273844718933,-0.14241616427898407,0,-0.4578585624694824,-0.8864294290542603,0.06788400560617447,0,0.07522899657487869,0.17196300625801086,-0.0032949999440461397,1,0.6675089597702026,0.6233436465263367,-0.4072771370410919,0,-0.05854514241218567,0.5892161130905151,0.80585116147995,0,0.7422966957092285,-0.5140690207481384,0.42980098724365234,0,0,0.16953399777412415,0,1,0.9998829960823059,0.015264347195625305,0.0003738359082490206,0,-0.015264313668012619,0.9998829960823059,-0.00008985838940134272,0,-0.00037516417796723545,0.00008414161129621789,1,0,0,0.32899999618530273,0,1,0.7748642563819885,0.014054727740585804,-0.6319715976715088,0,0.12171713262796402,0.9777273535728455,0.1709822714328766,0,0.6202990412712097,-0.20940981805324554,0.75589519739151,0,0,0.30154600739479065,0,1,0.8392832279205322,0.5416833162307739,0.046723607927560806,0,-0.5225615501403809,0.8274031281471252,-0.20574860274791718,0,-0.15010984241962433,0.14826539158821106,0.9774883985519409,0,-0.05599899962544441,0.03822999820113182,0,1,0.9958739876747131,-0.09042825549840927,0.007629169151186943,0,0.09026864171028137,0.9957330226898193,0.01916460320353508,0,-0.009329632855951786,-0.01839684695005417,0.9997869729995728,0,-0.001740999985486269,0.05421600118279457,0,1,0.9640198349952698,0.26562872529029846,-0.010310945101082325,0,-0.26581886410713196,0.9629204273223877,-0.04609912633895874,0,-0.002316633937880397,0.047181323170661926,0.9988836050033569,0,-0.012923000380396843,0.09067399799823761,0,1,0.8748318552970886,0.4842902719974518,0.011527275666594505,0,-0.48347726464271545,0.871379017829895,0.08336427807807922,0,0.030327850952744484,-0.07850281894207001,0.9964523911476135,0,0,0.12702199816703796,0,1,0.99972003698349,-0.023678889498114586,0.0004070881404913962,0,0.023678891360759735,0.9997199773788452,-0.0000026144964522245573,0,-0.0004069119459018111,0.000012253150998731144,1,0,0.003318999893963337,0.10109200328588486,0,1,0.9922598004341125,-0.12409809976816177,-0.004489001352339983,0,0.12390735745429993,0.9918308258056641,-0.030303606763482094,0,0.008212952874600887,0.029512841254472733,0.9995309114456177,0,0.0007910000276751816,0.0893620029091835,0,1,-0.011535783298313618,-0.017457932233810425,0.9997809529304504,0,-0.9015928506851196,-0.4322127401828766,-0.017950084060430527,0,0.432431697845459,-0.9016028642654419,-0.010753990150988102,0,-0.07522899657487869,0.17197300493717194,-0.0034209999721497297,1,0.8477027416229248,-0.39316457509994507,0.3561207354068756,0,0.021632298827171326,0.6963909268379211,0.7173367142677307,0,-0.5300304889678955,-0.6003844141960144,0.5988373756408691,0,0,0.16953399777412415,0,1,0.999983012676239,-0.005745127331465483,-0.0004672534705605358,0,0.005745165981352329,0.999983012676239,0.00008309226541314274,0,0.0004667686007451266,-0.00008577538392273709,1,0,0,0.32900699973106384,0,1,0.7028390169143677,-0.10319215059280396,0.7038238644599915,0,-0.036441925913095474,0.9828994870185852,0.18050017952919006,0,-0.7104144096374512,-0.15251129865646362,0.687059760093689,0,0,0.3015170097351074,0,1,0.9055070877075195,-0.4184598922729492,-0.07034599035978317,0,0.4203469753265381,0.9072573184967041,0.013879324309527874,0,0.058013949543237686,-0.04213753342628479,0.9974257946014404,0,0.05699099972844124,0.03990500047802925,0,1,0.9989950060844421,0.044286031275987625,-0.006923419423401356,0,-0.04407797008752823,0.9986420273780823,0.027764027938246727,0,0.00814358051866293,-0.027430972084403038,0.9995909929275513,0,0.0032889998983591795,0.05556099861860275,0,1,0.9473541975021362,-0.3177673816680908,0.03929097577929497,0,0.31988877058029175,0.9340196251869202,-0.15899302065372467,0,0.013824253343045712,0.16319142282009125,0.9864974617958069,0,0.011366999708116055,0.0851759985089302,0,1,0.9262917041778564,-0.3763272762298584,0.019005252048373222,0,0.3549790382385254,0.8884397745132446,0.2909710109233856,0,-0.12638536095619202,-0.2627775967121124,0.9565429091453552,0,0,0.14398999512195587,0,1,0.9973959922790527,0.07209400832653046,0.001816134317778051,0,-0.07209399342536926,0.9973980784416199,-0.00008957178215496242,0,-0.001817865646444261,-0.00004159383024671115,0.9999979734420776,0,-0.002196999965235591,0.09634800255298615,0,1,0.9996780753135681,-0.025226570665836334,-0.002685464918613434,0,0.02512393146753311,0.9991360306739807,-0.03311637043952942,0,0.0035185569431632757,0.03303823620080948,0.9994480013847351,0,0.0045529999770224094,0.09323199838399887,0,1,-0.9918056130409241,-0.07170150429010391,0.10573308914899826,0,0.09119139611721039,-0.9769760966300964,0.1928768754005432,0,0.08946915715932846,0.2009383589029312,0.9755091667175293,0,0.17039300501346588,-0.0793360024690628,0.0003910000086762011,1,0.9670419692993164,0.24889983236789703,0.05366082489490509,0,-0.18161708116531372,0.8219974040985107,-0.5397548675537109,0,-0.17845389246940613,0.5122196674346924,0.840110182762146,0,0,0.42589500546455383,0,1,0.9987753629684448,-0.045252133160829544,-0.02001297101378441,0,0.0398714542388916,0.4965382218360901,0.8670983910560608,0,-0.02930084429681301,-0.866834282875061,0.4977343678474426,0,0,0.297417014837265,0,1,0.9753108620643616,0,0.22083435952663422,0,-0.15211781859397888,0.7249221801757812,0.6718248724937439,0,-0.1600876748561859,-0.6888312101364136,0.707024872303009,0,0,0.2033960074186325,0,1,-0.9959844350814819,0.007322363089770079,-0.0892256423830986,0,-0.020709803327918053,-0.9884607195854187,0.15005522966384888,0,-0.08709726482629776,0.15130050480365753,0.9846429228782654,0,-0.17039300501346588,-0.0793360024690628,0.000019999999494757503,1,0.9829782247543335,-0.1702069193124771,0.06916360557079315,0,0.18282517790794373,0.8690541386604309,-0.4596948027610779,0,0.018136322498321533,0.4645147919654846,0.8853793144226074,0,0,0.4258970022201538,0,1,0.999515950679779,-0.02739592455327511,0.014768095687031746,0,0.001056190114468336,0.5040938258171082,0.8636482357978821,0,-0.031104937195777893,-0.8632142543792725,0.5038785934448242,0,0,0.29739299416542053,0,1,0.9748290181159973,0,-0.22295287251472473,0,0.15357424318790436,0.7249331474304199,0.6714817881584167,0,0.16162614524364471,-0.6888200044631958,0.7066860198974609,0,0,0.2031490057706833,0,1
