6.633,30,199,41
B0,mixamorig_Hips,-1,-0.9995915293693542,0.015073117800056934,-0.024296345189213753,0,0.013465642929077148,0.997793436050415,0.06501854211091995,0,0.025222741067409515,0.06466475874185562,-0.9975878000259399,0,0.0011352116707712412,0.3236177861690521,-0.003519416553899646,1
B1,mixamorig_Spine,0,0.9992868304252625,0.014187956228852272,-0.03499342128634453,0,-0.01311263907700777,0.9994404315948486,0.03076947294175625,0,0.03541041538119316,-0.030288688838481903,0.9989142417907715,0,0,0.053141999989748,0.0032510000746697187,1
B2,mixamorig_Spine1,1,0.9997657537460327,0.006193019449710846,-0.02073824033141136,0,-0.006683723069727421,0.9996972680091858,-0.023676710203289986,0,0.020585335791110992,0.023809779435396194,0.9995046854019165,0,0,0.06211499869823456,0,1
B3,mixamorig_Spine2,2,0.9997677206993103,0.0059795258566737175,-0.02069217897951603,0,-0.0064712874591350555,0.9996962547302246,-0.023780718445777893,0,0.02054370753467083,0.023909112438559532,0.9995032548904419,0,0,0.07098899781703949,0,1
B4,mixamorig_Neck,3,0.9998810887336731,0.007763044908642769,0.013324197381734848,0,-0.007879044860601425,0.9999314546585083,0.008675593882799149,0,-0.013255935162305832,-0.008779543451964855,0.999873697757721,0,0,0.07986199855804443,0,1
B5,mixamorig_Head,4,0.9960121512413025,-0.048108458518981934,0.07513869553804398,0,0.037238575518131256,0.9894658327102661,0.1398959904909134,0,-0.08107735216617584,-0.136540025472641,0.9873113632202148,0,0,0.04960700124502182,0.0009360000258311629,1
B6,mixamorig_HeadTop_End,5,1,0,0,0,0,1,0,0,0,0,1,0,0,0.2702980041503906,0.005102999974042177,1
B7,mixamorig_LeftShoulder,3,-0.1073097363114357,-0.04249140992760658,0.993317186832428,0,-0.9320147633552551,-0.3435627520084381,-0.11538379639387131,0,0.34616971015930176,-0.9381683468818665,-0.002735019428655505,0,-0.02656799927353859,0.06445500254631042,0.0010219999821856618,1
B8,mixamorig_LeftArm,7,-0.9722983837127686,0.05600430816411972,0.22693464159965515,0,0.18602319061756134,0.7732638716697693,0.6061830520629883,0,-0.1415315419435501,0.6316060423851013,-0.7622615694999695,0,0,0.06136700138449669,0,1
B9,mixamorig_LeftForeArm,8,0.8450556397438049,-0.5318726301193237,0.05470526963472366,0,0.532142162322998,0.8465873003005981,0.010728559456765652,0,-0.05201899632811546,0.02004474215209484,0.9984449148178101,0,0,0.12568999826908112,0,1
B10,mixamorig_LeftHand,9,-0.17280344665050507,0.08810456842184067,0.9810078740119934,0,-0.00983390025794506,0.9957873225212097,-0.09116414934396744,0,-0.9849073886871338,-0.025400614365935326,-0.17120909690856934,0,0,0.10690800100564957,0,1
B11,mixamorig_LeftHandThumb1,10,0.814620316028595,0.5671480298042297,-0.1213948056101799,0,-0.563208818435669,0.823513388633728,0.06798206269741058,0,0.13852620124816895,0.012991063296794891,0.9902740716934204,0,-0.020052000880241394,0.009921999648213387,0,1
B12,mixamorig_LeftHandThumb2,11,0.9504719972610474,-0.30811208486557007,-0.04087341949343681,0,0.3031598925590515,0.8900229334831238,0.3405190110206604,0,-0.06853973120450974,-0.33604493737220764,0.9393490552902222,0,-0.0016319999704137444,0.017822999507188797,0,1
B13,mixamorig_LeftHandThumb3,12,0.9987580180168152,-0.049329958856105804,0.006999813951551914,0,0.049149032682180405,0.9985030889511108,0.024018939584493637,0,-0.008174185641109943,-0.023645061999559402,0.9996870160102844,0,-0.004317999817430973,0.032010000199079514,0,1
B14,mixamorig_LeftHandThumb4,13,1,0,0,0,0,1,0,0,0,0,1,0,0.005948999896645546,0.03168400004506111,0,1
B15,mixamorig_LeftHandIndex1,10,0.9641269445419312,0.2653280794620514,-0.007721464615315199,0,-0.2624579071998596,0.957239031791687,0.12169299274682999,0,0.0396798811852932,-0.11530100554227829,0.9925379753112793,0,0,0.037307001650333405,0,1
B16,mixamorig_LeftHandIndex2,15,0.9459930062294006,0.32211607694625854,0.036578547209501266,0,-0.3229729235172272,0.9266809225082397,0.19222421944141388,0,0.02802189067006111,-0.1936567723751068,0.9806690812110901,0,0.0012499999720603228,0.03654000163078308,0,1
B17,mixamorig_LeftHandIndex3,16,0.9853019714355469,0.17081806063652039,-0.0011911910260096192,0,-0.1686709225177765,0.9739729166030884,0.15141625702381134,0,0.027024809271097183,-0.1489897519350052,0.9884690642356873,0,0.0006210000137798488,0.03356099873781204,0,1
B18,mixamorig_LeftHandIndex4,17,1,0,0,0,0,1,0,0,0,0,1,0,-0.0018710000440478325,0.02371099963784218,0,1
B19,mixamorig_RightShoulder,3,0.01538071595132351,0.0032298800069838762,-0.9998767971992493,0,0.8657692670822144,-0.5003067255020142,0.011701698414981365,0,-0.5002068877220154,-0.8658420443534851,-0.010491463355720043,0,0.02656799927353859,0.06444499641656876,0.0008640000014565885,1
B20,mixamorig_RightArm,19,-0.9226349592208862,0.10385274142026901,-0.3714286684989929,0,-0.09234531223773956,0.8755620718002319,0.4741974472999573,0,0.37445563077926636,0.4718109667301178,-0.7982340455055237,0,0,0.06136700138449669,0,1
B21,mixamorig_RightForeArm,20,0.7269337773323059,0.6839995980262756,-0.060922492295503616,0,-0.6825944185256958,0.7294261455535889,0.04474953934550285,0,0.07504712045192719,0.009055400267243385,0.9971386194229126,0,0,0.1256980001926422,0,1
B22,mixamorig_RightHand,21,-0.5791822075843811,-0.19173631072044373,-0.7923293113708496,0,-0.054034728556871414,0.9788384437561035,-0.19737108051776886,0,0.8134055137634277,-0.0715005174279213,-0.5772861242294312,0,0,0.10690099745988846,0,1
B23,mixamorig_RightHandThumb1,22,0.8160520792007446,-0.5662938952445984,0.11562897264957428,0,0.5645191073417664,0.8238579034805298,0.05075483396649361,0,-0.12400404363870621,0.023856183513998985,0.9919950366020203,0,0.021004000678658485,0.01056899968534708,0,1
B24,mixamorig_RightHandThumb2,23,0.9522939324378967,0.3023659884929657,0.04135408252477646,0,-0.2968316674232483,0.8862179517745972,0.355680912733078,0,0.07089708745479584,-0.3509880602359772,0.9336919188499451,0,0.002191999927163124,0.018681999295949936,0,1
B25,mixamorig_RightHandThumb3,24,0.9936450719833374,0.11220679432153702,-0.008856291882693768,0,-0.11065322160720825,0.9882269501686096,0.10565920174121857,0,0.020607709884643555,-0.1040077954530716,0.9943630695343018,0,0.0037169998977333307,0.030345000326633453,0,1
B26,mixamorig_RightHandThumb4,25,1,0,0,0,0,1,0,0,0,0,1,0,-0.0059090000577270985,0.028519999235868454,0,1
B27,mixamorig_RightHandIndex1,22,0.9721479415893555,-0.23414506018161774,0.010178172029554844,0,0.23152856528759003,0.9662089943885803,0.11328688263893127,0,-0.03635982796549797,-0.10777512937784195,0.9935100078582764,0,0,0.043143998831510544,0,1
B28,mixamorig_RightHandIndex2,27,0.9448160529136658,-0.3258577287197113,-0.03374330699443817,0,0.32606327533721924,0.9254158139228821,0.19310235977172852,0,-0.03169730678200722,-0.19344867765903473,0.9805980324745178,0,-0.00036199999158270657,0.035868000239133835,0,1
B29,mixamorig_RightHandIndex3,28,0.9687559604644775,-0.24741218984127045,-0.01728096231818199,0,0.2471248358488083,0.9570350050926208,0.15170009434223175,0,-0.02099396474659443,-0.15123091638088226,0.9882749915122986,0,-0.000014999999621068127,0.033337000757455826,0,1
B30,mixamorig_RightHandIndex4,29,1,0,0,0,0,1,0,0,0,0,1,0,0.0003769999893847853,0.023305000737309456,0,1
B31,mixamorig_LeftUpLeg,0,-0.9618048071861267,0.1593773066997528,0.22255533933639526,0,-0.21951189637184143,-0.9347997903823853,-0.27921926975250244,0,0.1635434478521347,-0.3174079358577728,0.9340800642967224,0,-0.0607369989156723,-0.029496999457478523,-0.0024339999072253704,1
B32,mixamorig_LeftLeg,31,0.9995909929275513,-0.028005501255393028,0.00578621169552207,0,0.019407011568546295,0.8129398822784424,0.5820242166519165,0,-0.0210037212818861,-0.5816738605499268,0.8131508827209473,0,0,0.1533450037240982,0,1
B33,mixamorig_LeftFoot,32,-0.9987435936927795,-0.031332649290561676,-0.039108287543058395,0,0.01884973794221878,0.48820793628692627,-0.8725236654281616,0,0.046431466937065125,-0.8721648454666138,-0.4870041012763977,0,0,0.09672500193119049,0,1
B34,mixamorig_LeftToeBase,33,0.9279950261116028,-2.920867530065152e-7,0.37259283661842346,0,-0.26648926734924316,0.6988899111747742,0.6637296676635742,0,-0.2604014575481415,-0.7152295708656311,0.6485660076141357,0,0,0.07527200132608414,0,1
B35,mixamorig_LeftToe_End,34,1,0,0,0,0,1,0,0,0,0,1,0,0,0.030131999403238297,0,1
B36,mixamorig_RightUpLeg,0,-0.973274827003479,-0.12199413776397705,-0.19455908238887787,0,0.1760377287864685,-0.9403992295265198,-0.2909650504589081,0,-0.14746718108654022,-0.3174387216567993,0.9367425441741943,0,0.0607369989156723,-0.029496999457478523,-0.00535999983549118,1
B37,mixamorig_RightLeg,36,0.9989909529685974,0.04459872841835022,-0.005254451185464859,0,-0.034564752131700516,0.8383335471153259,0.5440601706504822,0,0.028669388964772224,-0.5433297753334045,0.8390296101570129,0,0,0.15335899591445923,0,1
B38,mixamorig_RightFoot,37,-0.998192310333252,0.037641674280166626,0.04685230180621147,0,-0.01841714233160019,0.550483226776123,-0.8346433043479919,0,-0.05720878019928932,-0.8339974284172058,-0.5487948656082153,0,0,0.09668999910354614,0,1
B39,mixamorig_RightToeBase,38,0.9266260862350464,5.041100621383521e-7,-0.3759838044643402,0,0.2737075388431549,0.685600996017456,0.6745633482933044,0,0.2577751576900482,-0.7279773950576782,0.6352954506874084,0,0,0.07397100329399109,0,1
B40,mixamorig_RightToe_End,39,1,0,0,0,0,1,0,0,0,0,1,0,0,0.02930700033903122,0,1
@34,0,1,2,3,4,5,7,8,9,10,11,12,13,15,16,17,19,20,21,22,23,24,25,27,28,29,31,32,33,34,36,37,38,39
K0,0.9997193813323975,0.01620336063206196,0.017288032919168472,0,-0.014765169471502304,0.9966610670089722,-0.08030012995004654,0,-0.018531447276473045,0.08002236485481262,0.9966208934783936,0,-0.0005869506276212633,0.3232469856739044,0.0017503468552604318,1,0.9992370009422302,0.018092896789312363,-0.03461607173085213,0,-0.01753910444676876,0.9997140169143677,0.01623525656759739,0,0.03489993140101433,-0.015615742653608322,0.9992690682411194,0,0,0.053141999989748,0.0032510000746697187,1,0.9997529983520508,0.008226730860769749,-0.02063068002462387,0,-0.008658269420266151,0.9997439980506897,-0.020915774628520012,0,0.020453322678804398,0.021089227870106697,0.999567985534668,0,0,0.06211499869823456,0,1,0.9997550249099731,0.008474010974168777,-0.02044406160712242,0,-0.008902987465262413,0.9997400045394897,-0.02098405733704567,0,0.02026093751192093,0.02116093970835209,0.9995710253715515,0,0,0.07098899781703949,0,1,0.9998210072517395,0.014805037528276443,0.011808670125901699,0,-0.014745963737368584,0.9998779892921448,-0.005073020234704018,0,-0.011882331222295761,0.004897980485111475,0.9999169707298279,0,0,0.07986199855804443,0,1,0.9954209923744202,-0.056225161999464035,0.07729797065258026,0,0.041546840220689774,0.9828150868415833,0.1798539012670517,0,-0.08608202636241913,-0.17581908404827118,0.9806519746780396,0,0,0.04960700124502182,0.0009360000258311629,1,-0.13075798749923706,-0.04764961451292038,0.9902690649032593,0,-0.9096937775611877,-0.39134350419044495,-0.1389491856098175,0,0.3941560685634613,-0.9190099239349365,0.007824704982340336,0,-0.02656799927353859,0.06445500254631042,0.0010219999821856618,1,-0.9666589498519897,0.106688492000103,0.23278415203094482,0,0.22847750782966614,0.7698330879211426,0.595949113368988,0,-0.11562388390302658,0.6292648315429688,-0.7685410976409912,0,0,0.06136700138449669,0,1,0.8580039739608765,-0.5109519958496094,0.05250493064522743,0,0.5111989378929138,0.8594080805778503,0.00962886679917574,0,-0.05004306510090828,0.018578866496682167,0.9985740184783936,0,0,0.12568999826908112,0,1,-0.16275495290756226,0.09721633046865463,0.9818649888038635,0,-0.02545667625963688,0.994388997554779,-0.10267607867717743,0,-0.9863380193710327,-0.04170607775449753,-0.15936699509620667,0,0,0.10690800100564957,0,1,0.8146209716796875,0.5671481490135193,-0.12139485031366348,0,-0.5632089376449585,0.8235140442848206,0.06798204779624939,0,0.13852615654468536,0.012991049326956272,0.9902740716934204,0,-0.020052000880241394,0.009921999648213387,0,1,0.9504719972610474,-0.30811214447021484,-0.040873076766729355,0,0.30315983295440674,0.8900229334831238,0.3405190706253052,0,-0.0685400739312172,-0.33604487776756287,0.9393490552902222,0,-0.0016319999704137444,0.017822999507188797,0,1,0.9987580180168152,-0.049329958856105804,0.006999813951551914,0,0.049149032682180405,0.9985030889511108,0.024018939584493637,0,-0.008174185641109943,-0.023645061999559402,0.9996870160102844,0,-0.004317999817430973,0.032010000199079514,0,1,0.9641269445419312,0.2653281092643738,-0.007721793372184038,0,-0.26245787739753723,0.957239031791687,0.12169304490089417,0,0.03968021273612976,-0.1153009682893753,0.9925379753112793,0,0,0.037307001650333405,0,1,0.9459930062294006,0.32211601734161377,0.03657879680395126,0,-0.32297295331954956,0.9266810417175293,0.19222472608089447,0,0.0280217956751585,-0.1936572790145874,0.9806689620018005,0,0.0012499999720603228,0.03654000163078308,0,1,0.9853019714355469,0.17081806063652039,-0.0011911910260096192,0,-0.1686709225177765,0.9739729166030884,0.15141625702381134,0,0.027024809271097183,-0.1489897519350052,0.9884690642356873,0,0.0006210000137798488,0.03356099873781204,0,1,-0.01280173473060131,0.0005194323603063822,-0.9999181032180786,0,0.8590692281723022,-0.5117358565330505,-0.011264280416071415,0,-0.511699378490448,-0.8591424226760864,0.006104820873588324,0,0.02656799927353859,0.06444499641656876,0.0008640000014565885,1,-0.9173320531845093,0.08260897547006607,-0.3894590437412262,0,-0.12849396467208862,0.8644531965255737,0.4860157072544098,0,0.3768179416656494,0.4958803057670593,-0.782374918460846,0,0,0.06136700138449669,0,1,0.735511839389801,0.6748292446136475,-0.0602300725877285,0,-0.6734678149223328,0.737925112247467,0.043663788586854935,0,0.0739109218120575,0.008447786793112755,0.9972289800643921,0,0,0.1256980001926422,0,1,-0.5834587216377258,-0.19663609564304352,-0.7879782319068909,0,-0.04201791435480118,0.9762560725212097,-0.2125077247619629,0,0.8110548853874207,-0.09088024497032166,-0.5778670907020569,0,0,0.10690099745988846,0,1,0.8160520792007446,-0.5662938952445984,0.1156289204955101,0,0.5645191073417664,0.8238579034805298,0.050755009055137634,0,-0.12400409579277039,0.023856010288000107,0.9919950366020203,0,0.021004000678658485,0.01056899968534708,0,1,0.9522939920425415,0.3023660182952881,0.04135461524128914,0,-0.2968319356441498,0.8862180709838867,0.3556808829307556,0,0.07089661061763763,-0.35098811984062195,0.9336919188499451,0,0.002191999927163124,0.018681999295949936,0,1,0.9936450719833374,0.11220679432153702,-0.008856291882693768,0,-0.11065322160720825,0.9882269501686096,0.10565920174121857,0,0.020607709884643555,-0.1040077954530716,0.9943630695343018,0,0.0037169998977333307,0.030345000326633453,0,1,0.9721479415893555,-0.23414526879787445,0.01017866563051939,0,0.23152871429920197,0.9662090539932251,0.11328693479299545,0,-0.03636033460497856,-0.10777506232261658,0.9935100078582764,0,0,0.043143998831510544,0,1,0.9448170065879822,-0.32585790753364563,-0.03374330699443817,0,0.3260630965232849,0.9254158735275269,0.1931023746728897,0,-0.03169730678200722,-0.19344867765903473,0.9805980324745178,0,-0.00036199999158270657,0.035868000239133835,0,1,0.9687559604644775,-0.24741218984127045,-0.01728096231818199,0,0.2471248358488083,0.9570350050926208,0.15170009434223175,0,-0.02099396474659443,-0.15123091638088226,0.9882749915122986,0,-0.000014999999621068127,0.033337000757455826,0,1,-0.9591391086578369,0.16323310136795044,0.23109877109527588,0,-0.2289569228887558,-0.9276561737060547,-0.2950138747692108,0,0.16622422635555267,-0.3358711302280426,0.9271249175071716,0,-0.0607369989156723,-0.029496999457478523,-0.0024339999072253704,1,0.9999430179595947,-0.01042082067579031,-0.002325109438970685,0,0.009788179770112038,0.8077060580253601,0.5895039439201355,0,-0.004265109542757273,-0.5894930362701416,0.8077619671821594,0,0,0.1533450037240982,0,1,-0.9988868832588196,-0.023686643689870834,-0.0407833531498909,0,0.02433864399790764,0.4818030893802643,-0.8759419918060303,0,0.04039764404296875,-0.8759589791297913,-0.4806898832321167,0,0,0.09672500193119049,0,1,0.9279949069023132,0,0.3725931942462921,0,-0.26648926734924316,0.698889970779419,0.6637289524078369,0,-0.26040175557136536,-0.7152290344238281,0.6485660076141357,0,0,0.07527200132608414,0,1,-0.9759249687194824,-0.1153830960392952,-0.18508832156658173,0,0.16843289136886597,-0.9378389716148376,-0.3034610450267792,0,-0.1385686695575714,-0.3273299038410187,0.9346940517425537,0,0.0607369989156723,-0.029496999457478523,-0.00535999983549118,1,0.9978919625282288,0.06296137720346451,-0.015712203457951546,0,-0.043726615607738495,0.8313090801239014,0.5540869235992432,0,0.04794779047369957,-0.552232027053833,0.8323100209236145,0,0,0.15335899591445923,0,1,-0.9976120591163635,0.050753287971019745,0.046838100999593735,0,-0.012071285396814346,0.5396127700805664,-0.8418270945549011,0,-0.06799990683794022,-0.8403818607330322,-0.5377113223075867,0,0,0.09668999910354614,0,1,0.9266262054443359,0,-0.3759835660457611,0,0.27370691299438477,0.6856010556221008,0.674562931060791,0,0.25777536630630493,-0.7279770374298096,0.6352957487106323,0,0,0.07397100329399109,0,1
K0.033,0.9997338056564331,0.015889929607510567,0.016713321208953857,0,-0.01450285129249096,0.9966839551925659,-0.08007046580314636,0,-0.017930200323462486,0.07980673760175705,0.9966485500335693,0,-0.0006039876025170088,0.3232420086860657,0.0017833281308412552,1,0.9992380738258362,0.017971938475966454,-0.03464914485812187,0,-0.01741405948996544,0.9997150301933289,0.01633591577410698,0,0.034932851791381836,-0.015720082446932793,0.9992660284042358,0,0,0.053141999989748,0.0032510000746697187,1,0.9997529983520508,0.008188080973923206,-0.020651821047067642,0,-0.008617917075753212,0.9997460246086121,-0.02081107906997204,0,0.02047617919743061,0.020983921363949776,0.9995700120925903,0,0,0.06211499869823456,0,1,0.9997550845146179,0.008437852375209332,-0.020465215668082237,0,-0.008865144103765488,0.9997429251670837,-0.02087884210050106,0,0.020283784717321396,0.021055158227682114,0.9995729923248291,0,0,0.07098899781703949,0,1,0.9998109936714172,0.015199955552816391,0.012089050374925137,0,-0.015132050029933453,0.9998689889907837,-0.0056890021078288555,0,-0.012173950672149658,0.005505000241100788,0.9999109506607056,0,0,0.07986199855804443,0,1,0.9952179789543152,-0.05711907893419266,0.07923279702663422,0,0.04204792156815529,0.9827139973640442,0.1802898347377777,0,-0.08816121518611908,-0.17609621584415436,0.9804169535636902,0,0,0.04960700124502182,0.0009360000258311629,1,-0.1309061348438263,-0.047636982053518295,0.9902499318122864,0,-0.9097009301185608,-0.39128196239471436,-0.1390809863805771,0,0.39409199357032776,-0.9190369248390198,0.007885823026299477,0,-0.02656799927353859,0.06445500254631042,0.0010219999821856618,1,-0.9669371843338013,0.10757100582122803,0.23121888935565948,0,0.22809699177742004,0.770274817943573,0.5955231785774231,0,-0.11404109001159668,0.6285738945007324,-0.76934415102005,0,0,0.06136700138449669,0,1,0.8586930632591248,-0.5098049640655518,0.05238495394587517,0,0.5100510120391846,0.8600909113883972,0.009570705704391003,0,-0.04993503540754318,0.018500708043575287,0.9985809922218323,0,0,0.12568999826908112,0,1,-0.16187728941440582,0.09644776582717896,0.9820859432220459,0,-0.02576322667300701,0.9944599866867065,-0.10190954059362411,0,-0.9864740371704102,-0.04179854318499565,-0.15849566459655762,0,0,0.10690800100564957,0,1,0.8146199584007263,0.5671480894088745,-0.12139477580785751,0,-0.5632088780403137,0.8235130906105042,0.06798207014799118,0,0.13852623105049133,0.012991069816052914,0.9902740716934204,0,-0.020052000880241394,0.009921999648213387,0,1,0.9504720568656921,-0.3081119954586029,-0.04087364673614502,0,0.3031599819660187,0.8900231122970581,0.3405195474624634,0,-0.06853964179754257,-0.33604541420936584,0.9393488764762878,0,-0.0016319999704137444,0.017822999507188797,0,1,0.9987580180168152,-0.049329958856105804,0.006999813951551914,0,0.049149032682180405,0.9985030889511108,0.024018939584493637,0,-0.008174185641109943,-0.023645061999559402,0.9996870160102844,0,-0.004317999817430973,0.032010000199079514,0,1,0.9641269445419312,0.2653280794620514,-0.00772129325196147,0,-0.2624579071998596,0.957239031791687,0.1216929703950882,0,0.03967970982193947,-0.11530103534460068,0.9925379753112793,0,0,0.037307001650333405,0,1,0.9459929466247559,0.32211607694625854,0.03657829388976097,0,-0.3229729235172272,0.9266810417175293,0.19222480058670044,0,0.028022294864058495,-0.19365720450878143,0.9806689620018005,0,0.0012499999720603228,0.03654000163078308,0,1,0.9853019714355469,0.1708180159330368,-0.0011906923027709126,0,-0.16867096722126007,0.9739729166030884,0.15141621232032776,0,0.02702430821955204,-0.14898978173732758,0.9884690046310425,0,0.0006210000137798488,0.03356099873781204,0,1,-0.012742129154503345,0.000555789505597204,-0.9999189972877502,0,0.8592969179153442,-0.5113539695739746,-0.011234425939619541,0,-0.5113183259963989,-0.8593697547912598,0.006038212217390537,0,0.02656799927353859,0.06444499641656876,0.0008640000014565885,1,-0.9172350168228149,0.08189836889505386,-0.3898361325263977,0,-0.12909437716007233,0.8647069931030273,0.4854038953781128,0,0.37684789299964905,0.4955551326274872,-0.782567024230957,0,0,0.06136700138449669,0,1,0.7351299524307251,0.6752431392669678,-0.06026093289256096,0,-0.6738799810409546,0.7375470399856567,0.04371293634176254,0,0.07396207004785538,0.008473937399685383,0.9972249865531921,0,0,0.1256980001926422,0,1,-0.5842529535293579,-0.19609081745147705,-0.7875259518623352,0,-0.041994158178567886,0.9763760566711426,-0.21195892989635468,0,0.8104840517044067,-0.09076607972383499,-0.5786847472190857,0,0,0.10690099745988846,0,1,0.8160520792007446,-0.5662938952445984,0.1156289204955101,0,0.5645191073417664,0.8238579034805298,0.050755009055137634,0,-0.12400409579277039,0.023856010288000107,0.9919950366020203,0,0.021004000678658485,0.01056899968534708,0,1,0.9522940516471863,0.30236566066741943,0.04135402664542198,0,-0.296831339597702,0.8862179517745972,0.355680912733078,0,0.07089702785015106,-0.35098809003829956,0.9336919188499451,0,0.002191999927163124,0.018681999295949936,0,1,0.9936450719833374,0.11220679432153702,-0.008856291882693768,0,-0.11065322160720825,0.9882269501686096,0.10565920174121857,0,0.020607709884643555,-0.1040077954530716,0.9943630695343018,0,0.0037169998977333307,0.030345000326633453,0,1,0.972148060798645,-0.23414479196071625,0.010178687982261181,0,0.23152819275856018,0.9662089347839355,0.11328691989183426,0,-0.03636030852794647,-0.10777508467435837,0.9935100078582764,0,0,0.043143998831510544,0,1,0.9448160529136658,-0.3258577287197113,-0.03374321758747101,0,0.32606324553489685,0.9254159331321716,0.19310186803340912,0,-0.031697213649749756,-0.19344814121723175,0.9805979132652283,0,-0.00036199999158270657,0.035868000239133835,0,1,0.9687559604644775,-0.24741218984127045,-0.01728096231818199,0,0.2471248358488083,0.9570350050926208,0.15170009434223175,0,-0.02099396474659443,-0.15123091638088226,0.9882749915122986,0,-0.000014999999621068127,0.033337000757455826,0,1,-0.9592770338058472,0.1628330498933792,0.23080873489379883,0,-0.2284819483757019,-0.9277490973472595,-0.2950896620750427,0,0.1660822629928589,-0.3358083665370941,0.927172839641571,0,-0.0607369989156723,-0.029496999457478523,-0.0024339999072253704,1,0.9999439716339111,-0.010256107896566391,-0.002557268599048257,0,0.009792893193662167,0.80784010887146,0.5893197655677795,0,-0.003978266380727291,-0.5893121957778931,0.807895839214325,0,0,0.1533450037240982,0,1,-0.9988930821418762,-0.02338814176619053,-0.04080623388290405,0,0.024488143622875214,0.48211273550987244,-0.8757672309875488,0,0.040155764669179916,-0.8757968544960022,-0.48100629448890686,0,0,0.09672500193119049,0,1,0.9279950857162476,0,0.3725927174091339,0,-0.26648926734924316,0.6988891363143921,0.6637298464775085,0,-0.26040124893188477,-0.7152301669120789,0.6485657691955566,0,0,0.07527200132608414,0,1,-0.9757750034332275,-0.11589987576007843,-0.18555496633052826,0,0.1690601408481598,-0.9377841353416443,-0.30328261852264404,0,-0.13886001706123352,-0.3273053765296936,0.9346598982810974,0,0.0607369989156723,-0.029496999457478523,-0.00535999983549118,1,0.9978970289230347,0.06287720799446106,-0.01576170325279236,0,-0.043602798134088516,0.8310111165046692,0.5545437932014465,0,0.04796630144119263,-0.5526901483535767,0.8320049047470093,0,0,0.15335899591445923,0,1,-0.9976040124893188,0.05089718848466873,0.046853743493556976,0,-0.012031180784106255,0.5393115878105164,-0.8420202136039734,0,-0.06812526285648346,-0.8405668139457703,-0.5374073386192322,0,0,0.09668999910354614,0,1,0.9266262054443359,0,-0.37598347663879395,0,0.27370691299438477,0.6856018304824829,0.6745631694793701,0,0.2577754259109497,-0.7279767394065857,0.6352959871292114,0,0,0.07397100329399109,0,1
K0.067,0.99974524974823,0.01560686994343996,0.016280030831694603,0,-0.014259173534810543,0.9967049360275269,-0.07984616607427597,0,-0.017472540959715843,0.07959374785423279,0.9966740012168884,0,-0.00062001176411286,0.32323598861694336,0.0018053099047392607,1,0.9992390275001526,0.017830954864621162,-0.03470475226640701,0,-0.017272047698497772,0.9997169971466064,0.016337929293513298,0,0.03498624265193939,-0.01572606898844242,0.9992640018463135,0,0,0.053141999989748,0.0032510000746697187,1,0.999752938747406,0.008135819807648659,-0.020684031769633293,0,-0.008565181866288185,0.9997480511665344,-0.0207549799233675,0,0.02050996571779251,0.02092702127993107,0.9995709657669067,0,0,0.06211499869823456,0,1,0.9997550845146179,0.008387083187699318,-0.020497947931289673,0,-0.008813918568193913,0.9997440576553345,-0.020822718739509583,0,0.020318055525422096,0.020998282358050346,0.9995729923248291,0,0,0.07098899781703949,0,1,0.9998049736022949,0.015551887452602386,0.012151104398071766,0,-0.015482104383409023,0.9998630285263062,-0.005816127639263868,0,-0.012239892967045307,0.005626868922263384,0.999908983707428,0,0,0.07986199855804443,0,1,0.995182991027832,-0.05680805817246437,0.07990069687366486,0,0.041533950716257095,0.9825570583343506,0.1812659204006195,0,-0.08880429714918137,-0.17707407474517822,0.980182945728302,0,0,0.04960700124502182,0.0009360000258311629,1,-0.13106544315814972,-0.047658927738666534,0.9902279376983643,0,-0.9095858931541443,-0.3914931118488312,-0.13923406600952148,0,0.3943030834197998,-0.9189459085464478,0.007961397990584373,0,-0.02656799927353859,0.06445500254631042,0.0010219999821856618,1,-0.9672331213951111,0.10800476372241974,0.22977310419082642,0,0.22752022743225098,0.7703499794006348,0.595646858215332,0,-0.11267294734716415,0.6284071207046509,-0.7696809768676758,0,0,0.06136700138449669,0,1,0.8595779538154602,-0.5083290934562683,0.052230291068553925,0,0.5085729360580444,0.8609660267829895,0.009496195241808891,0,-0.04979570955038071,0.018400195986032486,0.9985900521278381,0,0,0.12568999826908112,0,1,-0.16135963797569275,0.09569409489631653,0.9822450876235962,0,-0.025819918140769005,0.9945381283760071,-0.10113333910703659,0,-0.9865580201148987,-0.041680317372083664,-0.15800748765468597,0,0,0.10690800100564957,0,1,0.8146199584007263,0.5671480894088745,-0.12139477580785751,0,-0.5632088780403137,0.8235130906105042,0.06798207014799118,0,0.13852623105049133,0.012991069816052914,0.9902740716934204,0,-0.020052000880241394,0.009921999648213387,0,1,0.9504719972610474,-0.30811214447021484,-0.040873076766729355,0,0.30315983295440674,0.8900229334831238,0.3405190706253052,0,-0.0685400739312172,-0.33604487776756287,0.9393490552902222,0,-0.0016319999704137444,0.017822999507188797,0,1,0.9987580180168152,-0.049329958856105804,0.006999813951551914,0,0.049149032682180405,0.9985030889511108,0.024018939584493637,0,-0.008174185641109943,-0.023645061999559402,0.9996870160102844,0,-0.004317999817430973,0.032010000199079514,0,1,0.9641269445419312,0.2653281092643738,-0.007721793372184038,0,-0.26245787739753723,0.957239031791687,0.12169304490089417,0,0.03968021273612976,-0.1153009682893753,0.9925379753112793,0,0,0.037307001650333405,0,1,0.9459930062294006,0.32211604714393616,0.036578718572854996,0,-0.3229729235172272,0.9266809225082397,0.1922241896390915,0,0.028021719306707382,-0.1936568021774292,0.9806690812110901,0,0.0012499999720603228,0.03654000163078308,0,1,0.9853019714355469,0.17081806063652039,-0.0011911910260096192,0,-0.1686709225177765,0.9739729166030884,0.15141625702381134,0,0.027024809271097183,-0.1489897519350052,0.9884690642356873,0,0.0006210000137798488,0.03356099873781204,0,1,-0.012650144286453724,0.0005597703857347369,-0.9999200701713562,0,0.8592908978462219,-0.5113651156425476,-0.01115728635340929,0,-0.511330246925354,-0.8593629002571106,0.005987823475152254,0,0.02656799927353859,0.06444499641656876,0.0008640000014565885,1,-0.9171248078346252,0.0813957154750824,-0.3902001976966858,0,-0.1293657124042511,0.8651551008224487,0.48453184962272644,0,0.37702280282974243,0.4948551058769226,-0.7829259634017944,0,0,0.06136700138449669,0,1,0.7346161007881165,0.6757978200912476,-0.06030329689383507,0,-0.674432098865509,0.7370378971099854,0.04377768561244011,0,0.07403071224689484,0.008510688319802284,0.997219979763031,0,0,0.1256980001926422,0,1,-0.584937334060669,-0.1958010047674179,-0.7870897054672241,0,-0.042311009019613266,0.9764690399169922,-0.21146804094314575,0,0.8099742531776428,-0.09039298444986343,-0.5794576406478882,0,0,0.10690099745988846,0,1,0.8160520792007446,-0.5662938952445984,0.1156289204955101,0,0.5645191073417664,0.8238579034805298,0.050755009055137634,0,-0.12400409579277039,0.023856010288000107,0.9919950366020203,0,0.021004000678658485,0.01056899968534708,0,1,0.9522939920425415,0.3023659288883209,0.04135511443018913,0,-0.29683202505111694,0.8862180709838867,0.35568079352378845,0,0.07089611142873764,-0.35098814964294434,0.9336918592453003,0,0.002191999927163124,0.018681999295949936,0,1,0.9936450719833374,0.11220679432153702,-0.008856291882693768,0,-0.11065322160720825,0.9882269501686096,0.10565920174121857,0,0.020607709884643555,-0.1040077954530716,0.9943630695343018,0,0.0037169998977333307,0.030345000326633453,0,1,0.9721478819847107,-0.23414522409439087,0.010178163647651672,0,0.23152874410152435,0.9662090539932251,0.11328687518835068,0,-0.03635983541607857,-0.10777512192726135,0.9935100078582764,0,0,0.043143998831510544,0,1,0.9448160529136658,-0.3258577287197113,-0.03374330699443817,0,0.32606327533721924,0.9254158139228821,0.19310235977172852,0,-0.03169730678200722,-0.19344867765903473,0.9805980324745178,0,-0.00036199999158270657,0.035868000239133835,0,1,0.9687559604644775,-0.24741218984127045,-0.01728096231818199,0,0.2471248358488083,0.9570350050926208,0.15170009434223175,0,-0.02099396474659443,-0.15123091638088226,0.9882749915122986,0,-0.000014999999621068127,0.033337000757455826,0,1,-0.9594208598136902,0.16244402527809143,0.23048409819602966,0,-0.2279919534921646,-0.9278699159622192,-0.29508888721466064,0,0.16592389345169067,-0.3356630802154541,0.9272540211677551,0,-0.0607369989156723,-0.029496999457478523,-0.0024339999072253704,1,0.9999430179595947,-0.010312715545296669,-0.002701268997043371,0,0.009924283251166344,0.8079590201377869,0.5891549587249756,0,-0.0038932713214308023,-0.5891479849815369,0.808014988899231,0,0,0.1533450037240982,0,1,-0.9988959431648254,-0.023265566676855087,-0.04080069437623024,0,0.024531563743948936,0.4823474586009979,-0.8756362795829773,0,0.040052298456430435,-0.8756707310676575,-0.48124435544013977,0,0,0.09672500193119049,0,1,0.927994966506958,-0.000001039177163875138,0.37259307503700256,0,-0.26648902893066406,0.6988890171051025,0.6637300252914429,0,-0.2604018449783325,-0.7152299284934998,0.6485650539398193,0,0,0.07527200132608414,0,1,-0.9757370352745056,-0.11623109132051468,-0.18554607033729553,0,0.1693539321422577,-0.937777042388916,-0.303137868642807,0,-0.13876694440841675,-0.3272061347961426,0.9347089529037476,0,0.0607369989156723,-0.029496999457478523,-0.00535999983549118,1,0.9978600144386292,0.06341984868049622,-0.015913307666778564,0,-0.04394913092255592,0.8307439684867859,0.5549181699752808,0,0.04841269180178642,-0.5530309677124023,0.8317530751228333,0,0,0.15335899591445923,0,1,-0.9975790977478027,0.05142366141080856,0.04680553451180458,0,-0.011725670658051968,0.5390750169754028,-0.8421760201454163,0,-0.06853947788476944,-0.8406859636306763,-0.5371670722961426,0,0,0.09668999910354614,0,1,0.9266261458396912,0,-0.3759836256504059,0,0.27370715141296387,0.6856018304824829,0.6745620965957642,0,0.25777536630630493,-0.7279767990112305,0.6352970004081726,0,0,0.07397100329399109,0,1
K0.100,0.9997568726539612,0.015330818481743336,0.015817278996109962,0,-0.014024455100297928,0.9967259764671326,-0.07963292300701141,0,-0.01698632910847664,0.07939174771308899,0.9966985583305359,0,-0.0006440308643504977,0.3232310116291046,0.0018222833750769496,1,0.9992390871047974,0.017679737880825996,-0.03476479649543762,0,-0.017119260504841805,0.9997199177742004,0.01635429635643959,0,0.03504420071840286,-0.01574670523405075,0.9992619156837463,0,0,0.053141999989748,0.0032510000746697187,1,0.999752938747406,0.008083181455731392,-0.020717203617095947,0,-0.008511818014085293,0.999750018119812,-0.020685894414782524,0,0.02054480090737343,0.020857108756899834,0.9995710849761963,0,0,0.06211499869823456,0,1,0.999754011631012,0.00833793357014656,-0.020530622452497482,0,-0.00876406580209732,0.9997460246086121,-0.020754078403115273,0,0.020352380350232124,0.020928923040628433,0.9995740056037903,0,0,0.07098899781703949,0,1,0.9998010396957397,0.015847939997911453,0.012153714895248413,0,-0.015778061002492905,0.9998590350151062,-0.00582396425306797,0,-0.012244286015629768,0.005631036590784788,0.999908983707428,0,0,0.07986199855804443,0,1,0.995199978351593,-0.056097060441970825,0.0801861584186554,0,0.04070593789219856,0.9824380278587341,0.18209302425384521,0,-0.08899283409118652,-0.17795495688915253,0.9800059795379639,0,0,0.04960700124502182,0.0009360000258311629,1,-0.13120470941066742,-0.04763045534491539,0.9902099967002869,0,-0.9096492528915405,-0.39130476117134094,-0.13935253024101257,0,0.39411160349845886,-0.9190281629562378,0.008014017716050148,0,-0.02656799927353859,0.06445500254631042,0.0010219999821856618,1,-0.9675258994102478,0.10820528864860535,0.22844012081623077,0,0.22693972289562225,0.7698480486869812,0.5965170860290527,0,-0.11131788790225983,0.6289879679679871,-0.7694041132926941,0,0,0.06136700138449669,0,1,0.8605321645736694,-0.5067286491394043,0.052062027156353,0,0.5069714188575745,0.8619117140769958,0.00941555481404066,0,-0.049643971025943756,0.01829155534505844,0.9985989928245544,0,0,0.12568999826908112,0,1,-0.16032610833644867,0.09513189643621445,0.9824689626693726,0,-0.0260281041264534,0.9945909976959229,-0.10055311769247055,0,-0.9867209792137146,-0.04169311001896858,-0.15698285400867462,0,0,0.10690800100564957,0,1,0.8146199584007263,0.5671480894088745,-0.12139477580785751,0,-0.5632088780403137,0.8235130906105042,0.06798207014799118,0,0.13852623105049133,0.012991069816052914,0.9902740716934204,0,-0.020052000880241394,0.009921999648213387,0,1,0.9504720568656921,-0.3081119954586029,-0.04087364673614502,0,0.3031599819660187,0.8900231122970581,0.3405195474624634,0,-0.06853964179754257,-0.33604541420936584,0.9393488764762878,0,-0.0016319999704137444,0.017822999507188797,0,1,0.9987580180168152,-0.049329958856105804,0.006999813951551914,0,0.049149032682180405,0.9985030889511108,0.024018939584493637,0,-0.008174185641109943,-0.023645061999559402,0.9996870160102844,0,-0.004317999817430973,0.032010000199079514,0,1,0.9641271233558655,0.26532861590385437,-0.007721264380961657,0,-0.2624583840370178,0.9572389125823975,0.12169297784566879,0,0.039679739624261856,-0.11530102789402008,0.9925379753112793,0,0,0.037307001650333405,0,1,0.9459930062294006,0.32211604714393616,0.036578718572854996,0,-0.3229729235172272,0.9266809225082397,0.1922241896390915,0,0.028021719306707382,-0.1936568021774292,0.9806690812110901,0,0.0012499999720603228,0.03654000163078308,0,1,0.9853019714355469,0.17081806063652039,-0.0011911910260096192,0,-0.1686709225177765,0.9739729166030884,0.15141625702381134,0,0.027024809271097183,-0.1489897519350052,0.9884690642356873,0,0.0006210000137798488,0.03356099873781204,0,1,-0.0126658845692873,0.0005435209022834897,-0.9999200105667114,0,0.8591936826705933,-0.5115285515785217,-0.01116134598851204,0,-0.5114933848381042,-0.8592658042907715,0.0060119288973510265,0,0.02656799927353859,0.06444499641656876,0.0008640000014565885,1,-0.9171158671379089,0.08082801103591919,-0.39034098386764526,0,-0.12955200672149658,0.8656309247016907,0.4836321175098419,0,0.37698203325271606,0.4941158890724182,-0.7834120392799377,0,0,0.06136700138449669,0,1,0.7343418598175049,0.6760941743850708,-0.06032560020685196,0,-0.6747269034385681,0.7367660403251648,0.04381275922060013,0,0.07406739890575409,0.008529759012162685,0.9972169995307922,0,0,0.1256980001926422,0,1,-0.5855138897895813,-0.1954575926065445,-0.7867460250854492,0,-0.0425993874669075,0.9765759706497192,-0.21091514825820923,0,0.8095420002937317,-0.08997882902622223,-0.5801249742507935,0,0,0.10690099745988846,0,1,0.8160520792007446,-0.5662938952445984,0.1156289204955101,0,0.5645191073417664,0.8238579034805298,0.050755009055137634,0,-0.12400409579277039,0.023856010288000107,0.9919950366020203,0,0.021004000678658485,0.01056899968534708,0,1,0.9522939324378967,0.30236610770225525,0.041354112327098846,0,-0.2968318462371826,0.8862180709838867,0.3556809723377228,0,0.07089710980653763,-0.3509880304336548,0.9336919188499451,0,0.002191999927163124,0.018681999295949936,0,1,0.9936450123786926,0.11220681667327881,-0.008856790140271187,0,-0.11065319180488586,0.9882269501686096,0.10565923154354095,0,0.02060820907354355,-0.1040077656507492,0.9943630695343018,0,0.0037169998977333307,0.030345000326633453,0,1,0.9721479415893555,-0.23414526879787445,0.01017866563051939,0,0.23152871429920197,0.9662090539932251,0.11328693479299545,0,-0.03636033460497856,-0.10777506232261658,0.9935100078582764,0,0,0.043143998831510544,0,1,0.9448160529136658,-0.3258577287197113,-0.03374330699443817,0,0.32606327533721924,0.9254158139228821,0.19310235977172852,0,-0.03169730678200722,-0.19344867765903473,0.9805980324745178,0,-0.00036199999158270657,0.035868000239133835,0,1,0.9687559604644775,-0.24741218984127045,-0.01728096231818199,0,0.2471248358488083,0.9570350050926208,0.15170009434223175,0,-0.02099396474659443,-0.15123091638088226,0.9882749915122986,0,-0.000014999999621068127,0.033337000757455826,0,1,-0.9595909118652344,0.1620069295167923,0.23008280992507935,0,-0.22743406891822815,-0.927997887134552,-0.29511794447898865,0,0.16570515930652618,-0.33552104234695435,0.9273439645767212,0,-0.0607369989156723,-0.029496999457478523,-0.0024339999072253704,1,0.9999409914016724,-0.010465210303664207,-0.002829825971275568,0,0.010123790241777897,0.8080399036407471,0.5890411138534546,0,-0.0038778260350227356,-0.589034914970398,0.8080980777740479,0,0,0.1533450037240982,0,1,-0.9988990426063538,-0.02317694202065468,-0.04079369455575943,0,0.02455994300544262,0.48252612352371216,-0.8755368590354919,0,0.03997630625963211,-0.8755751252174377,-0.48142585158348083,0,0,0.09672500193119049,0,1,0.9279950857162476,0,0.3725927174091339,0,-0.26648926734924316,0.6988891363143921,0.6637298464775085,0,-0.26040124893188477,-0.7152301669120789,0.6485657691955566,0,0,0.07527200132608414,0,1,-0.9756959080696106,-0.11657123267650604,-0.1855466067790985,0,0.16965575516223907,-0.9377779364585876,-0.30296698212623596,0,-0.13868437707424164,-0.32708296179771423,0.9347639679908752,0,0.0607369989156723,-0.029496999457478523,-0.00535999983549118,1,0.997821033000946,0.06399468332529068,-0.016073040664196014,0,-0.044318318367004395,0.8304858207702637,0.5552732348442078,0,0.04888295382261276,-0.5533508658409119,0.8315120935440063,0,0,0.15335899591445923,0,1,-0.9975519776344299,0.051998794078826904,0.046746812760829926,0,-0.011385793797671795,0.538831889629364,-0.842336118221283,0,-0.06898918002843857,-0.8408068418502808,-0.5369210243225098,0,0,0.09668999910354614,0,1,0.9266262054443359,0,-0.37598350644111633,0,0.27370691299438477,0.6856008768081665,0.6745631098747253,0,0.2577754855155945,-0.7279778122901917,0.6352960467338562,0,0,0.07397100329399109,0,1
