5.300,30,158,41
B0,mixamorig_Hips,-1,0.9974319934844971,-0.008136159740388393,0.07115405797958374,0,0.022516826167702675,0.9787700176239014,-0.20372097194194794,0,-0.06798597425222397,0.20480003952980042,0.9764400124549866,0,0.002182000083848834,0.9177520275115967,-0.00811500009149313,1
B1,mixamorig_Spine,0,0.9996600151062012,0.011543694883584976,-0.023378996178507805,0,-0.01129530742764473,0.999879002571106,0.0107288658618927,0,0.02350000850856304,-0.010461141355335712,0.9996690154075623,0,0,0.142985999584198,-0.011126000434160233,1
B2,mixamorig_Spine1,1,0.9999300241470337,-0.00011591260408749804,-0.011839871294796467,0,0.0027481140568852425,0.974918007850647,0.2225460410118103,0,0.011517105624079704,-0.2225629836320877,0.9748499989509583,0,0,0.16732099652290344,0,1
B3,mixamorig_Spine2,2,0.9999380111694336,0.00013285106979310513,-0.011173773556947708,0,0.004419957287609577,0.9136830568313599,0.4064041078090668,0,0.01026326883584261,-0.40642794966697693,0.9136250019073486,0,0,0.19122500717639923,0,1
B4,mixamorig_Neck,3,0.9977909922599792,-0.06312622129917145,-0.020670298486948013,0,0.05766784027218819,0.9776750206947327,-0.202052041888237,0,0.03296365961432457,0.20041395723819733,0.9791569709777832,0,0,0.21512800455093384,0,1
B5,mixamorig_Head,4,0.9994880557060242,0.0046597993932664394,0.03165728971362114,0,0.0016517326002940536,0.9805070757865906,-0.1964745968580246,0,-0.03195574879646301,0.1964264065027237,0.9799979329109192,0,0,0.16556300222873688,-0.003220000071451068,1
B6,mixamorig_HeadTop_End,5,1,0,0,0,0,1,0,0,0,0,1,0,0,0.724498987197876,-0.014090999960899353,1
B7,mixamorig_LeftShoulder,3,-0.0789821520447731,0.09070195257663727,-0.9927408695220947,0,0.8711732625961304,-0.47780340909957886,-0.1129649356007576,0,-0.4845812916755676,-0.8737717866897583,-0.04127907752990723,0,0.07522899657487869,0.17196300625801086,-0.0032949999440461397,1
B8,mixamorig_LeftArm,7,0.9256488680839539,0.23512102663516998,0.2964652180671692,0,-0.3712388277053833,0.715855062007904,0.5913820862770081,0,-0.07317983359098434,-0.6574719548225403,0.7499169707298279,0,0,0.16953399777412415,0,1
B9,mixamorig_LeftForeArm,8,0.7805730700492859,0.6220628023147583,0.0611824207007885,0,-0.621816098690033,0.7827538847923279,-0.025320235639810562,0,-0.06364153325557709,-0.018279913812875748,0.9978050589561462,0,0,0.32899999618530273,0,1
B10,mixamorig_LeftHand,9,0.4881068170070648,0.1903849095106125,-0.8517661690711975,0,0.08819880336523056,0.9601629972457886,0.265156090259552,0,0.8683158159255981,-0.20454919338226318,0.45187023282051086,0,0,0.30154600739479065,0,1
B11,mixamorig_LeftHandThumb1,10,0.7529109716415405,0.6570529937744141,0.03750060871243477,0,-0.6477299332618713,0.7499040365219116,-0.13449682295322418,0,-0.11649340391159058,0.07697387784719467,0.9902039170265198,0,-0.05599899962544441,0.03822999820113182,0,1
B12,mixamorig_LeftHandThumb2,11,0.7904679179191589,-0.6075710654258728,-0.07757368683815002,0,0.5568290948867798,0.6600719690322876,0.5042290091514587,0,-0.25515076518058777,-0.4417722225189209,0.8600789904594421,0,-0.001740999985486269,0.05421600118279457,0,1
B13,mixamorig_LeftHandThumb3,12,0.9998959898948669,0.014100956730544567,0.0031530670821666718,0,-0.013883045874536037,0.9980499744415283,-0.06084804609417915,0,-0.004004934336990118,0.06079794839024544,0.9981420040130615,0,-0.012923000380396843,0.09067399799823761,0,1
B14,mixamorig_LeftHandThumb4,13,1,0,0,0,0,1,0,0,0,0,1,0,0.014663999900221825,0.08761399984359741,0,1
B15,mixamorig_LeftHandIndex1,10,0.97291499376297,-0.03376324847340584,-0.2286839485168457,0,-0.03303118795156479,0.9588190317153931,-0.2820896804332733,0,0.22879096865653992,0.282003253698349,0.9317349791526794,0,0,0.12702199816703796,0,1
B16,mixamorig_LeftHandIndex2,15,0.8929978013038635,0.44441428780555725,0.0710681900382042,0,-0.4461696743965149,0.8534501791000366,0.2693619430065155,0,0.05905511975288391,-0.2722479999065399,0.9604129195213318,0,0.003318999893963337,0.10109200328588486,0,1
B17,mixamorig_LeftHandIndex3,16,0.9614930152893066,0.2744039297103882,0.015316271223127842,0,-0.2718289792537689,0.9412979483604431,0.20016619563102722,0,0.040509212762117386,-0.19662174582481384,0.9796420335769653,0,0.0007910000276751816,0.0893620029091835,0,1
B18,mixamorig_LeftHandIndex4,17,1,0,0,0,0,1,0,0,0,0,1,0,-0.004110000096261501,0.06229700148105621,0,1
B19,mixamorig_RightShoulder,3,-0.04647759348154068,-0.07169178128242493,0.9963430166244507,0,-0.8911837935447693,-0.44760310649871826,-0.07377941161394119,0,0.45125579833984375,-0.8913540840148926,-0.043086979538202286,0,-0.07522899657487869,0.17197300493717194,-0.0034209999721497297,1
B20,mixamorig_RightArm,19,0.9366229176521301,-0.2596890330314636,-0.23515509068965912,0,0.350043922662735,0.7211686968803406,0.5978164076805115,0,0.014340133406221867,-0.6422436237335205,0.7663662433624268,0,0,0.16953399777412415,0,1
B21,mixamorig_RightForeArm,20,0.8085710406303406,-0.5851598978042603,-0.06164131313562393,0,0.5857190489768982,0.8104469180107117,-0.010473314672708511,0,0.05608556419610977,-0.02763606794178486,0.9980430006980896,0,0,0.32900699973106384,0,1
B22,mixamorig_RightHand,21,0.3299662172794342,-0.1707099825143814,0.9284288883209229,0,0.059103064239025116,0.9853190183639526,0.1601649522781372,0,-0.942141056060791,0.0020239693112671375,0.33521169424057007,0,0,0.3015170097351074,0,1
B23,mixamorig_RightHandThumb1,22,0.7538520097732544,-0.6557059288024902,-0.041912682354450226,0,0.6409009695053101,0.747886061668396,-0.17294998466968536,0,0.14475025236606598,0.10351680964231491,0.9840379953384399,0,0.05699099972844124,0.03990500047802925,0,1
B24,mixamorig_RightHandThumb2,23,0.7984409332275391,0.5962521433830261,0.08352484554052353,0,-0.5441139936447144,0.6552109718322754,0.524058997631073,0,0.25774478912353516,-0.46387702226638794,0.8475760221481323,0,0.0032889998983591795,0.05556099861860275,0,1
B25,mixamorig_RightHandThumb3,24,0.9987339973449707,0.05004188418388367,-0.005138971842825413,0,-0.04986611753702164,0.9983060359954834,0.029990624636411667,0,0.006631049793213606,-0.029696378856897354,0.9995369911193848,0,0.011366999708116055,0.0851759985089302,0,1
B26,mixamorig_RightHandThumb4,25,1,0,0,0,0,1,0,0,0,0,1,0,-0.014655999839305878,0.08075200021266937,0,1
B27,mixamorig_RightHandIndex1,22,0.9692269563674927,0.067393958568573,0.23676207661628723,0,0.0047179232351481915,0.9565320014953613,-0.2915889620780945,0,-0.24612192809581757,0.2837330400943756,0.9267789721488953,0,0,0.14398999512195587,0,1
B28,mixamorig_RightHandIndex2,27,0.9085310101509094,-0.41475802659988403,-0.05046872794628143,0,0.41341397166252136,0.8748829364776611,0.25232791900634766,0,-0.060500796884298325,-0.2501122057437897,0.966325044631958,0,-0.002196999965235591,0.09634800255298615,0,1
B29,mixamorig_RightHandIndex3,28,0.9036160111427307,-0.4262441098690033,-0.042367685586214066,0,0.4264879822731018,0.8860890865325928,0.1815328598022461,0,-0.039835765957832336,-0.18210527300834656,0.9824720025062561,0,0.0045529999770224094,0.09323199838399887,0,1
B30,mixamorig_RightHandIndex4,29,1,0,0,0,0,1,0,0,0,0,1,0,-0.0023560000117868185,0.0715939998626709,0,1
B31,mixamorig_LeftUpLeg,0,-0.924761176109314,-0.2321409434080124,0.3015438914299011,0,0.24276413023471832,-0.9700831174850464,-0.0023119724355638027,0,0.29305917024612427,0.0710659846663475,0.9534500241279602,0,0.17039300501346588,-0.0793360024690628,0.0003910000086762011,1
B32,mixamorig_LeftLeg,31,0.9908449649810791,0.023101504892110825,-0.1330162137746811,0,-0.09509626030921936,0.8187811374664307,-0.5661758780479431,0,0.09583152830600739,0.5736410617828369,0.8134809136390686,0,0,0.42589500546455383,0,1
B33,mixamorig_LeftFoot,32,0.9995030760765076,0.027399884536862373,-0.01559907104820013,0,-0.00005311877976055257,0.49621400237083435,0.8682000637054443,0,0.03152906522154808,-0.8677680492401123,0.4959689974784851,0,0,0.297417014837265,0,1
B34,mixamorig_LeftToeBase,33,0.9753109812736511,-1.7697196597055154e-7,0.22083494067192078,0,-0.15211816132068634,0.7249209880828857,0.6718260049819946,0,-0.1600879430770874,-0.6888319849967957,0.7070230841636658,0,0,0.2033960074186325,0,1
B35,mixamorig_LeftToe_End,34,1,0,0,0,0,1,0,0,0,0,1,0,0,0.08330199867486954,0,1
B36,mixamorig_RightUpLeg,0,-0.9673690795898438,0.1251726597547531,-0.2202918976545334,0,-0.14843928813934326,-0.9845970273017883,0.09238174557685852,0,-0.20533502101898193,0.12206719070672989,0.9710490107536316,0,-0.17039300501346588,-0.0793360024690628,0.000019999999494757503,1
B37,mixamorig_RightLeg,36,0.9831950068473816,-0.10059812664985657,0.15234191715717316,0,0.17228294909000397,0.7873127460479736,-0.5919942855834961,0,-0.06038721278309822,0.6082916259765625,0.7914132475852966,0,0,0.4258970022201538,0,1
B38,mixamorig_RightFoot,37,0.9983440041542053,0.052723806351423264,0.02298920229077339,0,-0.04640592262148857,0.5021969676017761,0.8635069727897644,0,0.03398226946592331,-0.8631439208984375,0.5038120746612549,0,0,0.29739299416542053,0,1
B39,mixamorig_RightToeBase,38,0.9744510650634766,0.00028077783645130694,-0.2246009260416031,0,0.15648387372493744,0.7164941430091858,0.6798149347305298,0,0.16111619770526886,-0.6975930333137512,0.6981448531150818,0,0,0.2031490057706833,0,1
B40,mixamorig_RightToe_End,39,1,0,0,0,0,1,0,0,0,0,1,0,0,0.08220300078392029,0,1
@34,0,1,2,3,4,5,7,8,9,10,11,12,13,15,16,17,19,20,21,22,23,24,25,27,28,29,31,32,33,34,36,37,38,39
K0,-0.349073201417923,-0.002847658470273018,-0.025292890146374702,0,-0.007960335351526737,0.342569500207901,0.07129351049661636,0,0.024175874888896942,0.07168000936508179,-0.34172725677490234,0,-0.0007668642792850733,0.3212132155895233,0.0028393971733748913,1,0.9996600151062012,0.011543693020939827,-0.023378992453217506,0,-0.01129530556499958,0.999879002571106,0.010728862136602402,0,0.023500004783272743,-0.010461137630045414,0.9996690154075623,0,0,0.142985999584198,-0.011126000434160233,1,0.9999300241470337,-0.00011589813948376104,-0.011839880608022213,0,0.002748101716861129,0.974918007850647,0.2225460261106491,0,0.011517118662595749,-0.2225629687309265,0.9748499989509583,0,0,0.16732099652290344,0,1,0.9999380111694336,0.0001328995276708156,-0.011173740960657597,0,0.004419899545609951,0.9136830568313599,0.4064040780067444,0,0.010263259522616863,-0.40642791986465454,0.9136250019073486,0,0,0.19122500717639923,0,1,0.9977909922599792,-0.06312619149684906,-0.020670322701334953,0,0.0576678067445755,0.9776750206947327,-0.202052041888237,0,0.032963674515485764,0.20041395723819733,0.9791569709777832,0,0,0.21512800455093384,0,1,0.9994880557060242,0.004659764003008604,0.031657274812459946,0,0.0016517640324309468,0.9805070757865906,-0.1964745968580246,0,-0.03195572644472122,0.1964264065027237,0.9799979329109192,0,0,0.16556300222873688,-0.003220000071451068,1,-0.07898274064064026,0.09070199728012085,-0.9927409291267395,0,0.8711732625961304,-0.4778035581111908,-0.1129654049873352,0,-0.4845814108848572,-0.8737718462944031,-0.041278935968875885,0,0.07522899657487869,0.17196300625801086,-0.0032949999440461397,1,0.9256488680839539,0.23512111604213715,0.2964652180671692,0,-0.3712388873100281,0.715855062007904,0.5913820862770081,0,-0.07317977398633957,-0.6574720144271851,0.7499169707298279,0,0,0.16953399777412415,0,1,0.7805730700492859,0.6220628023147583,0.06118249520659447,0,-0.621816098690033,0.7827538847923279,-0.025320081040263176,0,-0.0636415034532547,-0.01828008145093918,0.9978050589561462,0,0,0.32899999618530273,0,1,0.48810669779777527,0.19038480520248413,-0.8517662286758423,0,0.08819878846406937,0.9601630568504333,0.26515594124794006,0,0.8683158755302429,-0.20454907417297363,0.4518701732158661,0,0,0.30154600739479065,0,1,0.7529109716415405,0.6570529937744141,0.037500545382499695,0,-0.6477299332618713,0.7499040365219116,-0.13449697196483612,0,-0.11649345606565475,0.07697403430938721,0.9902039170265198,0,-0.05599899962544441,0.03822999820113182,0,1,0.7904679775238037,-0.607571005821228,-0.07757367193698883,0,0.556829035282135,0.6600720286369324,0.5042288899421692,0,-0.2551506757736206,-0.44177213311195374,0.8600790500640869,0,-0.001740999985486269,0.05421600118279457,0,1,0.9998959898948669,0.014100953936576843,0.0031530659180134535,0,-0.013883044011890888,0.9980499744415283,-0.06084804609417915,0,-0.004004933405667543,0.06079794839024544,0.9981420040130615,0,-0.012923000380396843,0.09067399799823761,0,1,0.97291499376297,-0.03376322612166405,-0.22868399322032928,0,-0.03303123265504837,0.9588190317153931,-0.2820897102355957,0,0.2287910133600235,0.2820032835006714,0.9317349195480347,0,0,0.12702199816703796,0,1,0.8929978013038635,0.44441431760787964,0.0710681602358818,0,-0.4461697041988373,0.8534501791000366,0.2693619728088379,0,0.059055160731077194,-0.2722479999065399,0.9604129195213318,0,0.003318999893963337,0.10109200328588486,0,1,0.9614930152893066,0.27440398931503296,0.015316248871386051,0,-0.2718290090560913,0.9412979483604431,0.2001662403345108,0,0.04050924628973007,-0.19662177562713623,0.9796420335769653,0,0.0007910000276751816,0.0893620029091835,0,1,-0.0464775487780571,-0.0716915875673294,0.9963431358337402,0,-0.8911836743354797,-0.447603702545166,-0.07377921044826508,0,0.45125624537467957,-0.8913540244102478,-0.043086931109428406,0,-0.07522899657487869,0.17197300493717194,-0.0034209999721497297,1,0.9366229772567749,-0.2596891224384308,-0.23515498638153076,0,0.350043922662735,0.7211686968803406,0.5978164076805115,0,0.014340013265609741,-0.6422436237335205,0.7663662433624268,0,0,0.16953399777412415,0,1,0.8085710406303406,-0.5851598978042603,-0.06164141371846199,0,0.5857190489768982,0.8104469180107117,-0.01047320943325758,0,0.05608558654785156,-0.02763621136546135,0.9980430006980896,0,0,0.32900699973106384,0,1,0.3299662470817566,-0.17070995271205902,0.9284288883209229,0,0.05910303443670273,0.9853190183639526,0.16016492247581482,0,-0.942141056060791,0.0020239497534930706,0.33521169424057007,0,0,0.3015170097351074,0,1,0.7538519501686096,-0.655705988407135,-0.04191267117857933,0,0.6409010291099548,0.7478860020637512,-0.17295008897781372,0,0.14475031197071075,0.10351689159870148,0.9840379953384399,0,0.05699099972844124,0.03990500047802925,0,1,0.7984409928321838,0.5962520837783813,0.08352479338645935,0,-0.5441139340400696,0.6552110314369202,0.524058997631073,0,0.25774475932121277,-0.46387699246406555,0.8475760817527771,0,0.0032889998983591795,0.05556099861860275,0,1,0.9987339973449707,0.05004188418388367,-0.005138960666954517,0,-0.04986611753702164,0.9983060359954834,0.029990624636411667,0,0.006631039083003998,-0.029696378856897354,0.9995369911193848,0,0.011366999708116055,0.0851759985089302,0,1,0.9692269563674927,0.06739393621683121,0.23676206171512604,0,0.004717935808002949,0.9565320014953613,-0.2915889620780945,0,-0.24612191319465637,0.2837330400943756,0.9267789721488953,0,0,0.14398999512195587,0,1,0.9085310101509094,-0.41475802659988403,-0.050468746572732925,0,0.41341397166252136,0.8748829960823059,0.2523278594017029,0,-0.06050075218081474,-0.2501121461391449,0.966325044631958,0,-0.002196999965235591,0.09634800255298615,0,1,0.9036160111427307,-0.4262440800666809,-0.04236770421266556,0,0.4264879524707794,0.8860890865325928,0.18153280019760132,0,-0.03983571007847786,-0.18210521340370178,0.9824720025062561,0,0.0045529999770224094,0.09323199838399887,0,1,-0.924761176109314,-0.23214091360569,0.3015438914299011,0,0.24276410043239594,-0.9700831174850464,-0.0023119680117815733,0,0.29305917024612427,0.0710659772157669,0.9534500241279602,0,0.17039300501346588,-0.0793360024690628,0.0003910000086762011,1,0.9908449053764343,0.023101581260561943,-0.13301637768745422,0,-0.0950964167714119,0.8187811374664307,-0.5661759376525879,0,0.09583161026239395,0.5736411213874817,0.8134808540344238,0,0,0.42589500546455383,0,1,0.9995030760765076,0.02739984542131424,-0.015599001199007034,0,-0.000053158975788392127,0.49621400237083435,0.8682000637054443,0,0.03152899816632271,-0.8677680492401123,0.4959690272808075,0,0,0.297417014837265,0,1,0.9753109812736511,0,0.22083501517772675,0,-0.15211819112300873,0.7249209880828857,0.6718260049819946,0,-0.16008800268173218,-0.6888319849967957,0.7070230841636658,0,0,0.2033960074186325,0,1,-0.9673690795898438,0.1251726746559143,-0.22029194235801697,0,-0.14843931794166565,-0.9845970273017883,0.09238177537918091,0,-0.20533505082130432,0.12206722795963287,0.9710490107536316,0,-0.17039300501346588,-0.0793360024690628,0.000019999999494757503,1,0.9831950068473816,-0.10059810429811478,0.1523418426513672,0,0.172282874584198,0.7873127460479736,-0.5919942855834961,0,-0.06038717180490494,0.6082916259765625,0.7914132475852966,0,0,0.4258970022201538,0,1,0.9983440041542053,0.052723925560712814,0.022989314049482346,0,-0.04640607908368111,0.5021969676017761,0.8635069727897644,0,0.03398231789469719,-0.8631439208984375,0.5038120746612549,0,0,0.29739299416542053,0,1,0.9744510650634766,0.00028080979245714843,-0.22460085153579712,0,0.15648381412029266,0.7164941430091858,0.6798149943351746,0,0.16111616790294647,-0.697593092918396,0.698144793510437,0,0,0.2031490057706833,0,1
K0.034,-0.34907495975494385,-0.002755451947450638,-0.025277962908148766,0,-0.007869896478950977,0.3425625264644623,0.07133761048316956,0,0.024179188534617424,0.07171746343374252,-0.3417191207408905,0,-0.000725712685380131,0.3212316632270813,0.0028138498309999704,1,0.9996327757835388,0.011363193392753601,-0.02458995208144188,0,-0.011096108704805374,0.9998779892921448,0.010970843024551868,0,0.02471163682639599,-0.010693970136344433,0.9996377825737,0,0,0.142985999584198,-0.011126000434160233,1,0.9999209642410278,-0.00020463542023207992,-0.012580114416778088,0,0.0029981916304677725,0.9749394059181213,0.2224501222372055,0,0.012219331227242947,-0.22247031331062317,0.9748632907867432,0,0,0.16732099652290344,0,1,0.9999299645423889,0.000025200608433806337,-0.011809631250798702,0,0.0047758836299180984,0.9137147665023804,0.4063272476196289,0,0.010800885036587715,-0.406355619430542,0.9136515259742737,0,0,0.19122500717639923,0,1,0.9978535175323486,-0.062260814011096954,-0.020272627472877502,0,0.056988298892974854,0.9782661199569702,-0.19936591386795044,0,0.032244723290205,0.19778276979923248,0.9797149300575256,0,0,0.21512800455093384,0,1,0.9994468688964844,0.0058289263397455215,0.0327301025390625,0,0.000644192099571228,0.9809294939041138,-0.19436544179916382,0,-0.03323887288570404,0.19427907466888428,0.9803833961486816,0,0,0.16556300222873688,-0.003220000071451068,1,-0.07047989964485168,0.09125375002622604,-0.9933305382728577,0,0.8694851398468018,-0.4824490249156952,-0.10601358115673065,0,-0.48890525102615356,-0.8711575865745544,-0.04534078761935234,0,0.07522899657487869,0.17196300625801086,-0.0032949999440461397,1,0.9252879023551941,0.23349101841449738,0.2988719642162323,0,-0.37126898765563965,0.718600332736969,0.5880242586135864,0,-0.07747113704681396,-0.6550537347793579,0.7516003251075745,0,0,0.16953399777412415,0,1,0.7858526706695557,0.6154427528381348,0.06055321544408798,0,-0.6152019500732422,0.7879812717437744,-0.024759523570537567,0,-0.06295277923345566,-0.01779509149491787,0.997857391834259,0,0,0.32899999618530273,0,1,0.4916229248046875,0.18859368562698364,-0.8501409888267517,0,0.08624619245529175,0.960921049118042,0.26304367184638977,0,0.8665268421173096,-0.20263974368572235,0.45614534616470337,0,0,0.30154600739479065,0,1,0.7529109716415405,0.6570529937744141,0.0375000536441803,0,-0.6477299332618713,0.7499040365219116,-0.1344967931509018,0,-0.11649295687675476,0.07697421312332153,0.9902039766311646,0,-0.05599899962544441,0.03822999820113182,0,1,0.7904677391052246,-0.6075713038444519,-0.07757411152124405,0,0.5568296313285828,0.6600720286369324,0.5042282938957214,0,-0.25515004992485046,-0.44177162647247314,0.8600791096687317,0,-0.001740999985486269,0.05421600118279457,0,1,0.9998959898948669,0.014100947417318821,0.003153066150844097,0,-0.013883037492632866,0.9980499744415283,-0.06084804609417915,0,-0.004004932940006256,0.06079794839024544,0.9981420040130615,0,-0.012923000380396843,0.09067399799823761,0,1,0.9728522896766663,-0.03170440346002579,-0.22924503684043884,0,-0.03482389077544212,0.9592383503913879,-0.28044483065605164,0,0.22879186272621155,0.2808144688606262,0.9320927262306213,0,0,0.12702199816703796,0,1,0.8908917307853699,0.448415070772171,0.07236398756504059,0,-0.45020216703414917,0.8506050705909729,0.2716439664363861,0,0.0602559931576252,-0.2745833992958069,0.9596731662750244,0,0.003318999893963337,0.10109200328588486,0,1,0.9601912498474121,0.27887988090515137,0.01609439216554165,0,-0.2762565612792969,0.9394596219062805,0.20272445678710938,0,0.0414157398045063,-0.19910040497779846,0.9791032075881958,0,0.0007910000276751816,0.0893620029091835,0,1,-0.03595098853111267,-0.07327043265104294,0.9966642260551453,0,-0.8897096514701843,-0.4518304169178009,-0.06530965119600296,0,0.45510825514793396,-0.8890892267227173,-0.04894557222723961,0,-0.07522899657487869,0.17197300493717194,-0.0034209999721497297,1,0.9376368522644043,-0.2542136311531067,-0.23709306120872498,0,0.34702104330062866,0.7244473695755005,0.5956112742424011,0,0.020348913967609406,-0.6407428979873657,0.7674853801727295,0,0,0.16953399777412415,0,1,0.8121363520622253,-0.5802591443061829,-0.06110059842467308,0,0.5808074474334717,0.8139769434928894,-0.010191982612013817,0,0.05564847216010094,-0.027210406959056854,0.9980791807174683,0,0,0.32900699973106384,0,1,0.34100472927093506,-0.15852299332618713,0.926598846912384,0,0.05858556181192398,0.9873473644256592,0.1473553627729416,0,-0.9382339715957642,0.00403644610196352,0.34597718715667725,0,0,0.3015170097351074,0,1,0.7538519501686096,-0.655705988407135,-0.04191267117857933,0,0.6409010291099548,0.7478860020637512,-0.17295008897781372,0,0.14475031197071075,0.10351689159870148,0.9840379953384399,0,0.05699099972844124,0.03990500047802925,0,1,0.7984409928321838,0.5962520837783813,0.08352479338645935,0,-0.5441139340400696,0.6552110314369202,0.524058997631073,0,0.25774475932121277,-0.46387699246406555,0.8475760817527771,0,0.0032889998983591795,0.05556099861860275,0,1,0.9987339973449707,0.05004188045859337,-0.005138973239809275,0,-0.049866121262311935,0.9983060359954834,0.029990127310156822,0,0.0066310265101492405,-0.02969588153064251,0.9995369911193848,0,0.011366999708116055,0.0851759985089302,0,1,0.9692258834838867,0.0666574239730835,0.23697669804096222,0,0.005362763535231352,0.9566972851753235,-0.29103580117225647,0,-0.2461146116256714,0.28335022926330566,0.9268981218338013,0,0,0.14398999512195587,0,1,0.9082580804824829,-0.4153377413749695,-0.050619058310985565,0,0.4139907658100128,0.874523937702179,0.25262537598609924,0,-0.060657236725091934,-0.2504046857357025,0.9662387371063232,0,-0.002196999965235591,0.09634800255298615,0,1,0.9035226702690125,-0.426435649394989,-0.04241134226322174,0,0.4266801178455353,0.8859760761260986,0.18163549900054932,0,-0.03988039493560791,-0.18220774829387665,0.9824504852294922,0,0.0045529999770224094,0.09323199838399887,0,1,-0.9255546927452087,-0.23081497848033905,0.3001219630241394,0,0.24112513661384583,-0.9704897999763489,-0.0027624736540019512,0,0.29190292954444885,0.06981012225151062,0.9538968205451965,0,0.17039300501346588,-0.0793360024690628,0.0003910000086762011,1,0.9908402562141418,0.026555268093943596,-0.1324024349451065,0,-0.0974360927939415,0.8194440603256226,-0.5648161768913269,0,0.09349754452705383,0.5725435018539429,0.8145257234573364,0,0,0.42589500546455383,0,1,0.9995524883270264,0.025170516222715378,-0.016155153512954712,0,0.0015154746361076832,0.4968276619911194,0.8678470849990845,0,0.02987050823867321,-0.8674838542938232,0.4965675473213196,0,0,0.297417014837265,0,1,0.9753108620643616,0,0.220834419131279,0,-0.15211784839630127,0.724920928478241,0.6718250513076782,0,-0.16008758544921875,-0.6888319253921509,0.707024097442627,0,0,0.2033960074186325,0,1,-0.9675977826118469,0.12456241995096207,-0.21963290870189667,0,-0.1476728469133377,-0.9847398400306702,0.09209157526493073,0,-0.20481009781360626,0.12154141813516617,0.9712265133857727,0,-0.17039300501346588,-0.0793360024690628,0.000019999999494757503,1,0.9830133318901062,-0.10287852585315704,0.1519867479801178,0,0.17385385930538177,0.7873361706733704,-0.591503381729126,0,-0.05881170183420181,0.607879638671875,0.791848361492157,0,0,0.4258970022201538,0,1,0.9982633590698242,0.05411553010344505,0.02329619601368904,0,-0.047388844192028046,0.5025597214698792,0.8632423281669617,0,0.03500708192586899,-0.8628470301628113,0.5042513608932495,0,0,0.29739299416542053,0,1,0.9744429588317871,0.0002869925810955465,-0.22463423013687134,0,0.1565423607826233,0.7163230776786804,0.6799817085266113,0,0.1611059159040451,-0.69776850938797,0.6979714035987854,0,0,0.2031490057706833,0,1
K0.067,-0.3490702509880066,-0.002550423378124833,-0.025364896282553673,0,-0.007686523720622063,0.34256675839424133,0.07133664935827255,0,0.024306394159793854,0.07170426100492477,-0.3417130410671234,0,-0.0006981660844758153,0.32127445936203003,0.0027510884683579206,1,0.9995965361595154,0.010920445434749126,-0.026225918903946877,0,-0.010631943121552467,0.9998820424079895,0.011115134693682194,0,0.02634419873356819,-0.01083181519061327,0.999594509601593,0,0,0.142985999584198,-0.011126000434160233,1,0.9999077916145325,-0.0003195985045749694,-0.013592968694865704,0,0.0033317769411951303,0.9750035405158997,0.2221633493900299,0,0.013182186521589756,-0.22218811511993408,0.9749143719673157,0,0,0.16732099652290344,0,1,0.9999188184738159,-0.00009141390182776377,-0.012706591747701168,0,0.005243794992566109,0.9138244986534119,0.40607529878616333,0,0.011574476957321167,-0.406109094619751,0.9137510061264038,0,0,0.19122500717639923,0,1,0.9979360699653625,-0.06130462512373924,-0.01911991834640503,0,0.05637422949075699,0.9789131879806519,-0.1963413506746292,0,0.03075338341295719,0.19485829770565033,0.9803491234779358,0,0,0.21512800455093384,0,1,0.9992541074752808,0.006986689288169146,0.03799132630228996,0,0.00042066152673214674,0.9814802408218384,-0.19156070053577423,0,-0.03862611576914787,0.19143381714820862,0.9807453155517578,0,0,0.16556300222873688,-0.003220000071451068,1,-0.05904127657413483,0.09207114577293396,-0.9940009713172913,0,0.8667131662368774,-0.4893237352371216,-0.09680511057376862,0,-0.4953009784221649,-0.8672289252281189,-0.05090909078717232,0,0.07522899657487869,0.17196300625801086,-0.0032949999440461397,1,0.9249573945999146,0.23086868226528168,0.30191725492477417,0,-0.37067335844039917,0.723516583442688,0.5823440551757812,0,-0.08399717509746552,-0.6505560278892517,0.7547987699508667,0,0,0.16953399777412415,0,1,0.7921091318130493,0.607444703578949,0.059791095554828644,0,-0.6072105765342712,0.7941755056381226,-0.024094300344586372,0,-0.062120527029037476,-0.017220458015799522,0.9979197978973389,0,0,0.32899999618530273,0,1,0.49796155095100403,0.1849689781665802,-0.8472434878349304,0,0.08224015682935715,0.9625120162963867,0.2584703266620636,0,0.8632907271385193,-0.19838564097881317,0.46408194303512573,0,0,0.30154600739479065,0,1,0.7529109716415405,0.6570529937744141,0.0375000536441803,0,-0.6477299332618713,0.7499040365219116,-0.1344967931509018,0,-0.11649295687675476,0.07697421312332153,0.9902039766311646,0,-0.05599899962544441,0.03822999820113182,0,1,0.7904679775238037,-0.607571005821228,-0.07757367938756943,0,0.556829035282135,0.6600720286369324,0.5042288899421692,0,-0.2551506757736206,-0.44177213311195374,0.8600790500640869,0,-0.001740999985486269,0.05421600118279457,0,1,0.9998959898948669,0.014099967665970325,0.003153095953166485,0,-0.013882056809961796,0.9980499744415283,-0.06084804609417915,0,-0.004004903137683868,0.060797952115535736,0.9981420040130615,0,-0.012923000380396843,0.09067399799823761,0,1,0.9727380275726318,-0.028254631906747818,-0.23017898201942444,0,-0.03782772272825241,0.9599251747131348,-0.2776917517185211,0,0.22880057990550995,0.27882835268974304,0.9326865077018738,0,0,0.12702199816703796,0,1,0.8873230218887329,0.45508095622062683,0.07455627620220184,0,-0.45692136883735657,0.8457852602005005,0.2754438817501068,0,0.06229069083929062,-0.2784741222858429,0.9584211111068726,0,0.003318999893963337,0.10109200328588486,0,1,0.9579659700393677,0.2863534986972809,0.017423996701836586,0,-0.2836483418941498,0.9363207817077637,0.20699578523635864,0,0.04295950010418892,-0.20323710143566132,0.9781866669654846,0,0.0007910000276751816,0.0893620029091835,0,1,-0.02186250500380993,-0.07533355802297592,0.9969190955162048,0,-0.8874976634979248,-0.45763203501701355,-0.05404442176222801,0,0.4602934420108795,-0.8859449625015259,-0.05685345456004143,0,-0.07522899657487869,0.17197300493717194,-0.0034209999721497297,1,0.9394800662994385,-0.24635493755340576,-0.23809030652046204,0,0.34142547845840454,0.7308237552642822,0.5910378098487854,0,0.028396932408213615,-0.636557936668396,0.7707056999206543,0,0,0.16953399777412415,0,1,0.8143767714500427,-0.5771466493606567,-0.06075773388147354,0,0.5776883959770203,0.8161957263946533,-0.010015415027737617,0,0.05537059158086777,-0.02694273181259632,0.9981022477149963,0,0,0.32900699973106384,0,1,0.3602909743785858,-0.139288067817688,0.9223820567131042,0,0.05798972398042679,0.9902211427688599,0.12688106298446655,0,-0.9310362339019775,0.007774598430842161,0.3648453950881958,0,0,0.3015170097351074,0,1,0.7538519501686096,-0.655705988407135,-0.04191267117857933,0,0.6409010291099548,0.7478860020637512,-0.17295008897781372,0,0.14475031197071075,0.10351689159870148,0.9840379953384399,0,0.05699099972844124,0.03990500047802925,0,1,0.7984409928321838,0.5962520837783813,0.08352479338645935,0,-0.5441139340400696,0.6552110314369202,0.524058997631073,0,0.25774475932121277,-0.46387699246406555,0.8475760817527771,0,0.0032889998983591795,0.05556099861860275,0,1,0.9987339973449707,0.05004188418388367,-0.005138960666954517,0,-0.04986611753702164,0.9983060359954834,0.029990624636411667,0,0.006631039083003998,-0.029696378856897354,0.9995369911193848,0,0.011366999708116055,0.0851759985089302,0,1,0.969214677810669,0.0636473149061203,0.23784998059272766,0,0.007996664382517338,0.9573652744293213,-0.2887711524963379,0,-0.2460886389017105,0.28178301453590393,0.9273828268051147,0,0,0.14398999512195587,0,1,0.9071382284164429,-0.4177016317844391,-0.05123235657811165,0,0.4163435399532318,0.8730548024177551,0.25383806228637695,0,-0.0612998865544796,-0.2515963912010193,0.9658883810043335,0,-0.002196999965235591,0.09634800255298615,0,1,0.9031449556350708,-0.4272174537181854,-0.04258759692311287,0,0.4274614155292511,0.8855124711990356,0.1820538192987442,0,-0.0400647409260273,-0.18262559175491333,0.9823653697967529,0,0.0045529999770224094,0.09323199838399887,0,1,-0.9269659519195557,-0.2282540500164032,0.2977156639099121,0,0.23798677325248718,-0.9712620973587036,-0.003657449735328555,0,0.28999462723731995,0.0674620270729065,0.9546478390693665,0,0.17039300501346588,-0.0793360024690628,0.0003910000086762011,1,0.9908672571182251,0.03263801708817482,-0.13082700967788696,0,-0.10127454251050949,0.8207125067710876,-0.5622936487197876,0,0.08901926875114441,0.5704081654548645,0.8165230751037598,0,0,0.42589500546455383,0,1,0.9996239542961121,0.021451564505696297,-0.01710345968604088,0,0.004154163878411055,0.49787479639053345,0.8672393560409546,0,0.027119001373648643,-0.8669835329055786,0.4975980222225189,0,0,0.297417014837265,0,1,0.9753109216690063,0,0.2208341658115387,0,-0.1521172821521759,0.7249221205711365,0.6718247532844543,0,-0.16008786857128143,-0.6888311505317688,0.707024872303009,0,0,0.2033960074186325,0,1,-0.9678889513015747,0.12395717948675156,-0.21868914365768433,0,-0.1468818187713623,-0.984882652759552,0.09182897955179214,0,-0.20400027930736542,0.1210017055273056,0.9714640974998474,0,-0.17039300501346588,-0.0793360024690628,0.000019999999494757503,1,0.9827366471290588,-0.10597945749759674,0.15164922177791595,0,0.17606765031814575,0.7874923348426819,-0.5906401872634888,0,-0.0568268746137619,0.6071441173553467,0.7925569415092468,0,0,0.4258970022201538,0,1,0.9981483221054077,0.05600252375006676,0.023732220754027367,0,-0.04874436557292938,0.5031435489654541,0.8628268837928772,0,0.03637978807091713,-0.8623863458633423,0.5049418807029724,0,0,0.29739299416542053,0,1,0.974433958530426,0.000294037425192073,-0.22467239201068878,0,0.15660962462425232,0.7161270976066589,0.6801739931106567,0,0.16109386086463928,-0.6979699730873108,0.6977720260620117,0,0,0.2031490057706833,0,1
K0.101,-0.3490634262561798,-0.0023337656166404486,-0.02547849342226982,0,-0.007496517151594162,0.34257322549819946,0.07132581621408463,0,0.024462275207042694,0.07168072462081909,-0.3417067229747772,0,-0.0006699644145555794,0.321331650018692,0.0026518406812101603,1,0.9995574951171875,0.010386970825493336,-0.027855001389980316,0,-0.010083132423460484,0.9998881816864014,0.011026332154870033,0,0.027966447174549103,-0.010740597732365131,0.99955153465271,0,0,0.142985999584198,-0.011126000434160233,1,0.9998928308486938,-0.00042441755067557096,-0.014611315913498402,0,0.00365235423669219,0.9751270413398743,0.2216159999370575,0,0.014153845608234406,-0.22164581716060638,0.9750249981880188,0,0,0.16732099652290344,0,1,0.9999068379402161,-0.00019440327014308423,-0.013640600256621838,0,0.005711474921554327,0.9140126705169678,0.40564602613449097,0,0.012388822622597218,-0.4056861698627472,0.9139286279678345,0,0,0.19122500717639923,0,1,0.9980173707008362,-0.06032305583357811,-0.0179850272834301,0,0.05575001612305641,0.979727566242218,-0.19241981208324432,0,0.02922777086496353,0.19103559851646423,0.9811478853225708,0,0,0.21512800455093384,0,1,0.999008297920227,0.007947255857288837,0.04380657523870468,0,0.00043961554183624685,0.9821304082870483,-0.18820054829120636,0,-0.044519439339637756,0.18803314864635468,0.9811527729034424,0,0,0.16556300222873688,-0.003220000071451068,1,-0.04732699692249298,0.09280529618263245,-0.9945583939552307,0,0.8636187314987183,-0.49650779366493225,-0.08742683380842209,0,-0.5019195675849915,-0.8630567193031311,-0.0566500723361969,0,0.07522899657487869,0.17196300625801086,-0.0032949999440461397,1,0.9246686100959778,0.2270914912223816,0.3056434094905853,0,-0.3696177005767822,0.7281851172447205,0.5771732926368713,0,-0.09149381518363953,-0.6466650366783142,0.7572667002677917,0,0,0.16953399777412415,0,1,0.7983450889587402,0.5993012189865112,0.05901499092578888,0,-0.5990743041038513,0.8003500699996948,-0.02343042753636837,0,-0.061274562031030655,-0.016648808494210243,0.9979819059371948,0,0,0.32899999618530273,0,1,0.5046369433403015,0.18168532848358154,-0.8439975380897522,0,0.07950008660554886,0.9636722207069397,0.25498154759407043,0,0.8596633076667786,-0.1957709789276123,0.4718606173992157,0,0,0.30154600739479065,0,1,0.7529109716415405,0.6570529937744141,0.0375000536441803,0,-0.6477299332618713,0.7499040365219116,-0.1344967931509018,0,-0.11649295687675476,0.07697421312332153,0.9902039766311646,0,-0.05599899962544441,0.03822999820113182,0,1,0.7904680371284485,-0.6075720191001892,-0.07757402956485748,0,0.5568299293518066,0.6600720286369324,0.5042279362678528,0,-0.2551500201225281,-0.4417710304260254,0.8600789904594421,0,-0.001740999985486269,0.05421600118279457,0,1,0.9998959898948669,0.014100953936576843,0.0031530659180134535,0,-0.013883044011890888,0.9980499744415283,-0.06084804609417915,0,-0.004004933405667543,0.06079794839024544,0.9981420040130615,0,-0.012923000380396843,0.09067399799823761,0,1,0.9725708365440369,-0.023717505857348442,-0.23139367997646332,0,-0.04177621006965637,0.9608016014099121,-0.2740703225135803,0,0.22882378101348877,0.2762196660041809,0.9334571957588196,0,0,0.12702199816703796,0,1,0.8825551271438599,0.46378085017204285,0.07748256623744965,0,-0.4656929671764374,0.8393477201461792,0.28040289878845215,0,0.06501065194606781,-0.28355398774147034,0.9567496180534363,0,0.003318999893963337,0.10109200328588486,0,1,0.9549518823623657,0.29613596200942993,0.019222544506192207,0,-0.2933218479156494,0.9320780634880066,0.21258509159088135,0,0.04503719136118889,-0.2086469978094101,0.9769531488418579,0,0.0007910000276751816,0.0893620029091835,0,1,-0.007453008089214563,-0.07731670886278152,0.9969783425331116,0,-0.885009229183197,-0.46362367272377014,-0.04257049039006233,0,0.46551424264907837,-0.8826523423194885,-0.06497058272361755,0,-0.07522899657487869,0.17197300493717194,-0.0034209999721497297,1,0.941584050655365,-0.23794017732143402,-0.23833532631397247,0,0.33482611179351807,0.7374744415283203,0.5865355134010315,0,0.03620584309101105,-0.6320731043815613,0.77406245470047,0,0,0.16953399777412415,0,1,0.8156974911689758,-0.5753011703491211,-0.06055484712123871,0,0.5758387446403503,0.8175029754638672,-0.009911438450217247,0,0.055205848067998886,-0.026785099878907204,0.998116135597229,0,0,0.32900699973106384,0,1,0.38300004601478577,-0.11878835409879684,0.9160780906677246,0,0.05613359436392784,0.9928576350212097,0.1052756980061531,0,-0.9220408201217651,0.011102158576250076,0.3869326114654541,0,0,0.3015170097351074,0,1,0.7538519501686096,-0.655705988407135,-0.04191267117857933,0,0.6409010291099548,0.7478860020637512,-0.17295008897781372,0,0.14475031197071075,0.10351689159870148,0.9840379953384399,0,0.05699099972844124,0.03990500047802925,0,1,0.7984409332275391,0.5962511897087097,0.08352450281381607,0,-0.54411381483078,0.6552121043205261,0.5240591168403625,0,0.2577444612979889,-0.4638768136501312,0.8475762605667114,0,0.0032889998983591795,0.05556099861860275,0,1,0.9987339973449707,0.05004188418388367,-0.005138960666954517,0,-0.04986611753702164,0.9983060359954834,0.029990624636411667,0,0.006631039083003998,-0.029696378856897354,0.9995369911193848,0,0.011366999708116055,0.0851759985089302,0,1,0.9691821336746216,0.05919741466641426,0.23912829160690308,0,0.011888005770742893,0.9583281874656677,-0.28542083501815796,0,-0.24605964124202728,0.2794676125049591,0.9280911684036255,0,0,0.14398999512195587,0,1,0.9054730534553528,-0.4211888313293457,-0.05214525759220123,0,0.4198133051395416,0.8708682060241699,0.25562629103660583,0,-0.062255267053842545,-0.25335386395454407,0.96536785364151,0,-0.002196999965235591,0.09634800255298615,0,1,0.9025858640670776,-0.42837294936180115,-0.0428491048514843,0,0.42861661314964294,0.8848270773887634,0.18267130851745605,0,-0.040337394922971725,-0.18324236571788788,0.9822400808334351,0,0.0045529999770224094,0.09323199838399887,0,1,-0.9285469651222229,-0.2253842055797577,0.2949635088443756,0,0.23440685868263245,-0.9721264839172363,-0.004896177910268307,0,0.28784528374671936,0.06459512561559677,0.9554963707923889,0,0.17039300501346588,-0.0793360024690628,0.0003910000086762011,1,0.9908665418624878,0.03962225839495659,-0.12889045476913452,0,-0.10562662780284882,0.8222375512123108,-0.5592576861381531,0,0.08381950855255127,0.5677639245986938,0.81891268491745,0,0,0.42589500546455383,0,1,0.9996860027313232,0.01720072701573372,-0.01820221170783043,0,0.007191126700490713,0.49905410408973694,0.8665410280227661,0,0.023989032953977585,-0.8664001226425171,0.49877387285232544,0,0,0.297417014837265,0,1,0.9753108620643616,0,0.220834419131279,0,-0.15211792290210724,0.7249212265014648,0.6718257665634155,0,-0.16008758544921875,-0.68883216381073,0.7070238590240479,0,0,0.2033960074186325,0,1,-0.9682807922363281,0.12309149652719498,-0.2174425572156906,0,-0.14573629200458527,-0.9850999116897583,0.09131711721420288,0,-0.20296236872673035,0.1201099306344986,0.9717925786972046,0,-0.17039300501346588,-0.0793360024690628,0.000019999999494757503,1,0.982390820980072,-0.10989849269390106,0.15109533071517944,0,0.17878146469593048,0.7878255844116211,-0.589379072189331,0,-0.05426492169499397,0.60601407289505,0.7936009764671326,0,0,0.4258970022201538,0,1,0.9980123043060303,0.05817512422800064,0.02423091232776642,0,-0.05030454695224762,0.503806471824646,0.86235111951828,0,0.03795967996120453,-0.861855685710907,0.5057314038276672,0,0,0.29739299416542053,0,1,0.9744280576705933,0.00029916863422840834,-0.22470173239707947,0,0.15666134655475616,0.7159755229949951,0.6803213953971863,0,0.16108432412147522,-0.6981257200241089,0.6976191401481628,0,0,0.2031490057706833,0,1
