1.300,30,38,41
B0,mixamorig_Hips,-1,-0.96198970079422,0.08102206885814667,-0.26079243421554565,0,0.09358585625886917,0.9949567914009094,-0.036102112382650375,0,0.2565518617630005,-0.059136275202035904,-0.9647196531295776,0,-0.00615428714081645,0.2800580859184265,0.001273060217499733,1
B1,mixamorig_Spine,0,0.9957039952278137,0.030602268874645233,-0.08738581091165543,0,-0.034444283694028854,0.9984897971153259,-0.04280170425772667,0,0.08594401180744171,0.04562777653336525,0.995254397392273,0,0,0.053141999989748,0.0032510000746697187,1
B2,mixamorig_Spine1,1,0.9850334525108337,0.02064668759703636,-0.1711217612028122,0,-0.05601989105343819,0.9772502779960632,-0.20455893874168396,0,0.1630052626132965,0.2110835164785385,0.963780403137207,0,0,0.06211499869823456,0,1
B3,mixamorig_Spine2,2,0.9850335121154785,0.020646756514906883,-0.17112186551094055,0,-0.05601997300982475,0.9772502779960632,-0.20455892384052277,0,0.16300532221794128,0.2110835164785385,0.963780403137207,0,0,0.07098899781703949,0,1
B4,mixamorig_Neck,3,0.9421092867851257,0.041628867387771606,0.332711786031723,0,-0.05035707727074623,0.9985755681991577,0.017649825662374496,0,-0.3315030634403229,-0.03338245302438736,0.9428635239601135,0,0,0.07986199855804443,0,1
B5,mixamorig_Head,4,0.959110677242279,-0.21198970079421997,-0.1875276416540146,0,0.19157186150550842,0.9739644527435303,-0.12121846526861191,0,0.20834234356880188,0.08033691346645355,0.9747511148452759,0,0,0.04960700124502182,0.0009360000258311629,1
B6,mixamorig_HeadTop_End,5,1,0,0,0,0,1,0,0,0,0,1,0,0,0.2702980041503906,0.005102999974042177,1
B7,mixamorig_LeftShoulder,3,-0.10106463730335236,0.01575002260506153,0.9947552680969238,0,-0.8388610482215881,-0.5389155745506287,-0.07669350504875183,0,0.5348811745643616,-0.8422123789787292,0.06767743080854416,0,-0.02656799927353859,0.06445500254631042,0.0010219999821856618,1
B8,mixamorig_LeftArm,7,-0.898431658744812,0.3767137825489044,-0.22562721371650696,0,0.27000972628593445,0.879144012928009,0.3926846981048584,0,0.34628826379776,0.2918785810470581,-0.8915664553642273,0,0,0.06136700138449669,0,1
B9,mixamorig_LeftForeArm,8,0.831910252571106,-0.43013325333595276,0.3505862057209015,0,0.4069884121417999,0.9024184942245483,0.14142698049545288,0,-0.37720784544944763,0.02502995915710926,0.9257902503013611,0,0,0.12568999826908112,0,1
B10,mixamorig_LeftHand,9,-0.42832353711128235,0.4912712872028351,0.7584137916564941,0,0.23309533298015594,0.8709654808044434,-0.43253451585769653,0,-0.8730441927909851,-0.008482003584504128,-0.4875681698322296,0,0,0.10690800100564957,0,1
B11,mixamorig_LeftHandThumb1,10,0.6304365396499634,0.7739359736442566,-0.05976654961705208,0,-0.7716161012649536,0.6332126259803772,0.06042018160223961,0,0.0846063420176506,0.008025744929909706,0.996382474899292,0,-0.020052000880241394,0.009921999648213387,0,1
B12,mixamorig_LeftHandThumb2,11,0.9977019429206848,-0.029702918604016304,-0.060896918177604675,0,0.059168342500925064,0.81987065076828,0.5694839358329773,0,0.03301224112510681,-0.5717780590057373,0.8197435140609741,0,-0.0016319999704137444,0.017822999507188797,0,1
B13,mixamorig_LeftHandThumb3,12,0.9499849677085876,0.3122761845588684,-0.0034150672145187855,0,-0.31227588653564453,0.9499910473823547,0.0006361296400427818,0,0.003442932851612568,0.000462129624793306,0.9999939799308777,0,-0.004317999817430973,0.032010000199079514,0,1
B14,mixamorig_LeftHandThumb4,13,1,0,0,0,0,1,0,0,0,0,1,0,0.005948999896645546,0.03168400004506111,0,1
B15,mixamorig_LeftHandIndex1,10,0.3035116195678711,0.9156383275985718,0.2636035680770874,0,-0.891731858253479,0.17549292743206024,0.4171527624130249,0,0.3357005715370178,-0.36167454719543457,0.8697683215141296,0,0,0.037307001650333405,0,1
B16,mixamorig_LeftHandIndex2,15,0.37361180782318115,0.8948384523391724,0.24429263174533844,0,-0.908299446105957,0.2995036542415619,0.2920432388782501,0,0.18816494941711426,-0.33100154995918274,0.9246791005134583,0,0.0012499999720603228,0.03654000163078308,0,1
B17,mixamorig_LeftHandIndex3,16,0.995169997215271,-0.09769593924283981,-0.009580885991454124,0,0.0976930558681488,0.9952160120010376,-0.0007682731957174838,0,0.009610113687813282,-0.00017142368596978486,0.9999539256095886,0,0.0006210000137798488,0.03356099873781204,0,1
B18,mixamorig_LeftHandIndex4,17,1,0,0,0,0,1,0,0,0,0,1,0,-0.0018710000440478325,0.02371099963784218,0,1
B19,mixamorig_RightShoulder,3,-0.28267043828964233,0.014075897634029388,-0.9591137170791626,0,0.8967642784118652,-0.3510177433490753,-0.26944631338119507,0,-0.34045833349227905,-0.9362626671791077,0.08659952133893967,0,0.02656799927353859,0.06444499641656876,0.0008640000014565885,1
B20,mixamorig_RightArm,19,-0.9884952902793884,0.05976110324263573,0.13894596695899963,0,0.12143845856189728,0.8612064719200134,0.49353501200675964,0,-0.09016688168048859,0.5047299861907959,-0.8585549592971802,0,0,0.06136700138449669,0,1
B21,mixamorig_RightForeArm,20,0.5021854639053345,0.8239558935165405,-0.26250091195106506,0,-0.8640679717063904,0.46596354246139526,-0.19043360650539398,0,-0.03459302708506584,0.32245147228240967,0.9459535479545593,0,0,0.1256980001926422,0,1
B22,mixamorig_RightHand,21,-0.733817994594574,-0.25776204466819763,-0.6285457611083984,0,-0.039760690182447433,0.9399319291114807,-0.33903926610946655,0,0.6781814694404602,-0.2238016277551651,-0.6999875903129578,0,0,0.10690099745988846,0,1
B23,mixamorig_RightHandThumb1,22,0.8305104374885559,-0.5229859352111816,-0.1916719526052475,0,0.5025819540023804,0.8519541621208191,-0.1469201147556305,0,0.24013277888298035,0.02568781189620495,0.9703997373580933,0,0.021004000678658485,0.01056899968534708,0,1
B24,mixamorig_RightHandThumb2,23,0.9874845743179321,0.1545589119195938,0.031392376869916916,0,-0.15770511329174042,0.9698684215545654,0.18570014834403992,0,-0.0017448633443564177,-0.18832674622535706,0.9821047782897949,0,0.002191999927163124,0.018681999295949936,0,1
B25,mixamorig_RightHandThumb3,24,0.9474419355392456,-0.3199191391468048,0.002513326471671462,0,0.31991884112358093,0.9474450945854187,0.0005207140347920358,0,-0.0025478245224803686,0.00031071409466676414,0.999997079372406,0,0.0037169998977333307,0.030345000326633453,0,1
B26,mixamorig_RightHandThumb4,25,1,0,0,0,0,1,0,0,0,0,1,0,-0.0059090000577270985,0.028519999235868454,0,1
B27,mixamorig_RightHandIndex1,22,0.9404670000076294,-0.3383663296699524,0.03209880366921425,0,0.33860641717910767,0.9409254789352417,-0.00220152223482728,0,-0.029457662254571915,0.01293932180851698,0.9994823932647705,0,0,0.043143998831510544,0,1
B28,mixamorig_RightHandIndex2,27,0.7304883003234863,-0.6712633967399597,-0.12566806375980377,0,0.6751903295516968,0.6822651028633118,0.2804136574268341,0,-0.102492555975914,-0.28968891501426697,0.9516177773475647,0,-0.00036199999158270657,0.035868000239133835,0,1
B29,mixamorig_RightHandIndex3,28,0.9998530149459839,0.01716500148177147,0.0005689486279152334,0,-0.01716499589383602,0.9998530149459839,-0.000010883800314331893,0,-0.0005690513644367456,0.000001116199086936831,0.9999999403953552,0,-0.000014999999621068127,0.033337000757455826,0,1
B30,mixamorig_RightHandIndex4,29,1,0,0,0,0,1,0,0,0,0,1,0,0.0003769999893847853,0.023305000737309456,0,1
B31,mixamorig_LeftUpLeg,0,-0.9858061671257019,0.1662297397851944,0.02355688251554966,0,-0.1294054090976715,-0.6629217863082886,-0.7374209761619568,0,-0.10696490108966827,-0.7300022840499878,0.675023078918457,0,-0.0607369989156723,-0.029496999457478523,-0.0024339999072253704,1
B32,mixamorig_LeftLeg,31,0.8555286526679993,0.4406428039073944,-0.2718549072742462,0,0.08273524045944214,0.40196818113327026,0.9119084477424622,0,0.5111027359962463,-0.8026555776596069,0.30743855237960815,0,0,0.1533450037240982,0,1
B33,mixamorig_LeftFoot,32,-0.9870270490646362,0.1504536122083664,-0.05604172870516777,0,0.12599128484725952,0.5094843506813049,-0.8512056469917297,0,-0.0995146706700325,-0.8472244739532471,-0.521831214427948,0,0,0.09672500193119049,0,1
B34,mixamorig_LeftToeBase,33,0.9437580108642578,-0.03654416278004646,0.3286099433898926,0,-0.2209731787443161,0.6695950031280518,0.709092915058136,0,-0.24594901502132416,-0.7418268322944641,0.6238609552383423,0,0,0.07527200132608414,0,1
B35,mixamorig_LeftToe_End,34,1,0,0,0,0,1,0,0,0,0,1,0,0,0.030131999403238297,0,1
B36,mixamorig_RightUpLeg,0,-0.9935134053230286,0.07285292446613312,-0.08731113374233246,0,-0.0980004221200943,-0.9380096197128296,0.3324660062789917,0,-0.05767758935689926,0.33886611461639404,0.9390650987625122,0,0.0607369989156723,-0.029496999457478523,-0.00535999983549118,1
B37,mixamorig_RightLeg,36,0.6504285931587219,0.5052415132522583,-0.5671630501747131,0,0.012693876400589943,0.739357054233551,0.6731932759284973,0,0.7594615817070007,-0.4450639486312866,0.47448575496673584,0,0,0.15335899591445923,0,1
B38,mixamorig_RightFoot,37,-0.8142674565315247,0.5718050599098206,-0.1000368669629097,0,0.22423908114433289,0.15088503062725067,-0.9627825617790222,0,-0.5354298949241638,-0.8063947558403015,-0.2510818839073181,0,0,0.09668999910354614,0,1
B39,mixamorig_RightToeBase,38,0.9217701554298401,0.00918949767947197,-0.38762688636779785,0,0.2839551866054535,0.6647469997406006,0.6909998059272766,0,0.26402392983436584,-0.747012197971344,0.6101348996162415,0,0,0.07397100329399109,0,1
B40,mixamorig_RightToe_End,39,1,0,0,0,0,1,0,0,0,0,1,0,0,0.02930700033903122,0,1
@34,0,1,2,3,4,5,7,8,9,10,11,12,13,15,16,17,19,20,21,22,23,24,25,27,28,29,31,32,33,34,36,37,38,39
K0,0.7297527194023132,-0.004735237453132868,0.683695375919342,0,-0.04953286796808243,0.9969819188117981,0.05977470427751541,0,-0.6819149255752563,-0.07748614251613617,0.7273155450820923,0,-0.0047241030260920525,0.3093410134315491,0.00457773869857192,1,0.9965969920158386,0.015713850036263466,-0.08091974258422852,0,-0.01893015019595623,0.9990549683570862,-0.0391341894865036,0,0.08022826164960861,0.040532808750867844,0.9959520101547241,0,0,0.053141999989748,0.0032510000746697187,1,0.9861550331115723,0.010394224897027016,-0.16549886763095856,0,-0.043439775705337524,0.979373037815094,-0.19733382761478424,0,0.16003413498401642,0.20179115235805511,0.9662659764289856,0,0,0.06211499869823456,0,1,0.9861550331115723,0.010393722914159298,-0.16549882292747498,0,-0.04343927279114723,0.9793729782104492,-0.19733388721942902,0,0.1600341945886612,0.20179112255573273,0.9662659764289856,0,0,0.07098899781703949,0,1,0.9997469782829285,-0.0039112200029194355,0.022162150591611862,0,0.0035997803788632154,0.9998940229415894,0.014075172133743763,0,-0.022214848548173904,-0.013991829939186573,0.99965500831604,0,0,0.07986199855804443,0,1,0.9370320439338684,0.04469062015414238,-0.3463737964630127,0,-0.006168378982692957,0.993742048740387,0.11152973771095276,0,0.3491901755332947,-0.10237026959657669,0.9314428567886353,0,0,0.04960700124502182,0.0009360000258311629,1,0.02021862380206585,0.02096887119114399,0.9995759725570679,0,-0.9089738130569458,-0.41597118973731995,0.027112092822790146,0,0.41636306047439575,-0.9091359376907349,0.010649860836565495,0,-0.02656799927353859,0.06445500254631042,0.0010219999821856618,1,-0.9819189310073853,-0.02371433936059475,-0.1878122091293335,0,-0.1417306512594223,0.7497861385345459,0.6463229060173035,0,0.12549179792404175,0.6612551212310791,-0.7395898699760437,0,0,0.06136700138449669,0,1,0.6644848585128784,-0.7459031343460083,-0.04569408297538757,0,0.7466228604316711,0.6652441024780273,-0.0019280908163636923,0,0.03183592110872269,-0.03283509239554405,0.9989539980888367,0,0,0.12568999826908112,0,1,-0.18074987828731537,-0.2905486226081848,0.9396332502365112,0,0.0955834835767746,0.9456579685211182,0.3107982277870178,0,-0.978874146938324,0.14599019289016724,-0.1431559920310974,0,0,0.10690800100564957,0,1,0.8108160495758057,0.5849859714508057,-0.019179686903953552,0,-0.5852620005607605,0.8107040524482727,-0.01508538331836462,0,0.0067243133671581745,0.023456616327166557,0.999701976776123,0,-0.020052000880241394,0.009921999648213387,0,1,0.9982319474220276,-0.05581114813685417,0.020447462797164917,0,0.05593884363770485,0.9984180331230164,-0.00572615722194314,0,-0.02009553648531437,0.006859842222183943,0.9997749924659729,0,-0.0016319999704137444,0.017822999507188797,0,1,0.9499849677085876,0.3122761845588684,-0.0034150672145187855,0,-0.31227588653564453,0.9499910473823547,0.0006361296400427818,0,0.003442932851612568,0.000462129624793306,0.9999939799308777,0,-0.004317999817430973,0.032010000199079514,0,1,0.9897300004959106,0.14116503298282623,-0.022509736940264702,0,-0.14253096282482147,0.986553966999054,-0.07997598499059677,0,0.01091726217418909,0.08236300945281982,0.9965429306030273,0,0,0.037307001650333405,0,1,0.9709818959236145,0.23857645690441132,0.016589058563113213,0,-0.2387315034866333,0.9628240466117859,0.12639717757701874,0,0.014183057472109795,-0.12668977677822113,0.9918409585952759,0,0.0012499999720603228,0.03654000163078308,0,1,0.995169997215271,-0.09769593924283981,-0.009580882266163826,0,0.0976930558681488,0.9952160120010376,-0.0007683484582230449,0,0.00961011741310358,-0.00017134842346422374,0.9999539256095886,0,0.0006210000137798488,0.03356099873781204,0,1,-0.1359066516160965,-0.021913865581154823,-0.990479052066803,0,0.8826859593391418,-0.4566643536090851,-0.1110125333070755,0,-0.44988369941711426,-0.8893692493438721,0.08140673488378525,0,0.02656799927353859,0.06444499641656876,0.0008640000014565885,1,-0.9202671051025391,-0.39078372716903687,0.019935250282287598,0,-0.29894331097602844,0.7350349426269531,0.6085689663887024,0,-0.2524717450141907,0.5540860891342163,-0.7932500243186951,0,0,0.06136700138449669,0,1,0.7391200065612793,0.6592620611190796,-0.13811175525188446,0,-0.6679239869117737,0.7438499927520752,-0.02377689629793167,0,0.08705919981002808,0.1098220944404602,0.9901309609413147,0,0,0.1256980001926422,0,1,-0.3523530066013336,-0.27588632702827454,-0.8942788243293762,0,-0.1984003186225891,0.9558617472648621,-0.21671341359615326,0,0.9145951271057129,0.10106556117534637,-0.391536682844162,0,0,0.10690099745988846,0,1,0.849370002746582,-0.4768851101398468,-0.226166769862175,0,0.4464758634567261,0.8777191042900085,-0.17397762835025787,0,0.2814781963825226,0.046793363988399506,0.9584259390830994,0,0.021004000678658485,0.01056899968534708,0,1,0.9742879271507263,0.2146049439907074,0.06860839575529099,0,-0.2252650409936905,0.9335970282554626,0.2786608636379242,0,-0.0042506055906414986,-0.2869511544704437,0.9579359292984009,0,0.002191999927163124,0.018681999295949936,0,1,0.9474419355392456,-0.3199191391468048,0.0025137511547654867,0,0.31991884112358093,0.9474450945854187,0.0005207838257774711,0,-0.0025482492055743933,0.00031078385654836893,0.999997079372406,0,0.0037169998977333307,0.030345000326633453,0,1,0.9972109794616699,-0.07262502610683441,0.017222002148628235,0,0.07156795263290405,0.9958840012550354,0.05561282858252525,0,-0.02118999883532524,-0.054225172847509384,0.998304009437561,0,0,0.043143998831510544,0,1,0.9693040251731873,-0.24538609385490417,-0.0153350830078125,0,0.24506188929080963,0.9592210650444031,0.1408507227897644,0,-0.019853083416819572,-0.14028526842594147,0.9899119734764099,0,-0.00036199999158270657,0.035868000239133835,0,1,0.9998530149459839,0.01716500148177147,0.0005689486279152334,0,-0.01716499589383602,0.9998530149459839,-0.000010883800314331893,0,-0.0005690513644367456,0.000001116199086936831,0.9999999403953552,0,-0.000014999999621068127,0.033337000757455826,0,1,-0.9597052335739136,0.1958295702934265,0.2015358954668045,0,-0.2636374235153198,-0.8757051229476929,-0.40451979637145996,0,0.09726910293102264,-0.4413522481918335,0.8920468688011169,0,-0.0607369989156723,-0.029496999457478523,-0.0024339999072253704,1,0.9652780294418335,0.1598471850156784,-0.2066088318824768,0,0.012298177927732468,0.7622389793395996,0.6471790671348572,0,0.2609351575374603,-0.6272489428520203,0.7338070273399353,0,0,0.1533450037240982,0,1,-0.9993030428886414,0.012355317361652851,-0.03523515537381172,0,0.035436682403087616,0.6111611723899841,-0.7907129526138306,0,0.011764845810830593,-0.7914102077484131,-0.6111728549003601,0,0,0.09672500193119049,0,1,0.9437581300735474,-0.03654390200972557,0.32861071825027466,0,-0.2209739089012146,0.6695950627326965,0.709092915058136,0,-0.24594926834106445,-0.7418269515037537,0.6238608956336975,0,0,0.07527200132608414,0,1,-0.9283440709114075,-0.2909817099571228,-0.2313181459903717,0,0.2575402855873108,-0.9522088766098022,0.16422992944717407,0,-0.26805081963539124,0.09288804978132248,0.9589160084724426,0,0.0607369989156723,-0.029496999457478523,-0.00535999983549118,1,0.9916120171546936,0.08004545420408249,-0.10148090869188309,0,-0.0059535447508096695,0.8126040697097778,0.582785964012146,0,0.1291130781173706,-0.5772929787635803,0.8062639236450195,0,0,0.15335899591445923,0,1,-0.9739970564842224,0.2262001931667328,0.012782072648406029,0,0.05633681267499924,0.29645463824272156,-0.9533841609954834,0,-0.21944493055343628,-0.9278729557991028,-0.30148935317993164,0,0,0.09668999910354614,0,1,0.9217711091041565,0.00919028464704752,-0.3876267969608307,0,0.28395429253578186,0.6647469401359558,0.6909999251365662,0,0.2640242278575897,-0.7470120787620544,0.6101348996162415,0,0,0.07397100329399109,0,1
K0.034,0.7503820657730103,0.006276579108089209,0.6609742641448975,0,-0.04921156167984009,0.9977107644081116,0.04639403522014618,0,-0.659169614315033,-0.06734079867601395,0.7489727735519409,0,-0.005043096374720335,0.3096112906932831,0.004625173285603523,1,0.9975256323814392,0.012209217064082623,-0.06922905892133713,0,-0.014745380729436874,0.9992347359657288,-0.036242321133613586,0,0.0687335804104805,0.037173446267843246,0.9969421625137329,0,0,0.053141999989748,0.0032510000746697187,1,0.989932656288147,0.005338597577065229,-0.14143511652946472,0,-0.03277192637324333,0.9807778000831604,-0.1923568993806839,0,0.13768957555294037,0.19505557417869568,0.9710793495178223,0,0,0.06211499869823456,0,1,0.989932656288147,0.0053381104953587055,-0.14143507182598114,0,-0.03277143836021423,0.9807778000831604,-0.19235694408416748,0,0.13768963515758514,0.19505555927753448,0.9710793495178223,0,0,0.07098899781703949,0,1,0.9990809559822083,-0.031795330345630646,0.02873728796839714,0,0.031141242012381554,0.9992519021034241,0.02292926050722599,0,-0.0294448584318161,-0.022013289853930473,0.9993244409561157,0,0,0.07986199855804443,0,1,0.9332500100135803,0.059201642870903015,-0.35431545972824097,0,-0.026276996359229088,0.9949342608451843,0.09702861309051514,0,0.35826486349105835,-0.08124160766601562,0.9300780892372131,0,0,0.04960700124502182,0.0009360000258311629,1,0.00549499923363328,0.016543235629796982,0.9998485445976257,0,-0.9190865755081177,-0.39388495683670044,0.011568251997232437,0,0.3940167725086212,-0.919011116027832,0.013040290214121342,0,-0.02656799927353859,0.06445500254631042,0.0010219999821856618,1,-0.9913087487220764,0.019957920536398888,-0.1300373077392578,0,-0.066730797290802,0.77555912733078,0.6277379989624023,0,0.11337997019290924,0.6309596300125122,-0.7674867510795593,0,0,0.06136700138449669,0,1,0.5774968266487122,-0.8108463883399963,-0.09500130265951157,0,0.8117766380310059,0.5826878547668457,-0.0386514887213707,0,0.08669654279947281,-0.05479873716831207,0.9947267174720764,0,0,0.12568999826908112,0,1,-0.17041903734207153,-0.17162904143333435,0.9703099727630615,0,0.08841987699270248,0.9780782461166382,0.18853260576725006,0,-0.9813969135284424,0.117924265563488,-0.15150776505470276,0,0,0.10690800100564957,0,1,0.7848612070083618,0.6159353256225586,-0.06793995946645737,0,-0.6177793145179749,0.786309540271759,-0.008171986788511276,0,0.048388440161943436,0.04838579520583153,0.9976562857627869,0,-0.020052000880241394,0.009921999648213387,0,1,0.9905453324317932,-0.13690882921218872,-0.008769036270678043,0,0.1370759904384613,0.9851052761077881,0.10381565243005753,0,-0.005574856419116259,-0.1040361300110817,0.9945582747459412,0,-0.0016319999704137444,0.017822999507188797,0,1,0.9499849677085876,0.3122761845588684,-0.0034150672145187855,0,-0.31227588653564453,0.9499910473823547,0.0006361296400427818,0,0.003442932851612568,0.000462129624793306,0.9999939799308777,0,-0.004317999817430973,0.032010000199079514,0,1,0.9988481998443604,0.0442063994705677,-0.018662070855498314,0,-0.04611004889011383,0.9919010996818542,-0.11834510415792465,0,0.0132793253287673,0.11906938254833221,0.9927976131439209,0,0,0.037307001650333405,0,1,0.9686940312385559,0.24761340022087097,0.017886104062199593,0,-0.24781811237335205,0.9601736068725586,0.1290426105260849,0,0.014778921380639076,-0.12943533062934875,0.9914776682853699,0,0.0012499999720603228,0.03654000163078308,0,1,0.995169997215271,-0.09769593924283981,-0.0095808831974864,0,0.0976930558681488,0.9952160120010376,-0.0007683352450840175,0,0.009610116481781006,-0.00017136159294750541,0.9999539256095886,0,0.0006210000137798488,0.03356099873781204,0,1,-0.13729050755500793,-0.02080918475985527,-0.9903124570846558,0,0.8831135034561157,-0.4553825855255127,-0.11286032199859619,0,-0.448622465133667,-0.890052855014801,0.08089659363031387,0,0.02656799927353859,0.06444499641656876,0.0008640000014565885,1,-0.9488199949264526,-0.3099454641342163,0.06061757355928421,0,-0.21527108550071716,0.7751610279083252,0.5939557552337646,0,-0.23108232021331787,0.5505079627037048,-0.8022108674049377,0,0,0.06136700138449669,0,1,0.7306846976280212,0.6683813333511353,-0.13915975391864777,0,-0.6781817078590393,0.7340449094772339,-0.03531961888074875,0,0.07854261249303818,0.12018322944641113,0.9896403551101685,0,0,0.1256980001926422,0,1,-0.37554994225502014,-0.2598682940006256,-0.8896237015724182,0,-0.17134973406791687,0.9628058075904846,-0.20891116559505463,0,0.9108245372772217,0.07398023456335068,-0.40611013770103455,0,0,0.10690099745988846,0,1,0.8312407732009888,-0.5080058574676514,-0.225763738155365,0,0.46748119592666626,0.858540952205658,-0.21063795685768127,0,0.3008325695991516,0.0695505365729332,0.9511369466781616,0,0.021004000678658485,0.01056899968534708,0,1,0.9820511937141418,0.18250449001789093,0.047624316066503525,0,-0.18857862055301666,0.9550632238388062,0.2286757081747055,0,-0.003749883733689785,-0.233552023768425,0.9723367691040039,0,0.002191999927163124,0.018681999295949936,0,1,0.9474419355392456,-0.3199191391468048,0.0025137511547654867,0,0.31991884112358093,0.9474450945854187,0.0005207838257774711,0,-0.0025482492055743933,0.00031078385654836893,0.999997079372406,0,0.0037169998977333307,0.030345000326633453,0,1,0.9967475533485413,-0.07949084788560867,0.013222536072134972,0,0.07931458950042725,0.9967601895332336,0.0133628249168396,0,-0.014241927303373814,-0.012270630337297916,0.9998236298561096,0,0,0.043143998831510544,0,1,0.9596621990203857,-0.2803841531276703,-0.020797880366444588,0,0.2801993191242218,0.947689414024353,0.15288065373897552,0,-0.023155391216278076,-0.1525413990020752,0.9880255460739136,0,-0.00036199999158270657,0.035868000239133835,0,1,0.9998530149459839,0.01716500148177147,0.0005689486279152334,0,-0.01716499589383602,0.9998530149459839,-0.000010883800314331893,0,-0.0005690513644367456,0.000001116199086936831,0.9999999403953552,0,-0.000014999999621068127,0.033337000757455826,0,1,-0.9640049934387207,0.19676649570465088,0.1788218915462494,0,-0.25644436478614807,-0.8656975030899048,-0.4298880994319916,0,0.07021808624267578,-0.4602721631526947,0.8849963545799255,0,-0.0607369989156723,-0.029496999457478523,-0.0024339999072253704,1,0.9645362496376038,0.1560327410697937,-0.21289341151714325,0,0.01852710358798504,0.7645545601844788,0.644292414188385,0,0.26329946517944336,-0.6253880262374878,0.7345501184463501,0,0,0.1533450037240982,0,1,-0.9993922114372253,0.01002831757068634,-0.03338812291622162,0,0.03239733353257179,0.6208516955375671,-0.783258855342865,0,0.0128743015229702,-0.7838641405105591,-0.6207990646362305,0,0,0.09672500193119049,0,1,0.9437581300735474,-0.036543916910886765,0.32861068844795227,0,-0.2209738940000534,0.6695950627326965,0.709092915058136,0,-0.24594926834106445,-0.7418269515037537,0.6238608956336975,0,0,0.07527200132608414,0,1,-0.9355981349945068,-0.2721264958381653,-0.2249513417482376,0,0.23518463969230652,-0.9555525183677673,0.1777845323085785,0,-0.2633327543735504,0.11342978477478027,0.9580132365226746,0,0.0607369989156723,-0.029496999457478523,-0.00535999983549118,1,0.9857843518257141,0.08898832648992538,-0.14251239597797394,0,0.004888673312962055,0.8326663374900818,0.553753674030304,0,0.16794288158416748,-0.5465784072875977,0.8203944563865662,0,0,0.15335899591445923,0,1,-0.9726631045341492,0.23178863525390625,0.01417560875415802,0,0.06110784038901329,0.3143655061721802,-0.9473329186439514,0,-0.2240372598171234,-0.9205692410469055,-0.3199358284473419,0,0,0.09668999910354614,0,1,0.9217709898948669,0.009190112352371216,-0.38762617111206055,0,0.28395408391952515,0.6647476553916931,0.6910002827644348,0,0.26402387022972107,-0.7470118403434753,0.6101353764533997,0,0,0.07397100329399109,0,1
K0.068,0.796928882598877,0.02177415043115616,0.6036809682846069,0,-0.049310989677906036,0.9983599781990051,0.029086412861943245,0,-0.6020569801330566,-0.052947867661714554,0.7966948747634888,0,-0.004196088761091232,0.3092952370643616,0.004735957831144333,1,0.998445987701416,0.009521853178739548,-0.05491519346833229,0,-0.011329611763358116,0.9994012713432312,-0.032702308148145676,0,0.054570868611335754,0.033273618668317795,0.9979549050331116,0,0,0.053141999989748,0.0032510000746697187,1,0.9937132596969604,0.0016906139208003879,-0.1119457483291626,0,-0.022624531760811806,0.9822896122932434,-0.18599744141101837,0,0.109648697078228,0.18736083805561066,0.9761524200439453,0,0,0.06211499869823456,0,1,0.9937132596969604,0.001690613105893135,-0.1119457483291626,0,-0.022624533623456955,0.9822896122932434,-0.18599745631217957,0,0.109648697078228,0.18736085295677185,0.9761524200439453,0,0,0.07098899781703949,0,1,0.9974108934402466,-0.05925017222762108,0.04075393080711365,0,0.058482635766267776,0.9980921745300293,0.019775062799453735,0,-0.041847869753837585,-0.01734047196805477,0.9989734888076782,0,0,0.07986199855804443,0,1,0.9321171045303345,0.05819886177778244,-0.3574490249156952,0,-0.03380395099520683,0.9966756105422974,0.07412565499544144,0,0.3605751395225525,-0.05701066181063652,0.9309867024421692,0,0,0.04960700124502182,0.0009360000258311629,1,0.002266752766445279,0.014586604200303555,0.9998906850814819,0,-0.927665114402771,-0.37333542108535767,0.007549284491688013,0,0.37340518832206726,-0.9275818467140198,0.012685276567935944,0,-0.02656799927353859,0.06445500254631042,0.0010219999821856618,1,-0.9952037930488586,0.09406118839979172,-0.026882926002144814,0,0.059537194669246674,0.8004062175750732,0.5964943766593933,0,0.07762420177459717,0.5920327305793762,-0.8021670579910278,0,0,0.06136700138449669,0,1,0.3870477080345154,-0.9151442646980286,-0.11271648854017258,0,0.9127891063690186,0.3975737392902374,-0.09354802221059799,0,0.13042308390140533,-0.06667884439229965,0.9892139434814453,0,0,0.12568999826908112,0,1,-0.1537642776966095,-0.05012611672282219,0.9868355393409729,0,0.08006153255701065,0.9947968125343323,0.06300533562898636,0,-0.9848582744598389,0.0886954665184021,-0.14895091950893402,0,0,0.10690800100564957,0,1,0.7540254592895508,0.6454747915267944,-0.12168966233730316,0,-0.6504106521606445,0.7595817446708679,-0.0011119338450953364,0,0.09171556681394577,0.07998671382665634,0.9925681948661804,0,-0.020052000880241394,0.009921999648213387,0,1,0.9733641743659973,-0.2235579490661621,-0.05083571746945381,0,0.2292647361755371,0.9494996070861816,0.21421769261360168,0,0.00037842048914171755,-0.22016659379005432,0.9754624366760254,0,-0.0016319999704137444,0.017822999507188797,0,1,0.9499849677085876,0.3122761845588684,-0.0034150672145187855,0,-0.31227588653564453,0.9499910473823547,0.0006361296400427818,0,0.003442932851612568,0.000462129624793306,0.9999939799308777,0,-0.004317999817430973,0.032010000199079514,0,1,0.996566891670227,-0.08213634788990021,-0.010364430025219917,0,0.07916148751974106,0.9820653796195984,-0.17111793160438538,0,0.024233542382717133,0.1697099655866623,0.9851955771446228,0,0,0.037307001650333405,0,1,0.9696367979049683,0.2439335137605667,0.017369171604514122,0,-0.24411994218826294,0.9612674713134766,0.12794598937034607,0,0.014513885602355003,-0.1283012181520462,0.9916285872459412,0,0.0012499999720603228,0.03654000163078308,0,1,0.995169997215271,-0.09769593924283981,-0.009580906480550766,0,0.0976930558681488,0.9952160120010376,-0.0007678484544157982,0,0.00961009319871664,-0.0001718484127195552,0.9999539256095886,0,0.0006210000137798488,0.03356099873781204,0,1,-0.14382144808769226,-0.0171259343624115,-0.989454984664917,0,0.8816460371017456,-0.4563330411911011,-0.12025254964828491,0,-0.44946160912513733,-0.8896440267562866,0.08072951436042786,0,0.02656799927353859,0.06444499641656876,0.0008640000014565885,1,-0.9769729971885681,-0.15758509933948517,0.14384610950946808,0,-0.05225619673728943,0.8303658962249756,0.5547622442245483,0,-0.20686717331409454,0.5344709157943726,-0.8194798827171326,0,0,0.06136700138449669,0,1,0.7124244570732117,0.6786390542984009,-0.17860956490039825,0,-0.694769561290741,0.7179176807403564,-0.04346812143921852,0,0.0987277626991272,0.15506018698215485,0.9829596281051636,0,0,0.1256980001926422,0,1,-0.448784738779068,-0.20010550320148468,-0.8709479570388794,0,-0.1096387729048729,0.9795734882354736,-0.16856786608695984,0,0.8868887424468994,0.019838981330394745,-0.4615568518638611,0,0,0.10690099745988846,0,1,0.8079079389572144,-0.5450066328048706,-0.2241717129945755,0,0.49055224657058716,0.8327558040618896,-0.2566620409488678,0,0.3265627920627594,0.09739138185977936,0.9401443004608154,0,0.021004000678658485,0.01056899968534708,0,1,0.9894927740097046,0.14242537319660187,0.02487075701355934,0,-0.1445799469947815,0.97527015209198,0.16716839373111725,0,-0.0004466863756533712,-0.16900762915611267,0.9856140613555908,0,0.002191999927163124,0.018681999295949936,0,1,0.9474419355392456,-0.3199191391468048,0.002513724844902754,0,0.31991884112358093,0.9474450945854187,0.0005207795184105635,0,-0.0025482228957116604,0.00031077954918146133,0.999997079372406,0,0.0037169998977333307,0.030345000326633453,0,1,0.9967530965805054,-0.07992487400770187,0.009717024862766266,0,0.08023872971534729,0.9960527420043945,-0.03795556351542473,0,-0.00664507644250989,0.0386120080947876,0.9992318153381348,0,0,0.043143998831510544,0,1,0.9507615566253662,-0.30886226892471313,-0.025623556226491928,0,0.3088127076625824,0.9371185302734375,0.1626112461090088,0,-0.02621217630803585,-0.16251744329929352,0.9863570928573608,0,-0.00036199999158270657,0.035868000239133835,0,1,0.9998530149459839,0.01716500148177147,0.0005689486279152334,0,-0.01716499589383602,0.9998530149459839,-0.000010883800314331893,0,-0.0005690513644367456,0.000001116199086936831,0.9999999403953552,0,-0.000014999999621068127,0.033337000757455826,0,1,-0.9704237580299377,0.19239340722560883,0.14581958949565887,0,-0.2392800748348236,-0.8466166853904724,-0.4753791391849518,0,0.03199346363544464,-0.496210515499115,0.8676122426986694,0,-0.0607369989156723,-0.029496999457478523,-0.0024339999072253704,1,0.9554325938224792,0.16565239429473877,-0.24435240030288696,0,0.031130991876125336,0.7665728330612183,0.6414023041725159,0,0.29356369376182556,-0.6204234957695007,0.7272515892982483,0,0,0.1533450037240982,0,1,-0.9994643926620483,0.01156813744455576,-0.03062259778380394,0,0.03095204196870327,0.638465940952301,-0.7690269351005554,0,0.010655275546014309,-0.7695629596710205,-0.6384820342063904,0,0,0.09672500193119049,0,1,0.943757951259613,-0.03654416278004646,0.32861000299453735,0,-0.2209732085466385,0.6695958971977234,0.7090929746627808,0,-0.24594905972480774,-0.7418259978294373,0.6238610148429871,0,0,0.07527200132608414,0,1,-0.9500374794006348,-0.23291489481925964,-0.20779798924922943,0,0.18788787722587585,-0.9583340883255005,0.21515968441963196,0,-0.24925385415554047,0.16536706686019897,0.9542155265808105,0,0.0607369989156723,-0.029496999457478523,-0.00535999983549118,1,0.9648445248603821,0.11289528012275696,-0.23734024167060852,0,0.022905156016349792,0.8634877800941467,0.5038487911224365,0,0.2618226110935211,-0.4915722608566284,0.8305457830429077,0,0,0.15335899591445923,0,1,-0.9684694409370422,0.24874237179756165,0.013917016796767712,0,0.07253134250640869,0.3349592089653015,-0.9394366145133972,0,-0.23833951354026794,-0.9088069200515747,-0.34243959188461304,0,0,0.09668999910354614,0,1,0.9217710494995117,0.009189858101308346,-0.38762691617012024,0,0.28395476937294006,0.6647471189498901,0.6909999251365662,0,0.264024019241333,-0.7470120787620544,0.6101349592208862,0,0,0.07397100329399109,0,1
