2.600,30,77,25
B0,mixamorig_Hips,-1,-0.9461159706115723,-0.05965109542012215,0.3182859420776367,0,0.006052136421203613,0.9794589281082153,0.2015540599822998,0,-0.32377102971076965,0.19261988997459412,-0.9263210892677307,0,-0.002348999958485365,0.2647390067577362,-0.0027129999361932278,1
B1,mixamorig_Spine,0,0.9994349479675293,0.03136727958917618,-0.012095687910914421,0,-0.03195573017001152,0.9981359839439392,-0.05199094116687775,0,0.010442323051393032,0.052348069846630096,0.9985740184783936,0,0,0.03688599914312363,-0.00039000000106170774,1
B2,mixamorig_Spine1,1,0.9994580149650574,0.0231526680290699,-0.023401910439133644,0,-0.025993337854743004,0.9912459850311279,-0.12944495677947998,0,0.02020004205405712,0.12998302280902863,0.9913100004196167,0,0,0.043035998940467834,0,1
B3,mixamorig_Spine2,2,0.9994840025901794,0.02389727719128132,-0.02145424485206604,0,-0.026482688263058662,0.991204023361206,-0.12966887652873993,0,0.018166791647672653,0.1301700919866562,0.9913249611854553,0,0,0.04918399825692177,0,1
B4,mixamorig_Neck,3,0.9974240064620972,-0.047959186136722565,0.05334566906094551,0,0.04160577058792114,0.9925609230995178,0.11442013084888458,0,-0.05843629315495491,-0.11190582811832428,0.9919989705085754,0,0,0.055332001298666,0,1
B5,mixamorig_Head,4,0.9677609205245972,-0.11626404523849487,0.22343024611473083,0,0.02064102329313755,0.9207119941711426,0.3896971344947815,0,-0.25102272629737854,-0.37252190709114075,0.8934291005134583,0,0,0.03725099936127663,-0.006796000059694052,1
B6,mixamorig_HeadTop_End,5,1,0,0,0,0,1,0,0,0,0,1,0,0,0.23069800436496735,-0.04208900034427643,1
B7,mixamorig_LeftShoulder,3,-0.08195647597312927,0.029295913875102997,0.9962048530578613,0,-0.9819030165672302,-0.17360776662826538,-0.07567455619573593,0,0.1707320511341095,-0.9843789339065552,0.04299410805106163,0,-0.034717999398708344,0.048197999596595764,-0.00013800000306218863,1
B8,mixamorig_LeftArm,7,-0.9113339781761169,-0.3113152086734772,-0.26935702562332153,0,-0.3854169547557831,0.41532015800476074,0.8239920139312744,0,-0.14465193450450897,0.8547471761703491,-0.4984818398952484,0,0,0.07304099947214127,0,1
B9,mixamorig_LeftForeArm,8,0.030423050746321678,-0.9994829297065735,-0.010428015142679214,0,0.9994940161705017,0.03032281994819641,0.009639098308980465,0,-0.009317900985479355,-0.01071598194539547,0.9998990297317505,0,0,0.10576599836349487,0,1
B10,mixamorig_LeftHand,9,1,0,0,0,0,1,0,0,0,0,1,0,0,0.09361699968576431,0,1
B11,mixamorig_RightShoulder,3,0.08846795558929443,-0.00985115859657526,-0.9960299730300903,0,0.9779259562492371,-0.18917441368103027,0.08873096108436584,0,-0.189297616481781,-0.9818940758705139,-0.007102176547050476,0,0.034717999398708344,0.04819599911570549,-0.000012999999853491317,1
B12,mixamorig_RightArm,11,-0.9225590825080872,0.37037184834480286,0.10821017622947693,0,0.30526190996170044,0.5290430188179016,0.7917880415916443,0,0.23600822687149048,0.7635039687156677,-0.6011340618133545,0,0,0.07304099947214127,0,1
B13,mixamorig_RightForeArm,12,0.10045801103115082,0.9949409365653992,0.00018104903574567288,0,-0.9949409365653992,0.10045787692070007,0.0007249296177178621,0,0.0007030748529359698,-0.00025295824161730707,0.9999999403953552,0,0,0.10576099902391434,0,1
B14,mixamorig_RightHand,13,1,0,0,0,0,1,0,0,0,0,1,0,0,0.09362000226974487,0,1
B15,mixamorig_LeftUpLeg,0,-0.9300628304481506,0.17391689121723175,0.3236291706562042,0,-0.3139069676399231,-0.8338728547096252,-0.45400306582450867,0,0.1909068077802658,-0.5238408446311951,0.8301480412483215,0,-0.06624100357294083,-0.0212009996175766,-0.002002999885007739,1
B16,mixamorig_LeftLeg,15,0.9924740195274353,-0.10464923828840256,0.06359368562698364,0,0.023276573047041893,0.6710648536682129,0.7410331964492798,0,-0.12022402882575989,-0.7339758276939392,0.6684501767158508,0,0,0.13943900167942047,0,1
B17,mixamorig_LeftFoot,16,-0.9530310034751892,-0.2348259836435318,0.19128312170505524,0,-0.0830668956041336,-0.4046880006790161,-0.9106740355491638,0,0.2912599444389343,-0.8837900161743164,0.36617398262023926,0,0,0.1111380010843277,0,1
B18,mixamorig_LeftToeBase,17,0.9944649338722229,-0.10506894439458847,1.4372363921211218e-7,0,0.10506704449653625,0.9944469928741455,0.006031207274645567,0,-0.0006338355597108603,-0.005997809581458569,0.9999820590019226,0,0,0.007980000227689743,0,1
B19,mixamorig_LeftToe_End,18,1,0,0,0,0,1,0,0,0,0,1,0,0,0.007400999777019024,0,1
B20,mixamorig_RightUpLeg,0,-0.8781479001045227,-0.25900715589523315,-0.40220919251441956,0,0.46086373925209045,-0.6835103034973145,-0.5660548806190491,0,-0.12830179929733276,-0.6824432611465454,0.7195898294448853,0,0.06624100357294083,-0.0212009996175766,-0.001699000014923513,1
B21,mixamorig_RightLeg,20,0.9961410164833069,0.08324882388114929,-0.02780708484351635,0,-0.02661016397178173,0.5883579254150391,0.8081620335578918,0,0.08363910764455795,-0.8043039441108704,0.5883032083511353,0,0,0.13945400714874268,0,1
B22,mixamorig_RightFoot,21,-0.9423428773880005,0.29489317536354065,-0.15820015966892242,0,0.046846821904182434,-0.3518352508544922,-0.9348889589309692,0,-0.33135277032852173,-0.8883971571922302,0.31773462891578674,0,0,0.11119399964809418,0,1
B23,mixamorig_RightToeBase,22,0.9987589716911316,0.04977577552199364,0.00148289673961699,0,-0.0497882142663002,0.9987099766731262,0.010022305883467197,0,-0.000982116092927754,-0.010083700530230999,0.999949038028717,0,0,0.010448000393807888,0,1
B24,mixamorig_RightToe_End,23,1,0,0,0,0,1,0,0,0,0,1,0,0,0.01117900013923645,0,1
@20,0,1,2,3,4,5,7,8,9,11,12,13,15,16,17,18,20,21,22,23
K0,0.9464700222015381,-0.059651121497154236,-0.31723150610923767,0,-0.005827532149851322,0.9794589281082153,-0.20156067609786987,0,0.3227386474609375,0.1926199048757553,0.9266812205314636,0,0.0023459752555936575,0.2647390067577362,0.0027156153228133917,1,0.9994349479675293,0.03136727213859558,-0.012095681391656399,0,-0.03195572271943092,0.9981359839439392,-0.05199093371629715,0,0.010442318394780159,0.0523480623960495,0.9985740184783936,0,0,0.03688599914312363,-0.00039000000106170774,1,0.9994580149650574,0.023152664303779602,-0.023401934653520584,0,-0.025993335992097855,0.9912459850311279,-0.12944495677947998,0,0.02020006626844406,0.12998302280902863,0.9913100004196167,0,0,0.043035998940467834,0,1,0.9994840025901794,0.023897293955087662,-0.021454226225614548,0,-0.026482703164219856,0.991204023361206,-0.12966887652873993,0,0.01816677302122116,0.1301700919866562,0.9913249611854553,0,0,0.04918399825692177,0,1,0.9974240064620972,-0.04795920476317406,0.053345683962106705,0,0.041605789214372635,0.9925609230995178,0.11442013829946518,0,-0.0584363117814064,-0.11190583556890488,0.9919989705085754,0,0,0.055332001298666,0,1,0.9677609205245972,-0.11626401543617249,0.22343026101589203,0,0.020640984177589417,0.9207119941711426,0.3896971344947815,0,-0.25102272629737854,-0.37252190709114075,0.8934291005134583,0,0,0.03725099936127663,-0.006796000059694052,1,-0.081956647336483,0.029295597225427628,0.9962049722671509,0,-0.9819031953811646,-0.1736074984073639,-0.07567469030618668,0,0.17073169350624084,-0.9843791127204895,0.04299366474151611,0,-0.034717999398708344,0.048197999596595764,-0.00013800000306218863,1,-0.9113338589668274,-0.3113151788711548,-0.269356906414032,0,-0.38541683554649353,0.4153203070163727,0.8239919543266296,0,-0.14465191960334778,0.8547470569610596,-0.498481810092926,0,0,0.07304099947214127,0,1,0.03042321652173996,-0.9994829297065735,-0.010427918285131454,0,0.9994940161705017,0.030322987586259842,0.009639113210141659,0,-0.009317917749285698,-0.010715886950492859,0.9998990297317505,0,0,0.10576599836349487,0,1,0.08846737444400787,-0.009851396083831787,-0.9960300326347351,0,0.9779260158538818,-0.18917424976825714,0.08873045444488525,0,-0.18929746747016907,-0.9818941354751587,-0.007101839408278465,0,0.034717999398708344,0.04819599911570549,-0.000012999999853491317,1,-0.9225590825080872,0.3703719675540924,0.10821026563644409,0,0.3052620589733124,0.5290429592132568,0.7917880415916443,0,0.23600827157497406,0.7635039687156677,-0.6011341214179993,0,0,0.07304099947214127,0,1,0.10045801103115082,0.9949410557746887,0.00018111258395947516,0,-0.9949410557746887,0.10045787692070007,0.0007249739719554782,0,0.0007031125715002418,-0.0002530259662307799,0.9999999403953552,0,0,0.10576099902391434,0,1,-0.9300628304481506,0.1739169806241989,0.3236292004585266,0,-0.31390705704689026,-0.8338728547096252,-0.45400306582450867,0,0.19090677797794342,-0.5238409042358398,0.8301480412483215,0,-0.06624100357294083,-0.0212009996175766,-0.002002999885007739,1,0.9924739599227905,-0.10464939475059509,0.063593789935112,0,0.02327660471200943,0.6710648536682129,0.7410331964492798,0,-0.12022421509027481,-0.7339758276939392,0.6684501767158508,0,0,0.13943900167942047,0,1,-0.9530310034751892,-0.23482589423656464,0.19128310680389404,0,-0.0830669105052948,-0.4046880006790161,-0.910673975944519,0,0.29125985503196716,-0.8837900161743164,0.36617398262023926,0,0,0.1111380010843277,0,1,0.9944649338722229,-0.10506894439458847,0,0,0.10506704449653625,0.9944469928741455,0.006031199358403683,0,-0.0006338455132208765,-0.00599780073389411,0.9999820590019226,0,0,0.007980000227689743,0,1,-0.8781478404998779,-0.25900721549987793,-0.40220922231674194,0,0.46086379885673523,-0.6835103034973145,-0.5660548210144043,0,-0.12830179929733276,-0.6824432015419006,0.71958988904953,0,0.06624100357294083,-0.0212009996175766,-0.001699000014923513,1,0.9961410164833069,0.08324878662824631,-0.02780698426067829,0,-0.026610219851136208,0.5883578658103943,0.8081620931625366,0,0.08363902568817139,-0.8043040037155151,0.5883031487464905,0,0,0.13945400714874268,0,1,-0.9423427581787109,0.2948929965496063,-0.15820032358169556,0,0.04684700071811676,-0.3518352508544922,-0.9348888397216797,0,-0.3313526511192322,-0.8883970975875854,0.3177347481250763,0,0,0.11119399964809418,0,1,0.9987589716911316,0.04977577552199364,0.0014828902203589678,0,-0.0497882142663002,0.9987099766731262,0.010022303089499474,0,-0.0009821095736697316,-0.010083697736263275,0.999949038028717,0,0,0.010448000393807888,0,1
K0.034,0.9487069249153137,-0.06210930272936821,-0.30999425053596497,0,-0.003325540805235505,0.9784991145133972,-0.2062259465456009,0,0.3161376714706421,0.19667890667915344,0.9281023740768433,0,0.0015508161159232259,0.2662718892097473,0.003106786170974374,1,0.9995431900024414,0.029387880116701126,-0.007091005798429251,0,-0.02970394678413868,0.9983278512954712,-0.049589384347200394,0,0.005621822085231543,0.04977737367153168,0.9987448453903198,0,0,0.03688599914312363,-0.00039000000106170774,1,0.9995728135108948,0.021722473204135895,-0.019543765112757683,0,-0.024035396054387093,0.9915903806686401,-0.1271675080060959,0,0.01661701872944832,0.12758295238018036,0.9916890859603882,0,0,0.043035998940467834,0,1,0.9995846152305603,0.02243771217763424,-0.018092680722475052,0,-0.02456304244697094,0.9915493726730347,-0.12738530337810516,0,0.015081540681421757,0.12777671217918396,0.9916878938674927,0,0,0.04918399825692177,0,1,0.997775137424469,-0.0426509827375412,0.051245786249637604,0,0.0365678109228611,0.992775022983551,0.11428019404411316,0,-0.05574971064925194,-0.11215201765298843,0.9921260476112366,0,0,0.055332001298666,0,1,0.9695774912834167,-0.11821684241294861,0.21434465050697327,0,0.02611817792057991,0.9206138849258423,0.3895990550518036,0,-0.24338582158088684,-0.37214818596839905,0.8956941366195679,0,0,0.03725099936127663,-0.006796000059694052,1,-0.08356083929538727,0.03079850599169731,0.9960260987281799,0,-0.9814707040786743,-0.1754993200302124,-0.07691306620836258,0,0.17243312299251556,-0.9839972853660583,0.04489273950457573,0,-0.034717999398708344,0.048197999596595764,-0.00013800000306218863,1,-0.9113409519195557,-0.3139597475528717,-0.2662472426891327,0,-0.3814745545387268,0.40103036165237427,0.8328574299812317,0,-0.15471038222312927,0.8605832457542419,-0.4852427840232849,0,0,0.07304099947214127,0,1,0.057117145508527756,-0.9983144402503967,-0.010247652418911457,0,0.9983274340629578,0.05702010542154312,0.009525823406875134,0,-0.00892544910311699,-0.01077460590749979,0.999902069568634,0,0,0.10576599836349487,0,1,0.086232490837574,-0.009804685600101948,-0.9962266087532043,0,0.9790174961090088,-0.18448029458522797,0.08655854314565659,0,-0.18463270366191864,-0.9827868342399597,-0.006309272721409798,0,0.034717999398708344,0.04819599911570549,-0.000012999999853491317,1,-0.915509819984436,0.3930857181549072,0.085588239133358,0,0.3020530641078949,0.5311282873153687,0.7916228175163269,0,0.26571714878082275,0.7505903840065002,-0.6049857139587402,0,0,0.07304099947214127,0,1,0.11362957954406738,0.9935228824615479,0.00017228949582204223,0,-0.9935228824615479,0.11362946033477783,0.0007235920638777316,0,0.0006993284914642572,-0.0002533951192162931,0.9999999403953552,0,0,0.10576099902391434,0,1,-0.9277158379554749,0.1651841700077057,0.33474862575531006,0,-0.30951428413391113,-0.8416920900344849,-0.44244274497032166,0,0.20867083966732025,-0.5140708684921265,0.8319783806800842,0,-0.06624100357294083,-0.0212009996175766,-0.002002999885007739,1,0.9924752712249756,-0.0999213308095932,0.07077634334564209,0,0.018052516505122185,0.6910959482192993,0.7225372791290283,0,-0.12111012637615204,-0.7158226370811462,0.6876993775367737,0,0,0.13943900167942047,0,1,-0.9503223896026611,-0.24421310424804688,0.1929936707019806,0,-0.08556804805994034,-0.39117079973220825,-0.916331946849823,0,0.29927387833595276,-0.8873252272605896,0.35084161162376404,0,0,0.1111380010843277,0,1,0.9944379925727844,-0.1047532856464386,-0.010990633629262447,0,0.10485199838876724,0.9944489002227783,0.008828504011034966,0,0.010004805400967598,-0.00993178691715002,0.9999011158943176,0,0,0.007980000227689743,0,1,-0.8753458857536316,-0.2605098485946655,-0.4073144495487213,0,0.4646816849708557,-0.6860138773918152,-0.5598716139793396,0,-0.13357120752334595,-0.6793525218963623,0.7215531468391418,0,0.06624100357294083,-0.0212009996175766,-0.001699000014923513,1,0.9966210722923279,0.0742097944021225,-0.035214945673942566,0,-0.017913945019245148,0.6147558689117432,0.788514256477356,0,0.08016405254602432,-0.7852187752723694,0.614007830619812,0,0,0.13945400714874268,0,1,-0.9462646245956421,0.2841745615005493,-0.15436342358589172,0,0.05299314111471176,-0.3346160054206848,-0.940863311290741,0,-0.3190217912197113,-0.898485541343689,0.30157580971717834,0,0,0.11119399964809418,0,1,0.9987570643424988,0.04982263967394829,0.0013556196354329586,0,-0.04983323812484741,0.9987128973007202,0.009431304410099983,0,-0.0008839827496558428,-0.00948714092373848,0.9999548196792603,0,0,0.010448000393807888,0,1
K0.068,0.9506061673164368,-0.06228505074977875,-0.30408555269241333,0,-0.0030368769075721502,0.9777474999427795,-0.2097630649805069,0,0.31038394570350647,0.20032551884651184,0.9292634725570679,0,0.000627861125394702,0.26766473054885864,0.0035859534982591867,1,0.9996019601821899,0.02818988263607025,0.0006662191008217633,0,-0.02812928520143032,0.998542070388794,-0.04607290402054787,0,-0.0019640373066067696,0.046035826206207275,0.9989374876022339,0,0,0.03688599914312363,-0.00039000000106170774,1,0.9996958374977112,0.020524712279438972,-0.013663589023053646,0,-0.022058751434087753,0.9920766949653625,-0.12368302047252655,0,0.011016766540706158,0.12394677102565765,0.9922274351119995,0,0,0.043035998940467834,0,1,0.9996946454048157,0.02116098813712597,-0.012730185873806477,0,-0.022576438263058662,0.9920409321784973,-0.12387708574533463,0,0.010007509030401707,0.12412672489881516,0.9922162890434265,0,0,0.04918399825692177,0,1,0.9979248046875,-0.04260309040546417,0.04827424883842468,0,0.03696843609213829,0.9930050373077393,0.11213771998882294,0,-0.05271400511264801,-0.11012042313814163,0.9925196170806885,0,0,0.055332001298666,0,1,0.9721949100494385,-0.11695080250501633,0.2028772532939911,0,0.030265526846051216,0.9218451380729675,0.38637423515319824,0,-0.23220837116241455,-0.3694911599159241,0.8997534513473511,0,0,0.03725099936127663,-0.006796000059694052,1,-0.0939907357096672,0.033569496124982834,0.995007336139679,0,-0.9813941121101379,-0.17119859158992767,-0.08692889660596848,0,0.16742563247680664,-0.9846646189689636,0.04903595894575119,0,-0.034717999398708344,0.048197999596595764,-0.00013800000306218863,1,-0.9126947522163391,-0.31001824140548706,-0.26622894406318665,0,-0.37852346897125244,0.39589911699295044,0.8366499543190002,0,-0.15397688746452332,0.8643797039985657,-0.4786841869354248,0,0,0.07304099947214127,0,1,0.09882012009620667,-0.9950569868087769,-0.009827187284827232,0,0.9950688481330872,0.098727285861969,0.009520240128040314,0,-0.008502966724336147,-0.01071951910853386,0.9999062418937683,0,0,0.10576599836349487,0,1,0.08222607523202896,-0.009332896210253239,-0.9965696930885315,0,0.981155276298523,-0.174681156873703,0.08259008824825287,0,-0.17485274374485016,-0.9845803380012512,-0.005206264089792967,0,0.034717999398708344,0.04819599911570549,-0.000012999999853491317,1,-0.9038611650466919,0.4226117432117462,0.06659722328186035,0,0.30785366892814636,0.5343728065490723,0.7871919274330139,0,0.2970889210700989,0.7320147156715393,-0.613101601600647,0,0,0.07304099947214127,0,1,0.11878108978271484,0.9929200410842896,0.00016815177514217794,0,-0.9929200410842896,0.11878097057342529,0.0007231666822917759,0,0.0006980740581639111,-0.0002528600743971765,0.9999999403953552,0,0,0.10576099902391434,0,1,-0.923701286315918,0.15988409519195557,0.348157674074173,0,-0.30953460931777954,-0.8469440937042236,-0.43228867650032043,0,0.2257540374994278,-0.5070725083351135,0.8318130373954773,0,-0.06624100357294083,-0.0212009996175766,-0.002002999885007739,1,0.9932345151901245,-0.08964970707893372,0.07381657510995865,0,0.011276493780314922,0.7070935368537903,0.7070299983024597,0,-0.11558020859956741,-0.7014139294624329,0.7033203840255737,0,0,0.13943900167942047,0,1,-0.9472140669822693,-0.25434166193008423,0.19518472254276276,0,-0.08749523758888245,-0.3806185722351074,-0.9205835461616516,0,0.3084334135055542,-0.8890666365623474,0.33827316761016846,0,0,0.1111380010843277,0,1,0.994117021560669,-0.10434750467538834,-0.02903754450380802,0,0.10473061352968216,0.9944285154342651,0.011996733024716377,0,0.02762393094599247,-0.014967276714742184,0.9995067119598389,0,0,0.007980000227689743,0,1,-0.8727763295173645,-0.256896048784256,-0.4150484502315521,0,0.4661305844783783,-0.6909846067428589,-0.552505373954773,0,-0.14485566318035126,-0.6756805181503296,0.7228223085403442,0,0.06624100357294083,-0.0212009996175766,-0.001699000014923513,1,0.9966049790382385,0.0703592523932457,-0.042755719274282455,0,-0.012375970371067524,0.6414351463317871,0.7670772671699524,0,0.08139599114656448,-0.7639437913894653,0.6401281356811523,0,0,0.13945400714874268,0,1,-0.9506130218505859,0.2697514295578003,-0.1535191833972931,0,0.062381334602832794,-0.3184766471385956,-0.9458755850791931,0,-0.30404382944107056,-0.9087392687797546,0.2859208583831787,0,0,0.11119399964809418,0,1,0.9987632036209106,0.04969770461320877,0.0016541449585929513,0,-0.04971293359994888,0.9987026453018188,0.011014816351234913,0,-0.0011045883875340223,-0.011083429679274559,0.999938428401947,0,0,0.010448000393807888,0,1
K0.101,0.9511258006095886,-0.06054035201668739,-0.3028101623058319,0,-0.004148178733885288,0.9780012369155884,-0.20855963230133057,0,0.30877506732940674,0.19962263107299805,0.9299513697624207,0,-0.0006346707814373076,0.26900872588157654,0.00437807384878397,1,0.9995044469833374,0.029576189815998077,0.010735083371400833,0,-0.029110658913850784,0.9987269043922424,-0.04120168089866638,0,-0.01194001268595457,0.04086877778172493,0.9990935325622559,0,0,0.03688599914312363,-0.00039000000106170774,1,0.9997774958610535,0.020125923678278923,-0.006354311015456915,0,-0.020739156752824783,0.9926828145980835,-0.1189563125371933,0,0.003913708962500095,0.11906161159276962,0.9928791522979736,0,0,0.043035998940467834,0,1,0.9997692704200745,0.02063675969839096,-0.005872021894901991,0,-0.02118942141532898,0.9926567077636719,-0.11909244954586029,0,0.0033712226431816816,0.11918949335813522,0.992865800857544,0,0,0.04918399825692177,0,1,0.9973092079162598,-0.05629653483629227,0.04696612432599068,0,0.050978679209947586,0.9928840398788452,0.10761859267950058,0,-0.05269046872854233,-0.10493474453687668,0.9930822849273682,0,0,0.055332001298666,0,1,0.974724292755127,-0.1075679138302803,0.1958116590976715,0,0.02678692527115345,0.926405131816864,0.37557315826416016,0,-0.22180058062076569,-0.36083510518074036,0.9058710932731628,0,0,0.03725099936127663,-0.006796000059694052,1,-0.12069810926914215,0.03883172571659088,0.9919291138648987,0,-0.9808394312858582,-0.15859588980674744,-0.11314002424478531,0,0.15292255580425262,-0.9865798354148865,0.05722992494702339,0,-0.034717999398708344,0.048197999596595764,-0.00013800000306218863,1,-0.9089879393577576,-0.3018234968185425,-0.28747889399528503,0,-0.39387884736061096,0.3963027596473694,0.8293395042419434,0,-0.13638544082641602,0.867091178894043,-0.4791162312030792,0,0,0.07304099947214127,0,1,0.19252094626426697,-0.9812542796134949,-0.008675925433635712,0,0.9812611937522888,0.19243638217449188,0.009715266525745392,0,-0.007863590493798256,-0.01038374938070774,0.9999156594276428,0,0,0.10576599836349487,0,1,0.0802018940448761,-0.008947264403104782,-0.9967387914657593,0,0.9824910759925842,-0.16798928380012512,0.08056338876485825,0,-0.1681622862815857,-0.985748291015625,-0.004682417958974838,0,0.034717999398708344,0.04819599911570549,-0.000012999999853491317,1,-0.8888721466064453,0.45587098598480225,0.04567908123135567,0,0.32047221064567566,0.5474037528038025,0.7730758190155029,0,0.32741817831993103,0.701805055141449,-0.6326663494110107,0,0,0.07304099947214127,0,1,0.11064056307077408,0.9938599467277527,0.00017380925419274718,0,-0.9938599467277527,0.11064042896032333,0.0007242132560350001,0,0.0007005369407124817,-0.00025286964955739677,0.9999999403953552,0,0,0.10576099902391434,0,1,-0.920750081539154,0.15829725563526154,0.3565962314605713,0,-0.3102218806743622,-0.8513235449790955,-0.4230966866016388,0,0.23660360276699066,-0.500190019607544,0.8329631686210632,0,-0.06624100357294083,-0.0212009996175766,-0.002002999885007739,1,0.9941441416740417,-0.0768708810210228,0.07594506442546844,0,0.002563170390203595,0.7193873524665833,0.6946045160293579,0,-0.1080288365483284,-0.6903427243232727,0.7153722047805786,0,0,0.13943900167942047,0,1,-0.9455269575119019,-0.2597249150276184,0.19626861810684204,0,-0.08870457857847214,-0.37453320622444153,-0.9229604601860046,0,0.31322506070137024,-0.8900941610336304,0.33109250664711,0,0,0.1111380010843277,0,1,0.9937198162078857,-0.10429123789072037,-0.04054576903581619,0,0.10486900806427002,0.994408905506134,0.012387803755700588,0,0.0390271358191967,-0.016561999917030334,0.9991006255149841,0,0,0.007980000227689743,0,1,-0.8693475127220154,-0.2558746635913849,-0.42280450463294983,0,0.4683857858181,-0.6994878649711609,-0.5397501587867737,0,-0.1576383411884308,-0.6672664284706116,0.7279465198516846,0,0.06624100357294083,-0.0212009996175766,-0.001699000014923513,1,0.9965583086013794,0.0652817115187645,-0.05108855292201042,0,-0.0055732037872076035,0.6676663160324097,0.7444402575492859,0,0.08270841091871262,-0.7415931224822998,0.6657319664955139,0,0,0.13945400714874268,0,1,-0.9540725946426392,0.25936511158943176,-0.14991357922554016,0,0.06931427866220474,-0.2957223355770111,-0.9527551531791687,0,-0.29144468903541565,-0.9193902015686035,0.26416340470314026,0,0,0.11119399964809418,0,1,0.9987702369689941,0.04953044280409813,0.002052486641332507,0,-0.049553193151950836,0.9986851811408997,0.01312303077429533,0,-0.0013997989008203149,-0.013208604417741299,0.9999117851257324,0,0,0.010448000393807888,0,1
K0.135,0.9482176899909973,-0.05585848167538643,-0.31267258524894714,0,-0.0074386755004525185,0.9802389144897461,-0.1976768523454666,0,0.31753551959991455,0.18976642191410065,0.9290634989738464,0,-0.002094919327646494,0.2700633108615875,0.005240998230874538,1,0.9992127418518066,0.03575710952281952,0.017197877168655396,0,-0.03517299145460129,0.9988310933113098,-0.03314409777522087,0,-0.01836290955543518,0.0325130969285965,0.999302327632904,0,0,0.03688599914312363,-0.00039000000106170774,1,0.9997459650039673,0.022440524771809578,-0.0020864466205239296,0,-0.022532984614372253,0.9934470057487488,-0.11205054074525833,0,-0.0004416985029820353,0.11206906288862228,0.9937000870704651,0,0,0.043035998940467834,0,1,0.9997355937957764,0.02287851646542549,-0.002161649754270911,0,-0.022976573556661606,0.9934176802635193,-0.11221784353256226,0,-0.00041995657375082374,0.1122378557920456,0.9936807751655579,0,0,0.04918399825692177,0,1,0.9947284460067749,-0.08922363817691803,0.05053459480404854,0,0.08386148512363434,0.9914678335189819,0.09979214519262314,0,-0.05900726094841957,-0.09502821415662766,0.99372398853302,0,0,0.055332001298666,0,1,0.9755914807319641,-0.08806178718805313,0.20116248726844788,0,0.012094764970242977,0.9362258911132812,0.35118961334228516,0,-0.2192600518465042,-0.3401848077774048,0.9144397377967834,0,0,0.03725099936127663,-0.006796000059694052,1,-0.16085201501846313,0.04625220224261284,0.9858937859535217,0,-0.9784531593322754,-0.13848207890987396,-0.15314127504825592,0,0.12944550812244415,-0.9892842769622803,0.06753070652484894,0,-0.034717999398708344,0.048197999596595764,-0.00013800000306218863,1,-0.8921449780464172,-0.29967808723449707,-0.33803877234458923,0,-0.43860310316085815,0.3953981399536133,0.8070239424705505,0,-0.10818745940923691,0.8682470321655273,-0.4841921031475067,0,0,0.07304099947214127,0,1,0.3611016273498535,-0.9325010776519775,-0.0069267344661056995,0,0.9325057864189148,0.3610336482524872,0.009396163746714592,0,-0.006261148024350405,-0.00985218957066536,0.9999323487281799,0,0,0.10576599836349487,0,1,0.08354168385267258,-0.009199182502925396,-0.9964617490768433,0,0.981421709060669,-0.1725575476884842,0.08387380838394165,0,-0.17271851003170013,-0.9849559664726257,-0.005387497134506702,0,0.034717999398708344,0.04819599911570549,-0.000012999999853491317,1,-0.871766209602356,0.4897681772708893,0.012274759821593761,0,0.3347049355506897,0.5770903825759888,0.7449425458908081,0,0.35776540637016296,0.6535239815711975,-0.6670154929161072,0,0,0.07304099947214127,0,1,0.09458239376544952,0.9955170750617981,0.00018535193521529436,0,-0.9955170750617981,0.09458225965499878,0.0007258770638145506,0,0.0007050919812172651,-0.000253176229307428,0.9999999403953552,0,0,0.10576099902391434,0,1,-0.9180014133453369,0.16348497569561005,0.3613103926181793,0,-0.31487947702407837,-0.8543420433998108,-0.41346102952957153,0,0.24108804762363434,-0.49332717061042786,0.835765540599823,0,-0.06624100357294083,-0.0212009996175766,-0.002002999885007739,1,0.9956027269363403,-0.055892687290906906,0.07517613470554352,0,-0.011361788958311081,0.7245290279388428,0.6891509890556335,0,-0.09298575669527054,-0.6869744658470154,0.7207077741622925,0,0,0.13943900167942047,0,1,-0.94903165102005,-0.24773213267326355,0.19485315680503845,0,-0.09029337763786316,-0.3786165416240692,-0.9211386442184448,0,0.30197015404701233,-0.8917834162712097,0.33695048093795776,0,0,0.1111380010843277,0,1,0.9940155148506165,-0.10452085733413696,-0.031758327037096024,0,0.10489685833454132,0.9944287538528442,0.010408477857708931,0,0.0304934773594141,-0.013677531853318214,0.9994410872459412,0,0,0.007980000227689743,0,1,-0.864958643913269,-0.26034337282180786,-0.4290311634540558,0,0.4707981050014496,-0.7169829607009888,-0.5140864849090576,0,-0.17376895248889923,-0.6466503143310547,0.7427294850349426,0,0.06624100357294083,-0.0212009996175766,-0.001699000014923513,1,0.9960496425628662,0.06316638737916946,-0.06240447983145714,0,0.0014030546881258488,0.6915196776390076,0.7223569750785828,0,0.08878260850906372,-0.719590961933136,0.6886992454528809,0,0,0.13945400714874268,0,1,-0.9548707008361816,0.25922805070877075,-0.14499081671237946,0,0.07011647522449493,-0.2776225805282593,-0.9581276774406433,0,-0.2886265218257904,-0.9250549674034119,0.24691762030124664,0,0,0.11119399964809418,0,1,0.9987784028053284,0.04935106635093689,0.0024765916168689728,0,-0.04938340187072754,0.9986615777015686,0.015369697473943233,0,-0.0017147663747891784,-0.015473228879272938,0.9998790621757507,0,0,0.010448000393807888,0,1
K0.169,0.9394906759262085,-0.04433440417051315,-0.339692085981369,0,-0.016229428350925446,0.9847171306610107,-0.17340479791164398,0,0.3421884775161743,0.1684252768754959,0.92441326379776,0,-0.003712167963385582,0.27050721645355225,0.005804114509373903,1,0.9987776279449463,0.046692874282598495,0.016232511028647423,0,-0.046379975974559784,0.9987408518791199,-0.01914680376648903,0,-0.017106082290410995,0.018370525911450386,0.9996851682662964,0,0,0.03688599914312363,-0.00039000000106170774,1,0.9995880126953125,0.02849571965634823,-0.003565353574231267,0,-0.02871035970747471,0.9944371581077576,-0.10134442895650864,0,0.0006576373125426471,0.10140497237443924,0.9948449730873108,0,0,0.043035998940467834,0,1,0.9995682835578918,0.0290593933314085,-0.004414319526404142,0,-0.02935776114463806,0.9943812489509583,-0.101708322763443,0,0.0014339336194097996,0.10179394483566284,0.9948043823242188,0,0,0.04918399825692177,0,1,0.9888876080513,-0.13521890342235565,0.06177772209048271,0,0.1295904815196991,0.9877001047134399,0.08749595284461975,0,-0.07284891605377197,-0.07851780951023102,0.9942468404769897,0,0,0.055332001298666,0,1,0.9720500111579895,-0.06519641727209091,0.22554093599319458,0,-0.0075949314050376415,0.9514331817626953,0.30776092410087585,0,-0.2346520721912384,-0.30087199807167053,0.9243455529212952,0,0,0.03725099936127663,-0.006796000059694052,1,-0.20165111124515533,0.053109027445316315,0.978016197681427,0,-0.9743914008140564,-0.11230123043060303,-0.19480545818805695,0,0.09948652982711792,-0.9922537803649902,0.07439466565847397,0,-0.034717999398708344,0.048197999596595764,-0.00013800000306218863,1,-0.863844633102417,-0.3155660331249237,-0.3926715552806854,0,-0.49541157484054565,0.39085546135902405,0.7757576107978821,0,-0.0913248360157013,0.8646674156188965,-0.493973046541214,0,0,0.07304099947214127,0,1,0.5611155033111572,-0.8277179002761841,-0.005644477903842926,0,0.8277313709259033,0.561073362827301,0.007524776738137007,0,-0.003061426803469658,-0.00889438297599554,0.9999553561210632,0,0,0.10576599836349487,0,1,0.08717474341392517,-0.009821748360991478,-0.9961446523666382,0,0.9797846674919128,-0.179899200797081,0.08751685917377472,0,-0.18006499111652374,-0.983635663986206,-0.006059528328478336,0,0.034717999398708344,0.04819599911570549,-0.000012999999853491317,1,-0.8516071438789368,0.5230168700218201,-0.034914541989564896,0,0.3483408987522125,0.6144456267356873,0.7078942060470581,0,0.39169400930404663,0.5906861424446106,-0.7054550647735596,0,0,0.07304099947214127,0,1,0.08859509229660034,0.9960678815841675,0.00019060737395193428,0,-0.9960678815841675,0.088594950735569,0.0007255430100485682,0,0.000705803046002984,-0.00025413738330826163,0.9999999403953552,0,0,0.10576099902391434,0,1,-0.9136835932731628,0.18010880053043365,0.36433911323547363,0,-0.3304344117641449,-0.8511317372322083,-0.4079061448574066,0,0.23663319647312164,-0.493087500333786,0.8371796011924744,0,-0.06624100357294083,-0.0212009996175766,-0.002002999885007739,1,0.9979432821273804,-0.0225067138671875,0.06002584099769592,0,-0.026035862043499947,0.7133505344390869,0.700323224067688,0,-0.058581434190273285,-0.7004456520080566,0.7112973928451538,0,0,0.13943900167942047,0,1,-0.9535512328147888,-0.23049543797969818,0.19393868744373322,0,-0.0914611741900444,-0.3918912410736084,-0.915454626083374,0,0.2870108485221863,-0.8906704187393188,0.3526069223880768,0,0,0.1111380010843277,0,1,0.9942552447319031,-0.10467308759689331,-0.02238226868212223,0,0.10489769279956818,0.9944410920143127,0.009108297526836395,0,0.021304452791810036,-0.011403820477426052,0.9997082352638245,0,0,0.007980000227689743,0,1,-0.8615374565124512,-0.264571875333786,-0.43330758810043335,0,0.4670885503292084,-0.7475163340568542,-0.47228002548217773,0,-0.1989523321390152,-0.609279453754425,0.7675912380218506,0,0.06624100357294083,-0.0212009996175766,-0.001699000014923513,1,0.9937857389450073,0.08006937801837921,-0.07732920348644257,0,-0.002243851311504841,0.7089599967002869,0.7052456140518188,0,0.1112917885184288,-0.700688898563385,0.7047333717346191,0,0,0.13945400714874268,0,1,-0.9489353895187378,0.2795542776584625,-0.14618635177612305,0,0.06908980011940002,-0.267980694770813,-0.9609442353248596,0,-0.30781108140945435,-0.921973705291748,0.23498202860355377,0,0,0.11119399964809418,0,1,0.9987865090370178,0.04915465787053108,0.0029383960645645857,0,-0.04919937998056412,0.9986298084259033,0.01782253384590149,0,-0.0020583111327141523,-0.017945488914847374,0.9998372197151184,0,0,0.010448000393807888,0,1
K0.203,0.9228224158287048,-0.0250043123960495,-0.3844142258167267,0,-0.030013423413038254,0.990190863609314,-0.13645721971988678,0,0.3840554356575012,0.13746337592601776,0.9130198359489441,0,-0.005260375328361988,0.27015912532806396,0.005626050755381584,1,0.9983371496200562,0.055517684668302536,0.015514591708779335,0,-0.05554117262363434,0.9984554648399353,0.0010880009504035115,0,-0.015430234372615814,-0.0019478915492072701,0.9998793005943298,0,0,0.03688599914312363,-0.00039000000106170774,1,0.9993979334831238,0.034374259412288666,-0.004713241942226887,0,-0.03465253487229347,0.9956843852996826,-0.08608842641115189,0,0.0017336768796667457,0.08619997650384903,0.9962767362594604,0,0,0.043035998940467834,0,1,0.9993645548820496,0.03513569012284279,-0.006073937751352787,0,-0.03552982211112976,0.9956153631210327,-0.08653534203767776,0,0.0030068247579038143,0.08669611811637878,0.9962304830551147,0,0,0.04918399825692177,0,1,0.9809085726737976,-0.17651893198490143,0.08160684257745743,0,0.17094558477401733,0.9827249646186829,0.0709204375743866,0,-0.09271582216024399,-0.0556161031126976,0.9941378235816956,0,0,0.055332001298666,0,1,0.9601002931594849,-0.05400702729821205,0.274392694234848,0,-0.014782861806452274,0.9700026512145996,0.24264490604400635,0,-0.2792661786079407,-0.23701976239681244,0.9305014610290527,0,0,0.03725099936127663,-0.006796000059694052,1,-0.2366366982460022,0.05724652484059334,0.9699105620384216,0,-0.9696017503738403,-0.0778823122382164,-0.23196454346179962,0,0.062259647995233536,-0.9953175783157349,0.07393606752157211,0,-0.034717999398708344,0.048197999596595764,-0.00013800000306218863,1,-0.8461155891418457,-0.35058170557022095,-0.4014735519886017,0,-0.5226531624794006,0.39803916215896606,0.7539220452308655,0,-0.10450908541679382,0.8477362990379333,-0.5200194716453552,0,0,0.07304099947214127,0,1,0.6999980807304382,-0.7141265869140625,-0.0050696092657744884,0,0.714144766330719,0.6999772191047668,0.005445364397019148,0,-0.0003400685964152217,-0.007432175800204277,0.9999720454216003,0,0,0.10576599836349487,0,1,0.07788839191198349,-0.009958919137716293,-0.9969119429588318,0,0.982728123664856,-0.16760218143463135,0.07845449447631836,0,-0.1678660660982132,-0.9858046174049377,-0.003267321502789855,0,0.034717999398708344,0.04819599911570549,-0.000012999999853491317,1,-0.8330743312835693,0.5466746091842651,-0.08445921540260315,0,0.3550052344799042,0.6454712748527527,0.6762673854827881,0,0.42421433329582214,0.5333976745605469,-0.7317981123924255,0,0,0.07304099947214127,0,1,0.09994298219680786,0.9949935674667358,0.00018175053992308676,0,-0.9949926733970642,0.09994275867938995,0.0007220752886496484,0,0.0007002957281656563,-0.00025300687411800027,0.9999999403953552,0,0,0.10576099902391434,0,1,-0.9110679030418396,0.19936105608940125,0.3608468174934387,0,-0.34819352626800537,-0.8407403826713562,-0.4146275818347931,0,0.22071798145771027,-0.503398597240448,0.8353880047798157,0,-0.06624100357294083,-0.0212009996175766,-0.002002999885007739,1,0.9991398453712463,-0.01681172288954258,0.037916868925094604,0,-0.016296863555908203,0.6815252304077148,0.7316126823425293,0,-0.03814099356532097,-0.7316017150878906,0.6806654334068298,0,0,0.13943900167942047,0,1,-0.9489615559577942,-0.2266158014535904,0.21935632824897766,0,-0.11075403541326523,-0.41176992654800415,-0.9045323729515076,0,0.29530563950538635,-0.882660984992981,0.36565524339675903,0,0,0.1111380010843277,0,1,0.994292676448822,-0.10468370467424393,-0.02057591639459133,0,0.1048872247338295,0.9944427013397217,0.00907156988978386,0,0.01951192319393158,-0.011177945882081985,0.999747097492218,0,0,0.007980000227689743,0,1,-0.8595971465110779,-0.2674294710159302,-0.4354012906551361,0,0.4551496207714081,-0.7880136370658875,-0.41457676887512207,0,-0.23223207890987396,-0.5545416474342346,0.7990946173667908,0,0.06624100357294083,-0.0212009996175766,-0.001699000014923513,1,0.9889269471168518,0.11320890486240387,-0.09595047682523727,0,-0.014271534979343414,0.7161180973052979,0.6978333592414856,0,0.147712841629982,-0.6887369751930237,0.7098042964935303,0,0,0.13945400714874268,0,1,-0.9370661973953247,0.315571665763855,-0.1494060456752777,0,0.06353147327899933,-0.266658216714859,-0.9616945385932922,0,-0.3433237671852112,-0.9106630086898804,0.22982759773731232,0,0,0.11119399964809418,0,1,0.9987945556640625,0.0489630401134491,0.003386059310287237,0,-0.04902166500687599,0.9985933899879456,0.020202189683914185,0,-0.0023921355605125427,-0.020343827083706856,0.999789834022522,0,0,0.010448000393807888,0,1
