2.933,30,88,25
B0,mixamorig_Hips,-1,-0.9994664788246155,0.009779705666005611,0.031162338331341743,0,-0.0009701692033559084,0.944806694984436,-0.32762572169303894,0,-0.032646484673023224,-0.3274812698364258,-0.9442936182022095,0,0.0025223875418305397,0.2674759030342102,0.018039047718048096,1
B1,mixamorig_Spine,0,0.9999802112579346,0.00282433838583529,-0.0056629786267876625,0,-0.0024851220659911633,0.9982525706291199,0.05903782695531845,0,0.005819822661578655,-0.059022556990385056,0.9982393980026245,0,0,0.03688599914312363,-0.00039000000106170774,1
B2,mixamorig_Spine1,1,0.9998157620429993,0.011876724660396576,-0.015067393891513348,0,-0.013027763925492764,0.9968096613883972,-0.07874827831983566,0,0.014084055088460445,0.0789300799369812,0.9967808723449707,0,0,0.043035998940467834,0,1
B3,mixamorig_Spine2,2,0.9998301863670349,0.012251779437065125,-0.013745401985943317,0,-0.013299371115863323,0.9967930316925049,-0.07890809327363968,0,0.012734560295939445,0.07907751947641373,0.9967870116233826,0,0,0.04918399825692177,0,1
B4,mixamorig_Neck,3,0.997765064239502,-0.02723018266260624,0.06102154031395912,0,0.028359780088067055,0.9994407892227173,-0.017722323536872864,0,-0.06050483509898186,0.01941327191889286,0.9979793429374695,0,0,0.055332001298666,0,1
B5,mixamorig_Head,4,0.9341654777526855,0.2120751142501831,0.2869819700717926,0,-0.04610373452305794,0.8692223429679871,-0.49226757884025574,0,-0.353848934173584,0.44662851095199585,0.8217751383781433,0,0,0.03725099936127663,-0.006796000059694052,1
B6,mixamorig_HeadTop_End,5,1,0,0,0,0,1,0,0,0,0,1,0,0,0.23069800436496735,-0.04208900034427643,1
B7,mixamorig_LeftShoulder,3,-0.11029794812202454,0.028232257813215256,0.9934970736503601,0,-0.97498619556427,-0.19714787602424622,-0.1026405394077301,0,0.19296811521053314,-0.979966938495636,0.0492711178958416,0,-0.034717999398708344,0.048197999596595764,-0.00013800000306218863,1
B8,mixamorig_LeftArm,7,-0.9016429781913757,-0.3206513822078705,-0.2902105450630188,0,-0.40533483028411865,0.3925449550151825,0.8255980610847473,0,-0.15080848336219788,0.8620272874832153,-0.4839065968990326,0,0,0.07304099947214127,0,1
B9,mixamorig_LeftForeArm,8,0.9216046333312988,-0.24647535383701324,-0.29982617497444153,0,0.22606730461120605,0.9688056707382202,-0.10153228789567947,0,0.31549832224845886,0.025791719555854797,0.9485753774642944,0,0,0.10576599836349487,0,1
B10,mixamorig_LeftHand,9,1,0,0,0,0,1,0,0,0,0,1,0,0,0.09361699968576431,0,1
B11,mixamorig_RightShoulder,3,0.0012105194618925452,-0.014208403415977955,-0.9998984932899475,0,0.9778631925582886,-0.20920418202877045,0.0041566570289433,0,-0.20924194157123566,-0.9777689576148987,0.013640559278428555,0,0.034717999398708344,0.04819599911570549,-0.000012999999853491317,1
B12,mixamorig_RightArm,11,-0.7529612183570862,0.6236591935157776,-0.20999722182750702,0,0.507239818572998,0.7533393502235413,0.41855373978614807,0,0.41923418641090393,0.20863580703735352,-0.8835803270339966,0,0,0.07304099947214127,0,1
B13,mixamorig_RightForeArm,12,0.14533114433288574,0.8648680448532104,0.4805015027523041,0,-0.6178459525108337,0.4586541950702667,-0.6386724710464478,0,-0.7727518081665039,-0.2040570080280304,0.6010121703147888,0,0,0.10576099902391434,0,1
B14,mixamorig_RightHand,13,1,0,0,0,0,1,0,0,0,0,1,0,0,0.09362000226974487,0,1
B15,mixamorig_LeftUpLeg,0,-0.8952332735061646,0.40718695521354675,0.18098606169223785,0,-0.30263158679008484,-0.8537172079086304,0.42377105355262756,0,0.3270648419857025,0.3246017396450043,0.8875032663345337,0,-0.06624100357294083,-0.0212009996175766,-0.002002999885007739,1
B16,mixamorig_LeftLeg,15,0.9355250597000122,-0.2175019085407257,0.27836349606513977,0,0.039239365607500076,0.847087025642395,0.5300034880638123,0,-0.351074755191803,-0.4849085807800293,0.8010055422782898,0,0,0.13943900167942047,0,1
B17,mixamorig_LeftFoot,16,-0.8924881815910339,-0.39424267411231995,0.21917344629764557,0,-0.03713707625865936,-0.42002466320991516,-0.9067524671554565,0,0.4495387375354767,-0.8174054026603699,0.3602261245250702,0,0,0.1111380010843277,0,1
B18,mixamorig_LeftToeBase,17,0.9944649338722229,-0.10506894439458847,1.282058548213172e-7,0,0.10506704449653625,0.9944469928741455,0.006031699478626251,0,-0.0006338718230836093,-0.005998300854116678,0.9999820590019226,0,0,0.007980000227689743,0,1
B19,mixamorig_LeftToe_End,18,1,0,0,0,0,1,0,0,0,0,1,0,0,0.007400999777019024,0,1
B20,mixamorig_RightUpLeg,0,-0.957794189453125,-0.22864793241024017,-0.17421163618564606,0,0.2584477365016937,-0.9502813816070557,-0.17369604110717773,0,-0.12583483755588531,-0.2113896906375885,0.9692676067352295,0,0.06624100357294083,-0.0212009996175766,-0.001699000014923513,1
B21,mixamorig_RightLeg,20,0.9790435433387756,0.08046451210975647,0.1870812624692917,0,-0.1998468041419983,0.5563415884971619,0.8065637350082397,0,-0.03918132930994034,-0.8270485997200012,0.5607632398605347,0,0,0.13945400714874268,0,1
B22,mixamorig_RightFoot,21,-0.9479420185089111,0.28602638840675354,-0.13998368382453918,0,0.0795065239071846,-0.2130838930606842,-0.9737935066223145,0,-0.308358758687973,-0.9342288374900818,0.17925019562244415,0,0,0.11119399964809418,0,1
B23,mixamorig_RightToeBase,22,0.9983610510826111,0.005239525344222784,0.05698886886239052,0,-0.01573997735977173,0.9825358986854553,0.18540742993354797,0,-0.05502215027809143,-0.1860005110502243,0.9810078144073486,0,0,0.010448000393807888,0,1
B24,mixamorig_RightToe_End,23,1,0,0,0,0,1,0,0,0,0,1,0,0,0.01117900013923645,0,1
@20,0,1,2,3,4,5,7,8,9,11,12,13,15,16,17,18,20,21,22,23
K0,-0.9461148381233215,-0.059669796377420425,0.3182862102985382,0,0.0060347989201545715,0.9794580340385437,0.20155970752239227,0,-0.3237747251987457,0.19261927902698517,-0.9263190031051636,0,-0.002331000054255128,0.26473701000213623,-0.002718999981880188,1,0.9994339942932129,0.03138537332415581,-0.012091649696230888,0,-0.03197362646460533,0.998136043548584,-0.05199092626571655,0,0.01043735072016716,0.05234808102250099,0.9985740184783936,0,0,0.03688599914312363,-0.00039000000106170774,1,0.9994580149650574,0.023152664303779602,-0.023401934653520584,0,-0.025993335992097855,0.9912459850311279,-0.12944495677947998,0,0.02020006626844406,0.12998302280902863,0.9913100004196167,0,0,0.043035998940467834,0,1,0.9994840025901794,0.023897293955087662,-0.021454226225614548,0,-0.026482703164219856,0.991204023361206,-0.12966887652873993,0,0.01816677302122116,0.1301700919866562,0.9913249611854553,0,0,0.04918399825692177,0,1,0.9974240064620972,-0.04795920476317406,0.053345683962106705,0,0.041605789214372635,0.9925609230995178,0.11442013829946518,0,-0.0584363117814064,-0.11190583556890488,0.9919989705085754,0,0,0.055332001298666,0,1,0.9677609205245972,-0.11626391112804413,0.223430335521698,0,0.02064109407365322,0.9207119345664978,0.3896961212158203,0,-0.2510226368904114,-0.37252092361450195,0.8934291005134583,0,0,0.03725099936127663,-0.006796000059694052,1,-0.08195607364177704,0.029295995831489563,0.9962049722671509,0,-0.9819030165672302,-0.17360971868038177,-0.07567404955625534,0,0.1707340031862259,-0.9843789339065552,0.04299424588680267,0,-0.034717999398708344,0.048197999596595764,-0.00013800000306218863,1,-0.9113339781761169,-0.31131571531295776,-0.26935696601867676,0,-0.38541728258132935,0.41532087326049805,0.8239919543266296,0,-0.14465196430683136,0.8547459244728088,-0.4984818994998932,0,0,0.07304099947214127,0,1,0.03042321652173996,-0.9994829297065735,-0.010427918285131454,0,0.9994940161705017,0.030322987586259842,0.009639113210141659,0,-0.009317917749285698,-0.010715886950492859,0.9998990297317505,0,0,0.10576599836349487,0,1,0.08846884220838547,-0.00985109992325306,-0.9960300326347351,0,0.9779271483421326,-0.18917199969291687,0.08873194456100464,0,-0.18929490447044373,-0.9818940758705139,-0.007102227304130793,0,0.034717999398708344,0.04819599911570549,-0.000012999999853491317,1,-0.9225589036941528,0.3703721761703491,0.10820979624986649,0,0.3052617907524109,0.5290429592132568,0.7917881011962891,0,0.23600879311561584,0.7635039687156677,-0.6011340618133545,0,0,0.07304099947214127,0,1,0.10045801103115082,0.9949410557746887,0.0001820646575652063,0,-0.9949410557746887,0.10045787692070007,0.0007250219932757318,0,0.00070306466659531,-0.000253978039836511,0.9999999403953552,0,0,0.10576099902391434,0,1,-0.9300859570503235,0.17382723093032837,0.3236120939254761,0,-0.3138277530670166,-0.8338760733604431,-0.45405107736587524,0,0.19092589616775513,-0.5238649249076843,0.8301280736923218,0,-0.06624100357294083,-0.0212009996175766,-0.002002999885007739,1,0.9924719929695129,-0.10466703772544861,0.06358728557825089,0,0.023278968408703804,0.6709760427474976,0.7411129474639893,0,-0.12023572623729706,-0.7340541481971741,0.668362021446228,0,0,0.13943900167942047,0,1,-0.9530478715896606,-0.23475845158100128,0.19127868115901947,0,-0.08306147903203964,-0.40477293729782104,-0.9106369614601135,0,0.2912042737007141,-0.8837689161300659,0.36626875400543213,0,0,0.1111380010843277,0,1,0.9944649338722229,-0.10506995022296906,0,0,0.10506805032491684,0.9944469928741455,0.006031200289726257,0,-0.000633848540019244,-0.00599780073389411,0.9999820590019226,0,0,0.007980000227689743,0,1,-0.8782690763473511,-0.25873684883117676,-0.40211793780326843,0,0.46060416102409363,-0.6835997104644775,-0.5661571621894836,0,-0.12840203940868378,-0.6824557781219482,0.7195601463317871,0,0.06624100357294083,-0.0212009996175766,-0.001699000014923513,1,0.9960619807243347,0.08400832116603851,-0.028348613530397415,0,-0.02659967727959156,0.5881502032279968,0.8083139061927795,0,0.08457837253808975,-0.804377019405365,0.5880689024925232,0,0,0.13945400714874268,0,1,-0.9434878826141357,0.2914244532585144,-0.1578061580657959,0,0.0470634363591671,-0.353522926568985,-0.934240996837616,0,-0.32804879546165466,-0.8888720870018005,0.31982913613319397,0,0,0.11119399964809418,0,1,0.9987589716911316,0.049759186804294586,0.002180988434702158,0,-0.04977882280945778,0.998708963394165,0.01013200543820858,0,-0.0016740115825086832,-0.010227993130683899,0.9999459981918335,0,0,0.010448000393807888,0,1
K0.033,-0.9583322405815125,-0.04102659970521927,0.2826935052871704,0,-0.009579207748174667,0.9936912059783936,0.11173836141824722,0,-0.28549429774284363,0.10437449812889099,-0.952679455280304,0,-0.0017139909323304892,0.2652899920940399,0.0006080532912164927,1,0.9995779991149902,0.027191201224923134,-0.010180949233472347,0,-0.027388663962483406,0.9994289875030518,-0.019785039126873016,0,0.009637158364057541,0.020055534318089485,0.9997519850730896,0,0,0.03688599914312363,-0.00039000000106170774,1,0.9994969964027405,0.02351890318095684,-0.021297061815857887,0,-0.025913041085004807,0.9924139976501465,-0.12018175423145294,0,0.018308937549591064,0.12067302316427231,0.9925230145454407,0,0,0.043035998940467834,0,1,0.999517023563385,0.024180961772799492,-0.01951787620782852,0,-0.026358982548117638,0.9923769235610962,-0.12038316577672958,0,0.01645812578499317,0.12083962559700012,0.9925360679626465,0,0,0.04918399825692177,0,1,0.9982990622520447,-0.03199257701635361,0.04874411225318909,0,0.028900155797600746,0.9976031184196472,0.06287728250026703,0,-0.050638847053050995,-0.06136156618595123,0.9968300461769104,0,0,0.055332001298666,0,1,0.9793848991394043,0.06472877413034439,0.1913491189479828,0,-0.0575188472867012,0.9974177479743958,-0.04300272464752197,0,-0.19363869726657867,0.031110066920518875,0.9805799126625061,0,0,0.03725099936127663,-0.006796000059694052,1,-0.09920137375593185,0.030655138194561005,0.994594931602478,0,-0.9739868640899658,-0.2076381891965866,-0.0907461866736412,0,0.20373417437076569,-0.9777249097824097,0.05045577138662338,0,-0.034717999398708344,0.048197999596595764,-0.00013800000306218863,1,-0.9088228344917297,-0.33084455132484436,-0.25413087010383606,0,-0.38835686445236206,0.44843751192092896,0.8050358891487122,0,-0.15237995982170105,0.8303288221359253,-0.5360362529754639,0,0,0.07304099947214127,0,1,0.28628474473953247,-0.9581036567687988,-0.008905480615794659,0,0.9569716453552246,0.2863816022872925,-0.04680710285902023,0,0.04739638417959213,0.004877866245806217,0.998863935470581,0,0,0.10576599836349487,0,1,0.08252272754907608,-0.016836993396282196,-0.9964470863342285,0,0.974541962146759,-0.20778536796569824,0.0842195674777031,0,-0.20846523344516754,-0.9780299663543701,-0.0007386520155705512,0,0.034717999398708344,0.04819599911570549,-0.000012999999853491317,1,-0.8756415843963623,0.4742467999458313,0.09133165329694748,0,0.3820168972015381,0.5644232630729675,0.7317724823951721,0,0.29549065232276917,0.6756598353385925,-0.6754019260406494,0,0,0.07304099947214127,0,1,0.4813997447490692,0.8758404850959778,-0.034029312431812286,0,-0.8701871633529663,0.4729198217391968,-0.13827890157699585,0,-0.10501714050769806,0.09617931395769119,0.9898087978363037,0,0,0.10576099902391434,0,1,-0.9252167344093323,0.2273331582546234,0.30379846692085266,0,-0.32733699679374695,-0.8831287026405334,-0.33605581521987915,0,0.1918964833021164,-0.4103688895702362,0.8914998769760132,0,-0.06624100357294083,-0.0212009996175766,-0.002002999885007739,1,0.9871108531951904,-0.1386995017528534,0.07983551174402237,0,0.034807030111551285,0.6729902029037476,0.7388318181037903,0,-0.15620426833629608,-0.7265306711196899,0.6691442728042603,0,0,0.13943900167942047,0,1,-0.9423556923866272,-0.2686646282672882,0.19946034252643585,0,-0.06806400418281555,-0.42972439527511597,-0.9003908038139343,0,0.32761630415916443,-0.8620648980140686,0.38666704297065735,0,0,0.1111380010843277,0,1,0.9944649338722229,-0.10506995022296906,0,0,0.10506805032491684,0.9944469928741455,0.006031200289726257,0,-0.000633848540019244,-0.00599780073389411,0.9999820590019226,0,0,0.007980000227689743,0,1,-0.8908064365386963,-0.26301077008247375,-0.3705252707004547,0,0.4299086332321167,-0.7518672347068787,-0.4998745918273926,0,-0.14711341261863708,-0.6045836210250854,0.7828388810157776,0,0.06624100357294083,-0.0212009996175766,-0.001699000014923513,1,0.9970740079879761,0.07643770426511765,-0.0005664592608809471,0,-0.04591875150799751,0.6048681139945984,0.7950007915496826,0,0.06111067906022072,-0.7926487922668457,0.6066083312034607,0,0,0.13945400714874268,0,1,-0.9452661275863647,0.28534767031669617,-0.15827010571956635,0,0.04889174923300743,-0.3557080328464508,-0.9333170056343079,0,-0.3226178288459778,-0.889971137046814,0.3222876191139221,0,0,0.11119399964809418,0,1,0.9986239671707153,0.05223606154322624,0.004664972890168428,0,-0.052286844700574875,0.9985660314559937,0.011521048843860626,0,-0.004056468605995178,-0.01174911018460989,0.9999229907989502,0,0,0.010448000393807888,0,1
K0.067,-0.9754840731620789,-0.009747136384248734,0.2198563814163208,0,-0.020897062495350838,0.9986070394515991,-0.04844612628221512,0,-0.219077929854393,-0.051852770149707794,-0.9743289351463318,0,-0.000813008809927851,0.2663689851760864,0.005886948201805353,1,0.9996709227561951,0.020640438422560692,-0.01525561511516571,0,-0.020620690658688545,0.9997860193252563,0.0014498219825327396,0,0.015282279811799526,-0.0011347639374434948,0.9998829364776611,0,0,0.03688599914312363,-0.00039000000106170774,1,0.9995599985122681,0.02094733901321888,-0.020988883450627327,0,-0.023114711046218872,0.9937739372253418,-0.10899201035499573,0,0.018575116991996765,0.10942921787500381,0.9938210248947144,0,0,0.043035998940467834,0,1,0.9995800256729126,0.021559154614806175,-0.01934191770851612,0,-0.023545894771814346,0.9937430620193481,-0.10917978733778,0,0.016867080703377724,0.10958942770957947,0.9938339591026306,0,0,0.04918399825692177,0,1,0.9987189769744873,-0.0172735508531332,0.04754999652504921,0,0.017023710533976555,0.9998390674591064,0.0056544141843914986,0,-0.04764005169272423,-0.00483769690617919,0.9988529682159424,0,0,0.055332001298666,0,1,0.9660220742225647,0.2245059311389923,0.1280592828989029,0,-0.1402619630098343,0.8715333938598633,-0.4698469340801239,0,-0.21709130704402924,0.4359205663204193,0.8734099268913269,0,0,0.03725099936127663,-0.006796000059694052,1,-0.11005730926990509,0.030488543212413788,0.9934570789337158,0,-0.9700989723205566,-0.22083701193332672,-0.10069233179092407,0,0.21632228791713715,-0.974834144115448,0.053881701081991196,0,-0.034717999398708344,0.048197999596595764,-0.00013800000306218863,1,-0.8694876432418823,-0.40164628624916077,-0.28752535581588745,0,-0.45458540320396423,0.422929972410202,0.7838894724845886,0,-0.19324325025081635,0.8122872114181519,-0.5503151416778564,0,0,0.07304099947214127,0,1,0.7052925229072571,-0.7087664604187012,0.014567258767783642,0,0.7071362137794495,0.701917827129364,-0.08526155352592468,0,0.050205521285533905,0.07043538242578506,0.9962520003318787,0,0,0.10576599836349487,0,1,0.04522741213440895,-0.019276529550552368,-0.9987909197807312,0,0.9720579385757446,-0.22968801856040955,0.04844977706670761,0,-0.23034408688545227,-0.9730729460716248,0.008349775336682796,0,0.034717999398708344,0.04819599911570549,-0.000012999999853491317,1,-0.8210256695747375,0.5692169666290283,0.043682705610990524,0,0.45264145731925964,0.6024285554885864,0.6574156284332275,0,0.3478967547416687,0.5595282316207886,-0.7522611618041992,0,0,0.07304099947214127,0,1,0.7097552418708801,0.6894232034683228,0.14471811056137085,0,-0.6257648468017578,0.7113780379295349,-0.3199366629123688,0,-0.3235209584236145,0.13651716709136963,0.9363207817077637,0,0,0.10576099902391434,0,1,-0.9106550216674805,0.3129436671733856,0.26976627111434937,0,-0.3516053557395935,-0.9298718571662903,-0.10821844637393951,0,0.21698187291622162,-0.1934010088443756,0.9568255543708801,0,-0.06624100357294083,-0.0212009996175766,-0.002002999885007739,1,0.9778581261634827,-0.17880530655384064,0.10872557759284973,0,0.04761120676994324,0.6960217356681824,0.7164402008056641,0,-0.2037786990404129,-0.6954004168510437,0.6891236901283264,0,0,0.13943900167942047,0,1,-0.9249041080474854,-0.31515446305274963,0.21267208456993103,0,-0.04967706650495529,-0.4544006288051605,-0.8894110918045044,0,0.37694036960601807,-0.8331852555274963,0.4046212136745453,0,0,0.1111380010843277,0,1,0.9944649338722229,-0.10506894439458847,0,0,0.10506704449653625,0.9944469928741455,0.006031699478626251,0,-0.0006338718230836093,-0.005998300854116678,0.9999820590019226,0,0,0.007980000227689743,0,1,-0.9137110114097595,-0.2596200108528137,-0.3126184940338135,0,0.36891970038414,-0.8525242805480957,-0.3702712059020996,0,-0.17038491368293762,-0.45365169644355774,0.8747391104698181,0,0.06624100357294083,-0.0212009996175766,-0.001699000014923513,1,0.9955770969390869,0.07807671278715134,0.05226166918873787,0,-0.08977586776018143,0.6265275478363037,0.7742114067077637,0,0.0277045089751482,-0.7754790782928467,0.6307659149169922,0,0,0.13945400714874268,0,1,-0.9461440443992615,0.2833506166934967,-0.15660005807876587,0,0.054307542741298676,-0.33794888854026794,-0.9395959973335266,0,-0.3191579580307007,-0.8974978923797607,0.30436035990715027,0,0,0.11119399964809418,0,1,0.9985370635986328,0.04703561216592789,0.02666574902832508,0,-0.04754648357629776,0.9986909627914429,0.018858779221773148,0,-0.02574382722377777,-0.020099066197872162,0.9994669556617737,0,0,0.010448000393807888,0,1
K0.100,-0.9910410046577454,0.012813990004360676,0.13294470310211182,0,-0.014826986938714981,0.9786790013313293,-0.20485910773277283,0,-0.1327352523803711,-0.20499494671821594,-0.9697209596633911,0,0.0005320003256201744,0.2671799957752228,0.011555001139640808,1,0.9996650218963623,0.011920947581529617,-0.022982865571975708,0,-0.011462049558758736,0.9997339844703674,0.019996069371700287,0,0.023215128108859062,-0.019725946709513664,0.9995359778404236,0,0,0.03688599914312363,-0.00039000000106170774,1,0.9996370077133179,0.01613497920334339,-0.02156835049390793,0,-0.018152017146348953,0.9951330423355103,-0.09685380756855011,0,0.019900649785995483,0.09721019864082336,0.9950650334358215,0,0,0.043035998940467834,0,1,0.999660074710846,0.016697000712156296,-0.020048141479492188,0,-0.018566999584436417,0.9951080083847046,-0.09703490883111954,0,0.018329858779907227,0.0973740816116333,0.995078980922699,0,0,0.04918399825692177,0,1,0.998583972454071,-0.011757809668779373,0.0518823079764843,0,0.013334192335605621,0.9994570016860962,-0.030142946168780327,0,-0.05149969458580017,0.030792053788900375,0.9981980323791504,0,0,0.055332001298666,0,1,0.9455590844154358,0.29907676577568054,0.12834177911281586,0,-0.15175916254520416,0.7540379166603088,-0.6390590667724609,0,-0.28790223598480225,0.5847910046577454,0.7583749294281006,0,0,0.03725099936127663,-0.006796000059694052,1,-0.111043281853199,0.0295255146920681,0.993377149105072,0,-0.9720169901847839,-0.21142831444740295,-0.10237138718366623,0,0.20700545608997345,-0.9769471883773804,0.05217695236206055,0,-0.034717999398708344,0.048197999596595764,-0.00013800000306218863,1,-0.8235281109809875,-0.4512138366699219,-0.34381189942359924,0,-0.5196861028671265,0.3570956885814667,0.7761500477790833,0,-0.22743594646453857,0.817855954170227,-0.5285681486129761,0,0,0.07304099947214127,0,1,0.9563900232315063,-0.28926894068717957,-0.04051912575960159,0,0.2851080000400543,0.9546489715576172,-0.08578314632177353,0,0.06349596381187439,0.07048984616994858,0.9954900145530701,0,0,0.10576599836349487,0,1,-0.0031350378412753344,-0.017614852637052536,-0.9998400211334229,0,0.9700850248336792,-0.2427607923746109,0.0012350932229310274,0,-0.24274376034736633,-0.9699259996414185,0.01784903183579445,0,0.034717999398708344,0.04819599911570549,-0.000012999999853491317,1,-0.7873079776763916,0.6125102043151855,-0.07055698335170746,0,0.476098895072937,0.6766662001609802,0.5616528987884521,0,0.39176109433174133,0.4086010456085205,-0.8243589401245117,0,0,0.07304099947214127,0,1,0.561145007610321,0.73484206199646,0.38095104694366455,0,-0.5268850326538086,0.6720728278160095,-0.5202991962432861,0,-0.6383640766143799,0.09124583750963211,0.7643070220947266,0,0,0.10576099902391434,0,1,-0.8959577679634094,0.38275209069252014,0.22530239820480347,0,-0.3546038269996643,-0.9219080209732056,0.1560220569372177,0,0.2674255967140198,0.059896018356084824,0.9617151021957397,0,-0.06624100357294083,-0.0212009996175766,-0.002002999885007739,1,0.9627878665924072,-0.21241846680641174,0.16708610951900482,0,0.051209527999162674,0.750436007976532,0.6589570045471191,0,-0.2653619050979614,-0.6258789896965027,0.7333880662918091,0,0,0.13943900167942047,0,1,-0.9058119654655457,-0.3609350323677063,0.22188106179237366,0,-0.035390034317970276,-0.4574117362499237,-0.8885510563850403,0,0.42219987511634827,-0.8127118945121765,0.40155524015426636,0,0,0.1111380010843277,0,1,0.9944649338722229,-0.10506894439458847,0,0,0.10506704449653625,0.9944469928741455,0.006031199358403683,0,-0.0006338455132208765,-0.00599780073389411,0.9999820590019226,0,0,0.007980000227689743,0,1,-0.9395961165428162,-0.24031373858451843,-0.2437370866537094,0,0.3003942668437958,-0.9202960729598999,-0.2506369650363922,0,-0.16407887637615204,-0.30871495604515076,0.9368959665298462,0,0.06624100357294083,-0.0212009996175766,-0.001699000014923513,1,0.9892340302467346,0.08494284749031067,0.11916444450616837,0,-0.14614813029766083,0.6151590943336487,0.7747389078140259,0,-0.007496562786400318,-0.7838141322135925,0.6209508180618286,0,0,0.13945400714874268,0,1,-0.9475100040435791,0.2827388644218445,-0.14927849173545837,0,0.06635084748268127,-0.2828465402126312,-0.9568678736686707,0,-0.31276649236679077,-0.9165461659431458,0.24923980236053467,0,0,0.11119399964809418,0,1,0.9983850121498108,0.029506349936127663,0.04855583235621452,0,-0.03377964347600937,0.9953980445861816,0.08968088775873184,0,-0.04568617045879364,-0.09117614477872849,0.9947860240936279,0,0,0.010448000393807888,0,1
K0.133,-0.9986109137535095,0.011859014630317688,0.05133476480841637,0,-0.004514969885349274,0.9514927268028259,-0.3076368272304535,0,-0.05249294266104698,-0.3074414134025574,-0.950117826461792,0,0.0020580149721354246,0.26743099093437195,0.016600046306848526,1,0.9998509287834167,0.005426742136478424,-0.016398049890995026,0,-0.004631105810403824,0.9988279342651367,0.0481744185090065,0,0.016640257090330124,-0.04809128865599632,0.9987040162086487,0,0,0.03688599914312363,-0.00039000000106170774,1,0.9997500777244568,0.012567881494760513,-0.018470747396349907,0,-0.014066062867641449,0.9964210391044617,-0.0833558514714241,0,0.01735703833401203,0.08359484374523163,0.996349036693573,0,0,0.043035998940467834,0,1,0.9997689723968506,0.013002273626625538,-0.01709563285112381,0,-0.014386668801307678,0.9964020848274231,-0.0835215225815773,0,0.015948154032230377,0.08374817669391632,0.9963589906692505,0,0,0.04918399825692177,0,1,0.9980539679527283,-0.020311269909143448,0.058957118541002274,0,0.021960154175758362,0.9993820190429688,-0.027455559000372887,0,-0.058363016694784164,0.028696829453110695,0.9978830218315125,0,0,0.055332001298666,0,1,0.9366448521614075,0.2588045597076416,0.23604297637939453,0,-0.08382579684257507,0.8199016451835632,-0.5663346648216248,0,-0.34010210633277893,0.5106680393218994,0.7896512746810913,0,0,0.03725099936127663,-0.006796000059694052,1,-0.10745877772569656,0.028724703937768936,0.9937940239906311,0,-0.9752570986747742,-0.19729037582874298,-0.09975191950798035,0,0.1932007223367691,-0.9799240231513977,0.04921461269259453,0,-0.034717999398708344,0.048197999596595764,-0.00013800000306218863,1,-0.8655163049697876,-0.38037025928497314,-0.3258829116821289,0,-0.46466293931007385,0.3668430745601654,0.805924654006958,0,-0.18700186908245087,0.8489665389060974,-0.49425268173217773,0,0,0.07304099947214127,0,1,0.9559310078620911,-0.1822729855775833,-0.23015952110290527,0,0.16324512660503387,0.981571614742279,-0.09933505207300186,0,0.24402405321598053,0.05738501250743866,0.9680695533752441,0,0,0.10576599836349487,0,1,-0.012053794227540493,-0.015125525183975697,-0.9998130798339844,0,0.9740192294120789,-0.22631320357322693,-0.00831905659288168,0,-0.22614501416683197,-0.9739372730255127,0.017460457980632782,0,0.034717999398708344,0.04819599911570549,-0.000012999999853491317,1,-0.7604258060455322,0.6180761456489563,-0.199335515499115,0,0.48987364768981934,0.747424304485321,0.4487539529800415,0,0.4263525903224945,0.24359500408172607,-0.8711405396461487,0,0,0.07304099947214127,0,1,0.19987347722053528,0.8504204750061035,0.4866567850112915,0,-0.5868510603904724,0.5016405582427979,-0.6355801224708557,0,-0.7846375703811646,-0.15855951607227325,0.5993351340293884,0,0,0.10576099902391434,0,1,-0.8941622376441956,0.40626686811447144,0.18820537626743317,0,-0.31799572706222534,-0.8721364140510559,0.3718298077583313,0,0.3152028024196625,0.272627592086792,0.9090222120285034,0,-0.06624100357294083,-0.0212009996175766,-0.002002999885007739,1,0.9421776533126831,-0.22236321866512299,0.2507112920284271,0,0.04362647235393524,0.8231579065322876,0.5661337971687317,0,-0.332262247800827,-0.5224608182907104,0.7852616310119629,0,0,0.13943900167942047,0,1,-0.8936320543289185,-0.3904787600040436,0.22124065458774567,0,-0.03390175849199295,-0.43282046914100647,-0.9008421897888184,0,0.4475173056125641,-0.8125220537185669,0.37354448437690735,0,0,0.1111380010843277,0,1,0.9944649338722229,-0.10506894439458847,0,0,0.10506704449653625,0.9944469928741455,0.006031699478626251,0,-0.0006338718230836093,-0.005998300854116678,0.9999820590019226,0,0,0.007980000227689743,0,1,-0.9553779363632202,-0.22896592319011688,-0.18661899864673615,0,0.2629939317703247,-0.9469940662384033,-0.1844893842935562,0,-0.13448533415794373,-0.22533679008483887,0.964954137802124,0,0.06624100357294083,-0.0212009996175766,-0.001699000014923513,1,0.980862021446228,0.08439894765615463,0.17546233534812927,0,-0.19189618527889252,0.5715685486793518,0.7978002429008484,0,-0.03295522928237915,-0.8162022233009338,0.5768254995346069,0,0,0.13945400714874268,0,1,-0.9474680423736572,0.2866508960723877,-0.14190295338630676,0,0.07669704407453537,-0.22709882259368896,-0.9708470702171326,0,-0.31051990389823914,-0.9307291507720947,0.19318333268165588,0,0,0.11119399964809418,0,1,0.9981309175491333,0.009684424847364426,0.0603383369743824,0,-0.019590307027101517,0.9859619140625,0.16581855714321136,0,-0.05788544937968254,-0.16669069230556488,0.9843088984489441,0,0,0.010448000393807888,0,1
K0.167,-0.9999361038208008,0.004116240888834,-0.010521559044718742,0,0.007702717557549477,0.9296581745147705,-0.3683415651321411,0,0.008265279233455658,-0.36839935183525085,-0.9296314120292664,0,0.003484986489638686,0.26756900548934937,0.021021956577897072,1,0.9998599290847778,-0.002942811930552125,0.01649663783609867,0,0.0015870496863499284,0.9966640472412109,0.08160252869129181,0,-0.0166817307472229,-0.08156482875347137,0.9965280890464783,0,0,0.03688599914312363,-0.00039000000106170774,1,0.9999139308929443,0.01039331778883934,-0.008022457361221313,0,-0.010923733003437519,0.9975440502166748,-0.06918078660964966,0,0.007283738348633051,0.06926248967647552,0.9975720047950745,0,0,0.043035998940467834,0,1,0.9999200105667114,0.01064610481262207,-0.006811536382883787,0,-0.01109294779598713,0.9975320100784302,-0.06932809948921204,0,0.006056656129658222,0.06939816474914551,0.9975709915161133,0,0,0.04918399825692177,0,1,0.9970110654830933,-0.041627563536167145,0.06508462131023407,0,0.04155305027961731,0.9991329908370972,0.0024986884091049433,0,-0.0651322528719902,0.00021324490080587566,0.9978770017623901,0,0,0.055332001298666,0,1,0.9203062057495117,0.1021052747964859,0.37763816118240356,0,0.027506621554493904,0.9460580945014954,-0.32282763719558716,0,-0.39023011922836304,0.3074878752231598,0.8678547739982605,0,0,0.03725099936127663,-0.006796000059694052,1,-0.11618057638406754,0.027212657034397125,0.9928550720214844,0,-0.9743980765342712,-0.1968480497598648,-0.10862548649311066,0,0.19248554110527039,-0.9800560474395752,0.049385860562324524,0,-0.034717999398708344,0.048197999596595764,-0.00013800000306218863,1,-0.9586294293403625,-0.19069989025592804,-0.21133753657341003,0,-0.27533087134361267,0.43268072605133057,0.8584755063056946,0,-0.072269506752491,0.8811478018760681,-0.46728619933128357,0,0,0.07304099947214127,0,1,0.8210795521736145,-0.36729881167411804,-0.43694502115249634,0,0.35111790895462036,0.9285168051719666,-0.12071853876113892,0,0.45005035400390625,-0.05429968982934952,0.8913509249687195,0,0,0.10576599836349487,0,1,0.028641382232308388,-0.011567939072847366,-0.9995230436325073,0,0.9843547940254211,-0.17358677089214325,0.030215714126825333,0,-0.1738535463809967,-0.9847508668899536,0.006415216717869043,0,0.034717999398708344,0.04819599911570549,-0.000012999999853491317,1,-0.7376474738121033,0.6337395310401917,-0.23291748762130737,0,0.5422948598861694,0.7616046071052551,0.3547888994216919,0,0.40223443508148193,0.13539907336235046,-0.9054686427116394,0,0,0.07304099947214127,0,1,0.029942605644464493,0.8834467530250549,0.4675745368003845,0,-0.6730276942253113,0.3636721968650818,-0.6440317034721375,0,-0.7390114068984985,-0.2954065501689911,0.6054732799530029,0,0,0.10576099902391434,0,1,-0.8978539109230042,0.40780705213546753,0.16598425805568695,0,-0.268779456615448,-0.8062539100646973,0.5269855856895447,0,0.34873369336128235,0.4285426437854767,0.8335078358650208,0,-0.06624100357294083,-0.0212009996175766,-0.002002999885007739,1,0.920211136341095,-0.20341435074806213,0.33441728353500366,0,0.0329219251871109,0.8915565609931946,0.45171186327934265,0,-0.39003637433052063,-0.4046604037284851,0.8271166086196899,0,0,0.13943900167942047,0,1,-0.8901351094245911,-0.4019466042518616,0.21470524370670319,0,-0.0439445935189724,-0.3932482898235321,-0.9183819890022278,0,0.4535728394985199,-0.82691890001297,0.3323805630207062,0,0,0.1111380010843277,0,1,0.9944649338722229,-0.10506894439458847,0,0,0.10506704449653625,0.9944469928741455,0.006031699478626251,0,-0.0006338718230836093,-0.005998300854116678,0.9999820590019226,0,0,0.007980000227689743,0,1,-0.962417721748352,-0.2274121642112732,-0.14844265580177307,0,0.24932700395584106,-0.9565678834915161,-0.1510452926158905,0,-0.10764594376087189,-0.18237940967082977,0.9773179292678833,0,0.06624100357294083,-0.0212009996175766,-0.001699000014923513,1,0.9748910665512085,0.07161007821559906,0.21085263788700104,0,-0.21662680804729462,0.5242763757705688,0.82353276014328,0,-0.05157184973359108,-0.8485317826271057,0.5266254544258118,0,0,0.13945400714874268,0,1,-0.9489328861236572,0.2846413552761078,-0.13603807985782623,0,0.08522627502679825,-0.18388304114341736,-0.9792459607124329,0,-0.3037490248680115,-0.940832793712616,0.15023376047611237,0,0,0.11119399964809418,0,1,0.99875408411026,-0.0037600805517286062,0.04976619780063629,0,-0.007580322213470936,0.9741601943969727,0.2257315069437027,0,-0.04932897537946701,-0.22582732141017914,0.9729171395301819,0,0,0.010448000393807888,0,1
K0.200,-0.997920036315918,0.0016474161529913545,-0.06444794684648514,0,0.027747591957449913,0.9133180379867554,-0.40630096197128296,0,0.058192119002342224,-0.4072440564632416,-0.9114640355110168,0,0.004517000634223223,0.26752200722694397,0.024515001103281975,1,0.9971360564231873,-0.024490000680088997,0.07155899703502655,0,0.016686027869582176,0.9940450191497803,0.10768627375364304,0,-0.07377005368471146,-0.10618375241756439,0.9916059970855713,0,0,0.03688599914312363,-0.00039000000106170774,1,0.9999489784240723,0.005248167552053928,0.008583057671785355,0,-0.004752822685986757,0.9983770251274109,-0.056747812777757645,0,-0.008866958320140839,0.05670417472720146,0.9983519911766052,0,0,0.043035998940467834,0,1,0.999940037727356,0.0053699384443461895,0.009595200419425964,0,-0.004816052503883839,0.9983710050582886,-0.05684380605816841,0,-0.009884817525744438,0.0567941851913929,0.9983369708061218,0,0,0.04918399825692177,0,1,0.9952989220619202,-0.06924480199813843,0.0677141323685646,0,0.06665820628404617,0.9969840049743652,0.039742279797792435,0,-0.0702618658542633,-0.03504175320267677,0.9969130158424377,0,0,0.055332001298666,0,1,0.8826159238815308,-0.11251408606767654,0.4564320743083954,0,0.11860602349042892,0.992821991443634,0.015386497601866722,0,-0.45488685369491577,0.04055521637201309,0.8896250128746033,0,0,0.03725099936127663,-0.006796000059694052,1,-0.1564815640449524,0.022384408861398697,0.9874270558357239,0,-0.9647468328475952,-0.2176535576581955,-0.14795327186584473,0,0.21160514652729034,-0.9757689237594604,0.055654071271419525,0,-0.034717999398708344,0.048197999596595764,-0.00013800000306218863,1,-0.9974960088729858,0.007629153318703175,-0.07030896842479706,0,-0.059053000062704086,0.45717912912368774,0.8874119520187378,0,0.03891399875283241,0.8893420100212097,-0.4555838704109192,0,0,0.07304099947214127,0,1,0.7295017838478088,-0.4994944632053375,-0.4672607183456421,0,0.5087884664535522,0.8528553247451782,-0.11735286563634872,0,0.4571230709552765,-0.15212781727313995,0.8762969374656677,0,0,0.10576599836349487,0,1,0.07777287811040878,-0.00431944290176034,-0.9969620108604431,0,0.9917740225791931,-0.10163415968418121,0.07780850678682327,0,-0.10166143625974655,-0.9948120713233948,-0.003620469244197011,0,0.034717999398708344,0.04819599911570549,-0.000012999999853491317,1,-0.7188329696655273,0.6819860935211182,-0.13480910658836365,0,0.6333069801330566,0.722398042678833,0.27760374546051025,0,0.28670772910118103,0.11417518556118011,-0.9511900544166565,0,0,0.07304099947214127,0,1,0.20151716470718384,0.9322390556335449,0.30053579807281494,0,-0.736257016658783,0.34653323888778687,-0.5812398791313171,0,-0.6460001468658447,-0.10414177179336548,0.7561998963356018,0,0,0.10576099902391434,0,1,-0.8989559412002563,0.40943828225135803,0.1556878387928009,0,-0.22292573750019073,-0.7335739135742188,0.6420079469680786,0,0.3770711123943329,0.5424299240112305,0.7507249116897583,0,-0.06624100357294083,-0.0212009996175766,-0.002002999885007739,1,0.8976500630378723,-0.16584575176239014,0.4083128273487091,0,0.025470202788710594,0.9444650411605835,0.32762178778648376,0,-0.4399721920490265,-0.28369009494781494,0.8520238399505615,0,0,0.13943900167942047,0,1,-0.8908260464668274,-0.4046710729598999,0.20656682550907135,0,-0.05925106629729271,-0.34729433059692383,-0.9358828663825989,0,0.450464129447937,-0.8459480404853821,0.2854015529155731,0,0,0.1111380010843277,0,1,0.9944648742675781,-0.10506944358348846,0,0,0.10506755113601685,0.9944470524787903,0.006031200289726257,0,-0.0006338470266200602,-0.00599780073389411,0.9999820590019226,0,0,0.007980000227689743,0,1,-0.9672970175743103,-0.2231423705816269,-0.12060225754976273,0,0.238145649433136,-0.962628185749054,-0.12897300720214844,0,-0.08731573075056076,-0.15347599983215332,0.9842870235443115,0,0.06624100357294083,-0.0212009996175766,-0.001699000014923513,1,0.9713510274887085,0.0543888583779335,0.23133987188339233,0,-0.22738413512706757,0.4956948459148407,0.8382019996643066,0,-0.06908515095710754,-0.8667919039726257,0.4938611388206482,0,0,0.13945400714874268,0,1,-0.952570915222168,0.2735515832901001,-0.13333110511302948,0,0.09111358225345612,-0.16166278719902039,-0.9826310276985168,0,-0.2903549373149872,-0.9481739401817322,0.12907113134860992,0,0,0.11119399964809418,0,1,0.9992690086364746,-0.010553201660513878,0.03673102706670761,0,0.0010727988556027412,0.9684849977493286,0.2490701526403427,0,-0.038201965391635895,-0.24884885549545288,0.9677890539169312,0,0,0.010448000393807888,0,1
