2.900,30,86,33
B0,mixamorig_Hips,-1,0.9435539245605469,0.04419760778546333,-0.32825762033462524,0,0.021828120574355125,0.9806046485900879,0.1947750300168991,0,0.33049944043159485,-0.19094595313072205,0.9242883920669556,0,-0.02326621487736702,1.7228262424468994,-0.010264020413160324,1
B1,mixamorig_Spine,0,0.9989272952079773,-0.04256581887602806,-0.018237078562378883,0,0.04342496022582054,0.9978234171867371,0.049635596573352814,0,0.01608460023999214,-0.050374288111925125,0.9986012578010559,0,0,0.25036901235580444,0.0018439999548718333,1
B2,mixamorig_Spine1,1,0.9991441369056702,-0.029892263934016228,-0.02857951447367668,0,0.03339264169335365,0.9908080697059631,0.13109275698661804,0,0.024398161098361015,-0.13193494081497192,0.990958571434021,0,0,0.2921049892902374,0,1
B3,mixamorig_Spine2,2,0.9991721510887146,-0.0307071004062891,-0.026668906211853027,0,0.03395649418234825,0.9907417893409729,0.1314481645822525,0,0.0223856084048748,-0.13224494457244873,0.9909643530845642,0,0,0.33383500576019287,0,1
B4,mixamorig_Neck,3,0.9963566064834595,0.06425859034061432,0.05608256533741951,0,-0.056817736476659775,0.9904718995094299,-0.12545068562030792,0,-0.06360943615436554,0.1218070387840271,0.9905134439468384,0,0,0.37556400895118713,0,1
B5,mixamorig_Head,4,0.9647287726402283,0.12941484153270721,0.22923988103866577,0,-0.032209351658821106,0.9223018288612366,-0.38512611389160156,0,-0.26126933097839355,0.3641584813594818,0.8939393162727356,0,0,0.331481009721756,0.043396998196840286,1
B6,mixamorig_HeadTop_End,5,1,0,0,0,0,1,0,0,0,0,1,0,0,1.4954619407653809,0.19578300416469574,1
B7,mixamorig_LeftShoulder,3,0.10968425869941711,0.03529968857765198,-0.9933397173881531,0,0.9831112623214722,-0.15114761888980865,0.10318361222743988,0,-0.14649847149848938,-0.9878804087638855,-0.05128200724720955,0,0.232587993144989,0.32559698820114136,0.00003600000127335079,1
B8,mixamorig_LeftArm,7,0.9099504351615906,0.30352482199668884,0.2825998067855835,0,-0.40040484070777893,0.46552351117134094,0.789280891418457,0,0.10800949484109879,-0.8313608765602112,0.5451361536979675,0,0,0.4881260097026825,0,1
B9,mixamorig_LeftForeArm,8,-0.022594906389713287,0.9996649026870728,0.012631004676222801,0,-0.9997060298919678,-0.022704070433974266,0.00856612715870142,0,0.008850032463669777,-0.012433739379048347,0.9998840093612671,0,0,0.7001680135726929,0,1
B10,mixamorig_LeftHand,9,-0.8228009343147278,-0.14604343473911285,0.5492454171180725,0,-0.1258120983839035,0.9892483353614807,0.07456573098897934,0,-0.554229736328125,-0.007748967502266169,-0.832328200340271,0,0,0.6535320281982422,0,1
B11,mixamorig_LeftHandIndex1,10,-0.9721399545669556,-0.1833009421825409,0.14609913527965546,0,-0.12456205487251282,0.9319738149642944,0.34045326709747314,0,-0.19856590032577515,0.31276974081993103,-0.9288409948348999,0,0,0.060575999319553375,0,1
B12,mixamorig_LeftHandIndex2,11,0.9987879991531372,0.04822255298495293,-0.00984023418277502,0,-0.03684043511748314,0.8651150465011597,0.50021892786026,0,0.032634761184453964,-0.4992500841617584,0.8658429384231567,0,0,0.03868899866938591,0,1
B13,mixamorig_LeftHandIndex3,12,0.9915559887886047,-0.10311903059482574,-0.07863757014274597,0,0.11817596852779388,0.968207061290741,0.2204737812280655,0,0.05340242013335228,-0.22790521383285522,0.9722179174423218,0,-0.005224000196903944,0.03941100090742111,0.009723999537527561,1
B14,mixamorig_LeftHandIndex4,13,1,0,0,0,0,1,0,0,0,0,1,0,-0.0060270000249147415,0.02063699997961521,0.0030950000509619713,1
B15,mixamorig_RightShoulder,3,-0.09575151652097702,-0.010263693518936634,0.9953526854515076,0,-0.9724263548851013,-0.21264944970607758,-0.09573882073163986,0,0.21264395117759705,-0.9770746827125549,0.01038085576146841,0,-0.232587993144989,0.3256010115146637,0.000699999975040555,1
B16,mixamorig_RightArm,15,0.9281680583953857,-0.3489042818546295,-0.12950050830841064,0,0.30967748165130615,0.5310762524604797,0.7887070775032043,0,-0.2064085155725479,-0.7721557021141052,0.600975513458252,0,0,0.4881260097026825,0,1
B17,mixamorig_RightForeArm,16,0.0749434232711792,-0.9971877932548523,0.00010209311585640535,0,0.9971868395805359,0.0749431848526001,-0.001642129267565906,0,0.0016298600239679217,0.0002248727687401697,0.9999989867210388,0,0,0.7001389861106873,0,1
B18,mixamorig_RightHand,17,0.9148179888725281,-0.31456685066223145,-0.2532922327518463,0,0.18907316029071808,0.8877719640731812,-0.4196579158306122,0,0.35687610507011414,0.33601972460746765,0.8716256022453308,0,0,0.653423011302948,0,1
B19,mixamorig_RightHandIndex1,18,0.9845130443572998,0.052040234208106995,-0.16741083562374115,0,-0.005315765738487244,0.963348925113678,0.26819929480552673,0,0.1752321571111679,-0.2631556987762451,0.9487059712409973,0,0,0.08986800163984299,0,1
B20,mixamorig_RightHandIndex2,19,0.9873729944229126,0.1582079529762268,-0.007999558001756668,0,-0.1462770253419876,0.929966926574707,0.33729109168052673,0,0.060801442712545395,-0.3318618834018707,0.9413660764694214,0,0,0.025970999151468277,0,1
B21,mixamorig_RightHandIndex3,20,0.7538828253746033,0.6524142622947693,0.07756168395280838,0,-0.6535208225250244,0.7324891686439514,0.19070813059806824,0,0.06760767847299576,-0.19445990025997162,0.9785780906677246,0,-0.00395999988541007,0.03376400098204613,-0.00380200007930398,1
B22,mixamorig_RightHandIndex4,21,1,0,0,0,0,1,0,0,0,0,1,0,0.0014750000555068254,0.020062999799847603,0.003019999945536256,1
B23,mixamorig_LeftUpLeg,0,-0.9249579310417175,-0.20263239741325378,0.3215484321117401,0,0.3438473343849182,-0.8065952062606812,0.4808046221733093,0,0.1619328260421753,0.5552874803543091,0.8157410025596619,0,0.4328779876232147,-0.13918200135231018,0.009201000444591045,1
B24,mixamorig_LeftLeg,23,0.9948015213012695,0.09230232983827591,0.043024636805057526,0,-0.022649219259619713,0.6124365925788879,-0.7901949286460876,0,-0.09928668290376663,0.7851125597953796,0.6113433241844177,0,0,0.9276059865951538,0,1
B25,mixamorig_LeftFoot,24,0.9381960034370422,-0.1584196239709854,-0.30771932005882263,0,0.20880398154258728,-0.44999074935913086,0.8682796359062195,0,-0.2760232985019684,-0.878869354724884,-0.3891008198261261,0,0,0.7254940271377563,0,1
B26,mixamorig_LeftToeBase,25,0.9838032722473145,0.17924919724464417,-0.00024290685541927814,0,-0.17906038463115692,0.982827365398407,0.04458212852478027,0,0.008230052888393402,-0.04381658509373665,0.9990060329437256,0,0,0.05606900155544281,0,1
B27,mixamorig_LeftToe_End,26,1,0,0,0,0,1,0,0,0,0,1,0,0,0.06156900152564049,0,1
B28,mixamorig_RightUpLeg,0,-0.8825358152389526,0.24426428973674774,-0.40182727575302124,0,-0.4507548213005066,-0.6828852891921997,0.5748807787895203,0,-0.13397906720638275,0.6884782314300537,0.712773859500885,0,-0.4328779876232147,-0.13918200135231018,0.011939999647438526,1
B29,mixamorig_RightLeg,28,0.9965221285820007,-0.08122651278972626,-0.01859736256301403,0,0.028386488556861877,0.5407437086105347,-0.8407085537910461,0,0.0783441811800003,0.837256133556366,0.5411684513092041,0,0,0.9277700185775757,0,1
B30,mixamorig_RightFoot,29,0.9390454292297363,0.2575342357158661,0.22774989902973175,0,-0.11226174980401993,-0.3964492678642273,0.911166787147522,0,0.3249479830265045,-0.8811948895454407,-0.3433727025985718,0,0,0.7266560196876526,0,1
B31,mixamorig_RightToeBase,30,0.9960138201713562,-0.08918885886669159,0.0014304250944405794,0,0.08900042623281479,0.994726836681366,0.050963517278432846,0,-0.005968262907117605,-0.050633080303668976,0.998699963092804,0,0,0.08409100025892258,0,1
B32,mixamorig_RightToe_End,31,1,0,0,0,0,1,0,0,0,0,1,0,0,0.06898599863052368,0,1
@28,0,1,2,3,4,5,7,8,9,10,11,12,13,15,16,17,18,19,20,21,23,24,25,26,28,29,30,31
K0,-0.14196540415287018,0.008973371237516403,0.047595396637916565,0,-0.0008515267400071025,0.14691798388957977,-0.030238986015319824,0,-0.04842638969421387,-0.028889434412121773,-0.1389973908662796,0,0.002325240056961775,0.2609482705593109,0.002478192560374737,1,0.9994310140609741,-0.031519774347543716,-0.011986877769231796,0,0.03206922486424446,0.9982929825782776,0.04880417510867119,0,0.01042812131345272,-0.04916082322597504,0.9987360239028931,0,0,0.25036901235580444,0.0018439999548718333,1,0.9994580149650574,-0.023077046498656273,-0.023475833237171173,0,0.0259279552847147,0.9912480711936951,0.12944474816322327,0,0.020283168181777,-0.12998324632644653,0.9913089275360107,0,0,0.2921049892902374,0,1,0.9994840025901794,-0.023828018456697464,-0.02153104729950428,0,0.0264239814132452,0.9912049174308777,0.1296684294939041,0,0.01825195550918579,-0.13017058372497559,0.9913240671157837,0,0,0.33383500576019287,0,1,0.9974240064620972,0.04778790473937988,0.05349905416369438,0,-0.04160609841346741,0.9929230809211731,-0.1112317368388176,0,-0.05843594670295715,0.10871926695108414,0.9923530220985413,0,0,0.37556400895118713,0,1,0.9677609205245972,0.11626401543617249,0.22343026101589203,0,-0.020640984177589417,0.9207119941711426,-0.3896971344947815,0,-0.25102272629737854,0.37252190709114075,0.8934291005134583,0,0,0.331481009721756,0.043396998196840286,1,0.07831522077322006,0.02908145822584629,-0.996504008769989,0,0.9808461666107178,-0.18106643855571747,0.07180052995681763,0,-0.17834551632404327,-0.9830410480499268,-0.0427047424018383,0,0.232587993144989,0.32559698820114136,0.00003600000127335079,1,0.9140289425849915,0.3004833161830902,0.2725089192390442,0,-0.3833667039871216,0.42028722167015076,0.8224280476570129,0,0.13259389996528625,-0.8561939597129822,0.49935004115104675,0,0,0.4881260097026825,0,1,0.030425135046243668,0.999462902545929,0.012176822870969772,0,-0.999502956867218,0.030322007834911346,0.008564646355807781,0,0.008190822787582874,-0.012431353330612183,0.9998890161514282,0,0,0.7001680135726929,0,1,-0.7959530353546143,-0.13538388907909393,0.5900251269340515,0,-0.10872810333967209,0.990792989730835,0.08066597580909729,0,-0.5955139398574829,0.00005402039096225053,-0.8033452033996582,0,0,0.6535320281982422,0,1,-0.9721400737762451,-0.18330110609531403,0.14610013365745544,0,-0.12456188350915909,0.9319738745689392,0.34045329689979553,0,-0.19856689870357513,0.31276965141296387,-0.9288411736488342,0,0,0.060575999319553375,0,1,0.9987879991531372,0.04822206497192383,-0.009840373881161213,0,-0.036839935928583145,0.8651148080825806,0.5002182722091675,0,0.03263462334871292,-0.4992496967315674,0.8658431172370911,0,0,0.03868899866938591,0,1,0.99155592918396,-0.10311901569366455,-0.07863705605268478,0,0.11817596852779388,0.9682080745697021,0.22047393023967743,0,0.05340193584561348,-0.22790507972240448,0.9722179770469666,0,-0.005224000196903944,0.03941100090742111,0.009723999537527561,1,-0.0858718752861023,-0.010091771371662617,0.9962550401687622,0,-0.9767820239067078,-0.1961391568183899,-0.08618022501468658,0,0.19627422094345093,-0.9805240035057068,0.006985349580645561,0,-0.232587993144989,0.3256010115146637,0.000699999975040555,1,0.923753023147583,-0.3689559996128082,-0.10272311419248581,0,0.3016989827156067,0.5358029007911682,0.7886020541191101,0,-0.23592008650302887,-0.7594648003578186,0.6062630414962769,0,0,0.4881260097026825,0,1,0.10045767575502396,-0.994940996170044,0.00005878019510419108,0,0.994939923286438,0.10045746713876724,-0.0016379704466089606,0,0.00162378023378551,0.00022302957950159907,0.9999989867210388,0,0,0.7001389861106873,0,1,0.9127659797668457,-0.29346397519111633,-0.2841428816318512,0,0.15254303812980652,0.8901650905609131,-0.42934486269950867,0,0.37893110513687134,0.34854719042778015,0.8572778701782227,0,0,0.653423011302948,0,1,0.9845130443572998,0.05204027518630028,-0.16741083562374115,0,-0.005315721966326237,0.9633490443229675,0.2681998014450073,0,0.1752321571111679,-0.2631561756134033,0.9487058520317078,0,0,0.08986800163984299,0,1,0.9873729944229126,0.15820804238319397,-0.008000041358172894,0,-0.14627695083618164,0.9299669861793518,0.33729100227355957,0,0.060801953077316284,-0.3318619728088379,0.941366970539093,0,0,0.025970999151468277,0,1,0.7538830041885376,0.6524149179458618,0.07756223529577255,0,-0.6535211205482483,0.7324889302253723,0.19070793688297272,0,0.06760723888874054,-0.19446004927158356,0.9785779714584351,0,-0.00395999988541007,0.03376400098204613,-0.00380200007930398,1,-0.9304540753364563,-0.17171962559223175,0.3236791491508484,0,0.31319037079811096,-0.8312289714813232,0.45931577682495117,0,0.19017787277698517,0.528745174407959,0.8272008895874023,0,0.4328779876232147,-0.13918200135231018,0.009201000444591045,1,0.9922270178794861,0.10928220301866531,0.05952095985412598,0,-0.027386803179979324,0.6583528518676758,-0.7522110939025879,0,-0.12138903886079788,0.7447338700294495,0.6562281250953674,0,0,0.9276059865951538,0,1,0.9351778626441956,-0.17161764204502106,-0.3098214864730835,0,0.21292328834533691,-0.42661890387535095,0.8790109157562256,0,-0.2830294966697693,-0.8879997730255127,-0.3624231517314911,0,0,0.7254940271377563,0,1,0.9838340878486633,0.17908182740211487,0,0,-0.17891815304756165,0.9829349517822266,0.042746007442474365,0,0.007655016612261534,-0.04205498471856117,0.9990859627723694,0,0,0.05606900155544281,0,1,-0.8784400820732117,0.2594248652458191,-0.40129905939102173,0,-0.4608711898326874,-0.681843101978302,0.5680567622184753,0,-0.12625494599342346,0.6839511394500732,0.7185198068618774,0,-0.4328779876232147,-0.13918200135231018,0.011939999647438526,1,0.9959109425544739,-0.08623525500297546,-0.02691401168704033,0,0.027603747323155403,0.5741711854934692,-0.8182699680328369,0,0.08601697534322739,0.8141810894012451,0.5742038488388062,0,0,0.9277700185775757,0,1,0.9377370476722717,0.2637321949005127,0.22604051232337952,0,-0.11694085597991943,-0.3730650544166565,0.9204059839248657,0,0.3270685374736786,-0.8895322680473328,-0.3189958930015564,0,0,0.7266560196876526,0,1,0.9960479736328125,-0.0888160988688469,0.0009375795489177108,0,0.08867590874433517,0.9949679970741272,0.04663071036338806,0,-0.005074420943856239,-0.04636329412460327,0.99891197681427,0,0,0.08409100025892258,0,1
K0.034,-0.14226703345775604,0.009309391491115093,0.04661990702152252,0,-0.0005088811158202589,0.1467893421649933,-0.030864844098687172,0,-0.04753758758306503,-0.02943182922899723,-0.13919030129909515,0,0.0016211899928748608,0.2623441815376282,0.002826994052156806,1,0.9995299577713013,-0.029716575518250465,-0.00756701547652483,0,0.03003810904920101,0.9984580874443054,0.04668084532022476,0,0.0061681512743234634,-0.04688619077205658,0.9988812208175659,0,0,0.25036901235580444,0.0018439999548718333,1,0.9995613694190979,-0.02180246263742447,-0.020060861483216286,0,0.024185340851545334,0.9915518760681152,0.12743523716926575,0,0.01711297035217285,-0.12786442041397095,0.9916435480117798,0,0,0.2921049892902374,0,1,0.9995742440223694,-0.022526349872350693,-0.018558405339717865,0,0.024714700877666473,0.9915109276771545,0.1276540458202362,0,0.015525280497968197,-0.12805834412574768,0.991645336151123,0,0,0.33383500576019287,0,1,0.9977402091026306,0.04294409602880478,0.05167001858353615,0,-0.036987967789173126,0.9931134581565857,-0.1111665666103363,0,-0.05608813837170601,0.1090041846036911,0.9924576878547668,0,0,0.37556400895118713,0,1,0.9693509936332703,0.11804831773042679,0.21546220779418945,0,-0.02550063654780388,0.920606255531311,-0.3896597623825073,0,-0.24435439705848694,0.3722224533557892,0.8954004049301147,0,0,0.331481009721756,0.043396998196840286,1,0.07958192378282547,0.03041236288845539,-0.9963642954826355,0,0.980431854724884,-0.18293289840221405,0.07272566854953766,0,-0.18005606532096863,-0.9826552867889404,-0.044375449419021606,0,0.232587993144989,0.32559698820114136,0.00003600000127335079,1,0.9140666723251343,0.3029535114765167,0.26963022351264954,0,-0.3799562156200409,0.40719860792160034,0.8305562138557434,0,0.14182691276073456,-0.8616317510604858,0.48731592297554016,0,0,0.4881260097026825,0,1,0.05430978536605835,0.9984533190727234,0.011903741396963596,0,-0.9984923005104065,0.05420881509780884,0.008647221140563488,0,0.00798855908215046,-0.012355422601103783,0.999891996383667,0,0,0.7001680135726929,0,1,-0.7714726328849792,-0.12989212572574615,0.6228626370429993,0,-0.10135801136493683,0.9915285110473633,0.0812327191233635,0,-0.6281375288963318,-0.0004633030039258301,-0.7781026363372803,0,0,0.6535320281982422,0,1,-0.9721318483352661,-0.183358296751976,0.14608286321163177,0,-0.12456265836954117,0.9318723678588867,0.34073272347450256,0,-0.19860653579235077,0.3130403161048889,-0.928741455078125,0,0,0.060575999319553375,0,1,0.9987900853157043,0.048185352236032486,-0.009850146248936653,0,-0.036808524280786514,0.8651973009109497,0.5000787973403931,0,0.03261876106262207,-0.49911072850227356,0.865923285484314,0,0,0.03868899866938591,0,1,0.9915540218353271,-0.10314328223466873,-0.07862374931573868,0,0.11819237470626831,0.9682232141494751,0.22039660811424255,0,0.05339289829134941,-0.22782784700393677,0.9722362160682678,0,-0.005224000196903944,0.03941100090742111,0.009723999537527561,1,-0.08395487815141678,-0.010080195032060146,0.9964184761047363,0,-0.977726399898529,-0.19220133125782013,-0.08432438224554062,0,0.192362979054451,-0.9813038110733032,0.006280627567321062,0,-0.232587993144989,0.3256010115146637,0.000699999975040555,1,0.9176021814346313,-0.38891586661338806,-0.08215431869029999,0,0.2985037565231323,0.5377204418182373,0.7885124087333679,0,-0.26248934864997864,-0.7480652928352356,0.6095072627067566,0,0,0.4881260097026825,0,1,0.11245130747556686,-0.9936569333076477,0.00004062162770424038,0,0.9936559796333313,0.11245113611221313,-0.0016356686828657985,0,0.001620726427063346,0.0002242970367660746,0.9999990463256836,0,0,0.7001389861106873,0,1,0.9154034852981567,-0.28753697872161865,-0.28170695900917053,0,0.15116281807422638,0.8941588997840881,-0.42146211862564087,0,0.3730766475200653,0.3432241678237915,0.8619808554649353,0,0,0.653423011302948,0,1,0.9845128655433655,0.052040159702301025,-0.16741031408309937,0,-0.00531583558768034,0.963348925113678,0.26819926500320435,0,0.1752316653728485,-0.2631557285785675,0.9487060308456421,0,0,0.08986800163984299,0,1,0.9873729944229126,0.15820804238319397,-0.008000041358172894,0,-0.14627695083618164,0.9299669861793518,0.33729100227355957,0,0.060801953077316284,-0.3318619728088379,0.941366970539093,0,0,0.025970999151468277,0,1,0.7538830041885376,0.6524140238761902,0.07756174355745316,0,-0.6535210013389587,0.7324900031089783,0.1907070428133011,0,0.06760673969984055,-0.1944590061903,0.9785779714584351,0,-0.00395999988541007,0.03376400098204613,-0.00380200007930398,1,-0.9284370541572571,-0.16369937360286713,0.3334764242172241,0,0.30911800265312195,-0.8382997512817383,0.44910958409309387,0,0.2060343325138092,0.5200537443161011,0.828911304473877,0,0.4328779876232147,-0.13918200135231018,0.009201000444591045,1,0.9922155737876892,0.10547547787427902,0.0662006214261055,0,-0.02284061908721924,0.676729679107666,-0.7358776330947876,0,-0.1224169060587883,0.7286367416381836,0.6738705039024353,0,0,0.9276059865951538,0,1,0.9325162172317505,-0.18148022890090942,-0.3122161030769348,0,0.21503902971744537,-0.4155208170413971,0.8837987184524536,0,-0.29012414813041687,-0.8912949562072754,-0.34845444560050964,0,0,0.7254940271377563,0,1,0.9837160706520081,0.17952048778533936,-0.008632976561784744,0,-0.17893829941749573,0.9827612638473511,0.046486448496580124,0,0.01682943105697632,-0.04418470710515976,0.998881459236145,0,0,0.05606900155544281,0,1,-0.8759951591491699,0.26074546575546265,-0.40576431155204773,0,-0.46422234177589417,-0.6840899586677551,0.562600314617157,0,-0.13088378310203552,0.6811996698379517,0.7203031182289124,0,-0.4328779876232147,-0.13918200135231018,0.011939999647438526,1,0.9963669776916504,-0.07829055190086365,-0.0335218608379364,0,0.02007320336997509,0.5984039902687073,-0.8009431958198547,0,0.0827658474445343,0.7973598837852478,0.597801148891449,0,0,0.9277700185775757,0,1,0.940705418586731,0.255652517080307,0.22296682000160217,0,-0.12249313294887543,-0.3569352328777313,0.9260631203651428,0,0.3163352608680725,-0.8984650373458862,-0.30445539951324463,0,0,0.7266560196876526,0,1,0.9960548877716064,-0.08873656392097473,0.0008612101664766669,0,0.08860467374324799,0.9950178861618042,0.04570087790489197,0,-0.0049122595228254795,-0.04544427990913391,0.9989550113677979,0,0,0.08409100025892258,0,1
K0.067,-0.14253352582454681,0.00937635451555252,0.0457853265106678,0,-0.00043137281318195164,0.14667992293834686,-0.031381405889987946,0,-0.04673352837562561,-0.02995101548731327,-0.1393517106771469,0,0.0008315767045132816,0.26363521814346313,0.0032175814267247915,1,0.9995949864387512,-0.028457442298531532,-0.0010125389089807868,0,0.028474492952227592,0.9986399412155151,0.04367131367325783,0,-0.00023161187709774822,-0.04368242993950844,0.999045193195343,0,0,0.25036901235580444,0.0018439999548718333,1,0.9996725916862488,-0.0207010917365551,-0.015069134533405304,0,0.022417794913053513,0.9919708967208862,0.12446477264165878,0,0.012371576391160488,-0.12476174533367157,0.9921094179153442,0,0,0.2921049892902374,0,1,0.9996733069419861,-0.021359767764806747,-0.014034093357622623,0,0.022944532334804535,0.9919331073760986,0.12466607987880707,0,0.01125804428011179,-0.12494736909866333,0.9920991659164429,0,0,0.33383500576019287,0,1,0.9979184865951538,0.041920389980077744,0.049001432955265045,0,-0.03634985163807869,0.9933205246925354,-0.10951095074415207,0,-0.05326487123966217,0.1075018048286438,0.99277663230896,0,0,0.37556400895118713,0,1,0.9716370701789856,0.11754275113344193,0.20519475638866425,0,-0.02967432513833046,0.9214625954627991,-0.38733240962028503,0,-0.23460735380649567,0.3702574372291565,0.8988150358200073,0,0,0.331481009721756,0.043396998196840286,1,0.0874297022819519,0.03266173601150513,-0.9956348538398743,0,0.980394721031189,-0.1799921989440918,0.08018677681684494,0,-0.17658749222755432,-0.9831259846687317,-0.04775805398821831,0,0.232587993144989,0.32559698820114136,0.00003600000127335079,1,0.9153672456741333,0.3001728355884552,0.2683273255825043,0,-0.37642842531204224,0.4016032814979553,0.8348752856254578,0,0.14284567534923553,-0.8652231097221375,0.48060786724090576,0,0,0.4881260097026825,0,1,0.08831459283828735,0.9960253834724426,0.011605778709053993,0,-0.9960635900497437,0.08821738511323929,0.008633660152554512,0,0.007575510069727898,-0.012322568334639072,0.9998951554298401,0,0,0.7001680135726929,0,1,-0.7384673953056335,-0.12293779850006104,0.6629872918128967,0,-0.092386893928051,0.9924138188362122,0.0811183825135231,0,-0.6679303646087646,-0.001348057296127081,-0.7442232370376587,0,0,0.6535320281982422,0,1,-0.9721208214759827,-0.18343223631381989,0.14606104791164398,0,-0.12456300854682922,0.9317392110824585,0.3410951793193817,0,-0.19865867495536804,0.31339192390441895,-0.9286120533943176,0,0,0.060575999319553375,0,1,0.9987918138504028,0.04813750460743904,-0.009863056242465973,0,-0.03676733374595642,0.8653017282485962,0.49990102648735046,0,0.03259850665926933,-0.49893441796302795,0.8660262227058411,0,0,0.03868899866938591,0,1,0.9915521740913391,-0.10317443311214447,-0.07860732078552246,0,0.11821353435516357,0.9682424068450928,0.22029782831668854,0,0.05338187515735626,-0.2277294099330902,0.9722602367401123,0,-0.005224000196903944,0.03941100090742111,0.009723999537527561,1,-0.08042828738689423,-0.009716225787997246,0.9967132210731506,0,-0.9796346426010132,-0.18379643559455872,-0.08084183186292648,0,0.18397769331932068,-0.9829162955284119,0.005264040548354387,0,-0.232587993144989,0.3256010115146637,0.000699999975040555,1,0.9077299237251282,-0.4145471453666687,-0.06463252007961273,0,0.3025974631309509,0.5401614308357239,0.7852765321731567,0,-0.29062238335609436,-0.7323771715164185,0.6157621145248413,0,0,0.4881260097026825,0,1,0.11836083233356476,-0.9929701089859009,0.000029987753805471584,0,0.9929692149162292,0.11836067587137222,-0.0016338818240910769,0,0.0016188481822609901,0.00022316473769024014,0.9999990463256836,0,0,0.7001389861106873,0,1,0.9240456819534302,-0.2733958959579468,-0.2671951949596405,0,0.15349872410297394,0.9054830074310303,-0.39564886689186096,0,0.350109726190567,0.3245837092399597,0.8786740899085999,0,0,0.653423011302948,0,1,0.9845130443572998,0.05204019695520401,-0.16741086542606354,0,-0.0053158048540353775,0.9633490443229675,0.26819881796836853,0,0.17523212730884552,-0.2631551921367645,0.9487059116363525,0,0,0.08986800163984299,0,1,0.9873729348182678,0.15820804238319397,-0.008000047877430916,0,-0.14627695083618164,0.929966926574707,0.3372911512851715,0,0.06080193072557449,-0.33186182379722595,0.9413660764694214,0,0,0.025970999151468277,0,1,0.7538830041885376,0.6524149775505066,0.07756222039461136,0,-0.6535211205482483,0.7324889302253723,0.19070793688297272,0,0.06760724633932114,-0.19446004927158356,0.9785779714584351,0,-0.00395999988541007,0.03376400098204613,-0.00380200007930398,1,-0.9249696135520935,-0.15827517211437225,0.3455130457878113,0,0.3086280822753906,-0.8433491587638855,0.43989765644073486,0,0.22176334261894226,0.5135272145271301,0.8289209604263306,0,0.4328779876232147,-0.13918200135231018,0.009201000444591045,1,0.9928497672080994,0.09701644629240036,0.06954880803823471,0,-0.017071150243282318,0.6920415759086609,-0.7216561436653137,0,-0.11814317107200623,0.7153087854385376,0.688749372959137,0,0,0.9276059865951538,0,1,0.9295642375946045,-0.191735178232193,-0.3148789405822754,0,0.21677255630493164,-0.4065910577774048,0.887521505355835,0,-0.29819580912590027,-0.8932647109031677,-0.33638930320739746,0,0,0.7254940271377563,0,1,0.983332633972168,0.1801808923482895,-0.024315351620316505,0,-0.17874553799629211,0.9825190901756287,0.0520186573266983,0,0.03326306492090225,-0.04680538550019264,0.9983496069908142,0,0,0.05606900155544281,0,1,-0.8737191557884216,0.2578624188899994,-0.41245830059051514,0,-0.46577608585357666,-0.6879631280899048,0.5565597414970398,0,-0.14024031162261963,0.678390383720398,0.7211929559707642,0,-0.4328779876232147,-0.13918200135231018,0.011939999647438526,1,0.9964233636856079,-0.07433802634477615,-0.040172379463911057,0,0.01488365139812231,0.62239670753479,-0.7825605869293213,0,0.08317720144987106,0.7791641354560852,0.621277391910553,0,0,0.9277700185775757,0,1,0.9441222548484802,0.24377156794071198,0.22182807326316833,0,-0.1306784301996231,-0.34101638197898865,0.930930495262146,0,0.3025813102722168,-0.9079001545906067,-0.290105402469635,0,0,0.7266560196876526,0,1,0.9960417747497559,-0.08888614177703857,0.001018673530779779,0,0.0887378603219986,0.9949239492416382,0.04745403677225113,0,-0.005231508053839207,-0.047175802290439606,0.998873233795166,0,0,0.08409100025892258,0,1
K0.101,-0.14267073571681976,0.009200537577271461,0.04539167508482933,0,-0.0005426664720289409,0.14666837453842163,-0.031434182077646255,0,-0.046311549842357635,-0.030062470585107803,-0.13946858048439026,0,-0.0002155919501092285,0.2648656964302063,0.0038633067160844803,1,0.9995523691177368,-0.028911570087075233,0.007682844065129757,0,0.028584735468029976,0.998802661895752,0.03970053791999817,0,-0.008821447379887104,-0.039463143795728683,0.9991817474365234,0,0,0.25036901235580444,0.0018439999548718333,1,0.9997602105140686,-0.020091930404305458,-0.008669502101838589,0,0.020991146564483643,0.9924837946891785,0.12056040018796921,0,0.006182054989039898,-0.12071360647678375,0.992668628692627,0,0,0.2921049892902374,0,1,0.9997539520263672,-0.020645489916205406,-0.00805115606635809,0,0.021466899663209915,0.992455005645752,0.12071538716554642,0,0.005498184822499752,-0.1208585798740387,0.9926545023918152,0,0,0.33383500576019287,0,1,0.9976149201393127,0.05032384768128395,0.047246769070625305,0,-0.045084450393915176,0.9933360815048218,-0.10607222467660904,0,-0.05226984992623329,0.10368908196687698,0.9932351112365723,0,0,0.37556400895118713,0,1,0.9740039110183716,0.11136682331562042,0.19726480543613434,0,-0.02878817543387413,0.9246019124984741,-0.3798457086086273,0,-0.22469349205493927,0.36429211497306824,0.9037714600563049,0,0,0.331481009721756,0.043396998196840286,1,0.10731928050518036,0.036688413470983505,-0.9935476779937744,0,0.9802650213241577,-0.17077557742595673,0.09957832843065262,0,-0.16602039337158203,-0.9846270680427551,-0.05429186671972275,0,0.232587993144989,0.32559698820114136,0.00003600000127335079,1,0.9137146472930908,0.2933989465236664,0.2811439633369446,0,-0.3845938742160797,0.40101662278175354,0.8314288258552551,0,0.13119693100452423,-0.8678148984909058,0.4792541563510895,0,0,0.4881260097026825,0,1,0.15724509954452515,0.9874966740608215,0.0111874183639884,0,-0.9875388741493225,0.15715745091438293,0.008329728618264198,0,0.006467386614531279,-0.012357804924249649,0.9999024868011475,0,0,0.7001680135726929,0,1,-0.6952999830245972,-0.11674853414297104,0.7091737985610962,0,-0.0825640931725502,0.9931607246398926,0.08255133777856827,0,-0.713961660861969,-0.0011543490691110492,-0.700184166431427,0,0,0.6535320281982422,0,1,-0.972159206867218,-0.18316248059272766,0.14614078402519226,0,-0.1245603859424591,0.9322212338447571,0.3397780656814575,0,-0.19847005605697632,0.3121148943901062,-0.9290818572044373,0,0,0.060575999319553375,0,1,0.9987841248512268,0.0483107753098011,-0.009815990924835205,0,-0.03691644221544266,0.8649200797080994,0.5005510449409485,0,0.03267204761505127,-0.4995799660682678,0.8656516671180725,0,0,0.03868899866938591,0,1,0.9915587902069092,-0.10306122153997421,-0.07866878807544708,0,0.11813684552907944,0.9681699872016907,0.2206573486328125,0,0.05342357978224754,-0.22808854281902313,0.9721734523773193,0,-0.005224000196903944,0.03941100090742111,0.009723999537527561,1,-0.07778283953666687,-0.009324234910309315,0.9969263672828674,0,-0.9812222123146057,-0.17631350457668304,-0.0782066136598587,0,0.1765008568763733,-0.9842897653579712,0.004565016366541386,0,-0.232587993144989,0.3256010115146637,0.000699999975040555,1,0.8949778079986572,-0.4436422884464264,-0.0468628890812397,0,0.31261923909187317,0.548760175704956,0.7753269672393799,0,-0.3182513117790222,-0.7085505723953247,0.6298191547393799,0,0,0.4881260097026825,0,1,0.11432753503322601,-0.9934433698654175,0.00003752735210582614,0,0.9934414625167847,0.11432725191116333,-0.001634944579564035,0,0.0016199351521208882,0.00022420057212002575,0.9999990463256836,0,0,0.7001389861106873,0,1,0.9379594326019287,-0.24244101345539093,-0.24790161848068237,0,0.14369061589241028,0.9224272966384888,-0.358441561460495,0,0.31557220220565796,0.30058252811431885,0.9000360369682312,0,0,0.653423011302948,0,1,0.9845130443572998,0.052040234208106995,-0.16741082072257996,0,-0.005315767601132393,0.963348925113678,0.26819929480552673,0,0.1752321422100067,-0.2631556987762451,0.9487059712409973,0,0,0.08986800163984299,0,1,0.9873729944229126,0.158207967877388,-0.007999570108950138,0,-0.1462770253419876,0.929966926574707,0.3372911214828491,0,0.06080145761370659,-0.3318619132041931,0.9413660764694214,0,0,0.025970999151468277,0,1,0.7538830041885376,0.6524149775505066,0.07756175845861435,0,-0.6535210609436035,0.7324889302253723,0.19070813059806824,0,0.06760772317647934,-0.19445990025997162,0.9785780906677246,0,-0.00395999988541007,0.03376400098204613,-0.00380200007930398,1,-0.9220119118690491,-0.15572203695774078,0.35446473956108093,0,0.30908089876174927,-0.8474225401878357,0.43167591094970703,0,0.2331598997116089,0.5075684785842896,0.8294641375541687,0,0.4328779876232147,-0.13918200135231018,0.009201000444591045,1,0.9936740398406982,0.086439348757267,0.07169423252344131,0,-0.010049219243228436,0.7042824625968933,-0.7098488807678223,0,-0.11185183376073837,0.7046377062797546,0.7006956338882446,0,0,0.9276059865951538,0,1,0.9274320006370544,-0.19893598556518555,-0.3166937232017517,0,0.21786297857761383,-0.4009002447128296,0.8898395299911499,0,-0.3039836287498474,-0.8942612409591675,-0.32846686244010925,0,0,0.7254940271377563,0,1,0.9829086065292358,0.18047396838665009,-0.03631584346294403,0,-0.17836564779281616,0.9824407696723938,0.054738134145736694,0,0.04555698484182358,-0.04732508584856987,0.9978399872779846,0,0,0.05606900155544281,0,1,-0.8709877133369446,0.25561121106147766,-0.41957539319992065,0,-0.46735620498657227,-0.6944394707679749,0.5471125841140747,0,-0.15152156352996826,0.6726194620132446,0.7243095636367798,0,-0.4328779876232147,-0.13918200135231018,0.011939999647438526,1,0.9963770508766174,-0.07072178274393082,-0.047233592718839645,0,0.009720871224999428,0.646466076374054,-0.7628803253173828,0,0.08448722958564758,0.7596578001976013,0.6448119282722473,0,0,0.9277700185775757,0,1,0.9468346834182739,0.23468317091464996,0.22006335854530334,0,-0.1381595879793167,-0.32113000750541687,0.9369033575057983,0,0.2905445396900177,-0.9174969792366028,-0.27163347601890564,0,0,0.7266560196876526,0,1,0.996028482913971,-0.08902665227651596,0.0012102898908779025,0,0.08886025846004486,0.9948341846466064,0.04908448085188866,0,-0.005573861766606569,-0.048781972378492355,0.9987936615943909,0,0,0.08409100025892258,0,1
K0.135,-0.14249064028263092,0.00876995176076889,0.046038150787353516,0,-0.0008310587145388126,0.14685432612895966,-0.03054691106081009,0,-0.04685863479971886,-0.02927272766828537,-0.13945382833480835,0,-0.0014614616520702839,0.2659662365913391,0.00464171776548028,1,0.9993476271629333,-0.03260040283203125,0.015523682348430157,0,0.03206082805991173,0.9989138841629028,0.0338248647749424,0,-0.016609525308012962,-0.0333050936460495,0.9993073344230652,0,0,0.25036901235580444,0.0018439999548718333,1,0.9997743368148804,-0.021005261689424515,-0.0032102693803608418,0,0.021235311403870583,0.9931105971336365,0.1152457743883133,0,0.0007673845393583179,-0.1152879074215889,0.9933323264122009,0,0,0.2921049892902374,0,1,0.999765157699585,-0.021455708891153336,-0.003026702208444476,0,0.021661652252078056,0.9930856823921204,0.11537604033946991,0,0.0005302999052219093,-0.115414559841156,0.9933176040649414,0,0,0.33383500576019287,0,1,0.9961303472518921,0.07327169924974442,0.0485246516764164,0,-0.06812737137079239,0.9926215410232544,-0.10030639171600342,0,-0.05551625043153763,0.09661240875720978,0.993772566318512,0,0,0.37556400895118713,0,1,0.9755682349205017,0.09713416546583176,0.19705505669116974,0,-0.01937401480972767,0.931492805480957,-0.36324411630630493,0,-0.21883873641490936,0.3505516052246094,0.9106165170669556,0,0,0.331481009721756,0.043396998196840286,1,0.1398690640926361,0.04272540658712387,-0.9892476201057434,0,0.9790636897087097,-0.1551838219165802,0.13172684609889984,0,-0.14788717031478882,-0.986961305141449,-0.06353636831045151,0,0.232587993144989,0.32559698820114136,0.00003600000127335079,1,0.9034238457679749,0.28824707865715027,0.31739306449890137,0,-0.41490012407302856,0.401129812002182,0.8166725039482117,0,0.10808756202459335,-0.8694874048233032,0.4819837212562561,0,0,0.4881260097026825,0,1,0.283529132604599,0.9589083790779114,0.010327518917620182,0,-0.9589530825614929,0.2834583818912506,0.00779564818367362,0,0.004547886084765196,-0.012113887816667557,0.9999158382415771,0,0,0.7001680135726929,0,1,-0.6422414183616638,-0.11442811042070389,0.7579128742218018,0,-0.071539506316185,0.9934262037277222,0.08936416357755661,0,-0.763156533241272,0.0031726518645882607,-0.646205723285675,0,0,0.6535320281982422,0,1,-0.9722881317138672,-0.1822735220193863,0.14639894664287567,0,-0.12455039471387863,0.9337940812110901,0.33543306589126587,0,-0.19784708321094513,0.3079036474227905,-0.9306194186210632,0,0,0.060575999319553375,0,1,0.9987581968307495,0.04887450486421585,-0.009664032608270645,0,-0.03740008547902107,0.8636701107025146,0.5026684999465942,0,0.032914213836193085,-0.5016828775405884,0.8644255995750427,0,0,0.03868899866938591,0,1,0.9915816187858582,-0.1026899591088295,-0.07886985689401627,0,0.11788516491651535,0.9679321646690369,0.2218317836523056,0,0.05356081575155258,-0.2292620837688446,0.9718900918960571,0,-0.005224000196903944,0.03941100090742111,0.009723999537527561,1,-0.0789346992969513,-0.009308728389441967,0.9968364834785461,0,-0.9811167120933533,-0.17639388144016266,-0.07933717966079712,0,0.17657440900802612,-0.984275221824646,0.004790711682289839,0,-0.232587993144989,0.3256010115146637,0.000699999975040555,1,0.8803613781929016,-0.4738011062145233,-0.02180955931544304,0,0.3252564072608948,0.5696079134941101,0.7548210024833679,0,-0.34521234035491943,-0.6716092824935913,0.65556800365448,0,0,0.4881260097026825,0,1,0.10115984082221985,-0.9948702454566956,0.00005905020589125343,0,0.9948691725730896,0.10115963220596313,-0.0016385923372581601,0,0.0016242131823673844,0.00022450686083175242,0.9999989867210388,0,0,0.7001389861106873,0,1,0.9513593316078186,-0.19940698146820068,-0.23484399914741516,0,0.11565738916397095,0.9376881718635559,-0.3276636302471161,0,0.28554901480674744,0.2845645546913147,0.9151418805122375,0,0,0.653423011302948,0,1,0.9845128655433655,0.052040159702301025,-0.16741031408309937,0,-0.00531583558768034,0.963348925113678,0.26819926500320435,0,0.1752316653728485,-0.2631557285785675,0.9487060308456421,0,0,0.08986800163984299,0,1,0.9873729944229126,0.15820804238319397,-0.008000041358172894,0,-0.14627695083618164,0.9299669861793518,0.33729100227355957,0,0.060801953077316284,-0.3318619728088379,0.941366970539093,0,0,0.025970999151468277,0,1,0.7538830637931824,0.6524139642715454,0.0775621086359024,0,-0.6535210609436035,0.7324900031089783,0.19070802628993988,0,0.0676071047782898,-0.19446000456809998,0.9785779714584351,0,-0.00395999988541007,0.03376400098204613,-0.00380200007930398,1,-0.9198297262191772,-0.15727974474430084,0.35941025614738464,0,0.3108886182308197,-0.8510069847106934,0.42324453592300415,0,0.23929275572299957,0.501049280166626,0.8316776752471924,0,0.4328779876232147,-0.13918200135231018,0.009201000444591045,1,0.994737446308136,0.07181919366121292,0.07306791096925735,0,0.00012520501331891865,0.7123215198516846,-0.701852560043335,0,-0.10245436429977417,0.6981683969497681,0.7085641026496887,0,0,0.9276059865951538,0,1,0.9285225868225098,-0.1945524662733078,-0.31621983647346497,0,0.2193249762058258,-0.39979326725006104,0.8899787664413452,0,-0.29957008361816406,-0.8957201242446899,-0.32854679226875305,0,0,0.7254940271377563,0,1,0.9829784631729126,0.1803133487701416,-0.03522628918290138,0,-0.1783151775598526,0.9825221300125122,0.05342255160212517,0,0.04424338787794113,-0.04623181372880936,0.9979502558708191,0,0,0.05606900155544281,0,1,-0.8672348260879517,0.25807714462280273,-0.4257940351963043,0,-0.47003939747810364,-0.7064164280891418,0.5291868448257446,0,-0.1642168015241623,0.6590690016746521,0.7339349985122681,0,-0.4328779876232147,-0.13918200135231018,0.011939999647438526,1,0.996260941028595,-0.06577451527118683,-0.05601389706134796,0,0.0024310352746397257,0.6694441437721252,-0.7428587675094604,0,0.08635938912630081,0.7399452924728394,0.6671011447906494,0,0,0.9277700185775757,0,1,0.9487938284873962,0.2313450127840042,0.21510477364063263,0,-0.14009815454483032,-0.3021470606327057,0.9429100751876831,0,0.2831307053565979,-0.9247626662254333,-0.25426411628723145,0,0,0.7266560196876526,0,1,0.9960132837295532,-0.08919721096754074,0.0014413277385756373,0,0.08900762349367142,0.9947212934494019,0.051056522876024246,0,-0.005987819749861956,-0.05072469264268875,0.9986949563026428,0,0,0.08409100025892258,0,1
