0.767,30,23,25
B0,mixamorig_Hips,-1,-0.9979479908943176,-0.05474010109901428,-0.03320235386490822,0,-0.05310691148042679,0.9974239468574524,-0.048224106431007385,0,0.03575664386153221,-0.04636191204190254,-0.9982850551605225,0,-0.0017419999931007624,0.24608899652957916,-0.003809999907389283,1
B1,mixamorig_Spine,0,0.9911990761756897,-0.11322372406721115,0.0685899630188942,0,0.13030821084976196,0.7432238459587097,-0.6562300324440002,0,0.02332312986254692,0.6593928337097168,0.751437246799469,0,0,0.03688599914312363,-0.00039000000106170774,1
B2,mixamorig_Spine1,1,0.999098002910614,-0.034852951765060425,0.02425706759095192,0,0.037663042545318604,0.9911699891090393,-0.12713301181793213,0,-0.01961192488670349,0.12793198227882385,0.9915890097618103,0,0,0.043035998940467834,0,1
B3,mixamorig_Spine2,2,0.9992499947547913,-0.031895775347948074,0.021977705880999565,0,0.03445424884557724,0.9911689162254333,-0.12805292010307312,0,-0.017699260264635086,0.12871402502059937,0.9915239214897156,0,0,0.04918399825692177,0,1
B4,mixamorig_Neck,3,0.9981349110603333,0.041000984609127045,-0.045235976576805115,0,-0.035697996616363525,0.9930239319801331,0.11237823963165283,0,0.049528006464242935,-0.11055375635623932,0.9926350712776184,0,0,0.055332001298666,0,1
B5,mixamorig_Head,4,0.9503749012947083,0.24854300916194916,-0.18711848556995392,0,-0.08793627470731735,0.7915439605712891,0.6047520637512207,0,0.29841965436935425,-0.5582870841026306,0.7741200923919678,0,0,0.03725099936127663,-0.006796000059694052,1
B6,mixamorig_HeadTop_End,5,1,0,0,0,0,1,0,0,0,0,1,0,0,0.23069800436496735,-0.04208900034427643,1
B7,mixamorig_LeftShoulder,3,0.0003519936290103942,0.02884741872549057,0.9995839595794678,0,-0.9894009232521057,-0.14514076709747314,0.0045370603911578655,0,0.14521116018295288,-0.9889899492263794,0.028490576893091202,0,-0.034717999398708344,0.048197999596595764,-0.00013800000306218863,1
B8,mixamorig_LeftArm,7,-0.8632017970085144,-0.43646126985549927,-0.25373998284339905,0,-0.5048118233680725,0.7530391812324524,0.42201489210128784,0,0.006883010733872652,0.49237513542175293,-0.8703558444976807,0,0,0.07304099947214127,0,1
B9,mixamorig_LeftForeArm,8,0.8723199963569641,-0.4889298677444458,-0.002315876306965947,0,0.48893508315086365,0.8723070025444031,0.004712714347988367,0,-0.0002840318193193525,-0.005243308842182159,0.9999859929084778,0,0,0.10576599836349487,0,1
B10,mixamorig_LeftHand,9,1,0,0,0,0,1,0,0,0,0,1,0,0,0.09361699968576431,0,1
B11,mixamorig_RightShoulder,3,0.014509879052639008,-0.015349202789366245,-0.9997770190238953,0,0.9930840134620667,-0.1162821501493454,0.01619797945022583,0,-0.11650490015745163,-0.9930980801582336,0.013555815443396568,0,0.034717999398708344,0.04819599911570549,-0.000012999999853491317,1
B12,mixamorig_RightArm,11,-0.42566409707069397,0.36712610721588135,0.827059805393219,0,0.8262069225311279,0.5304458737373352,0.18976396322250366,0,-0.3690430223941803,0.7640979886054993,-0.5291137099266052,0,0,0.07304099947214127,0,1
B13,mixamorig_RightForeArm,12,0.8581249713897705,0.5134400725364685,-0.0003770360490307212,0,-0.513439953327179,0.8581250309944153,0.0003748874878510833,0,0.000516026746481657,-0.0001281150325667113,1,0,0,0.10576099902391434,0,1
B14,mixamorig_RightHand,13,1,0,0,0,0,1,0,0,0,0,1,0,0,0.09362000226974487,0,1
B15,mixamorig_LeftUpLeg,0,-0.9868549108505249,0.08323009312152863,0.1385301649570465,0,-0.1474948525428772,-0.8141980171203613,-0.5615401268005371,0,0.06605392694473267,-0.5745909214019775,0.8157710433006287,0,-0.06624100357294083,-0.0212009996175766,-0.002002999885007739,1
B16,mixamorig_LeftLeg,15,0.9954959750175476,-0.09390995651483536,-0.01298331469297409,0,0.0030837045051157475,-0.10480187833309174,0.9944880604743958,0,-0.09475301951169968,-0.9900490045547485,-0.10404027253389359,0,0,0.13943900167942047,0,1
B17,mixamorig_LeftFoot,16,-0.9751719832420349,0.1809273213148117,0.12769277393817902,0,-0.19031506776809692,-0.3898859918117523,-0.9009820222854614,0,-0.11322662234306335,-0.9029140472412109,0.4146389365196228,0,0,0.1111380010843277,0,1
B18,mixamorig_LeftToeBase,17,0.9950329661369324,-0.09469091147184372,-0.030711790546774864,0,0.09757610410451889,0.9888420701026917,0.11256569623947144,0,0.01971016265451908,-0.1150033175945282,0.9931700229644775,0,0,0.007980000227689743,0,1
B19,mixamorig_LeftToe_End,18,1,0,0,0,0,1,0,0,0,0,1,0,0,0.007400999777019024,0,1
B20,mixamorig_RightUpLeg,0,-0.9457849264144897,-0.2050047069787979,-0.2519201338291168,0,0.3062651455402374,-0.8211357593536377,-0.4815980792045593,0,-0.10813082009553909,-0.5326428413391113,0.8394041657447815,0,0.06624100357294083,-0.0212009996175766,-0.001699000014923513,1
B21,mixamorig_RightLeg,20,0.9934930205345154,-0.09721313416957855,0.05933387950062752,0,-0.03689016029238701,0.21820694208145142,0.9752050638198853,0,-0.10774990171194077,-0.9710490703582764,0.21320106089115143,0,0,0.13945400714874268,0,1
B22,mixamorig_RightFoot,21,-0.9950490593910217,-0.025777766481041908,-0.09598442167043686,0,0.09012684971094131,-0.6410948634147644,-0.7621511816978455,0,-0.04188857600092888,-0.76702880859375,0.6402442455291748,0,0,0.11119399964809418,0,1
B23,mixamorig_RightToeBase,22,0.9989539980888367,0.042283087968826294,0.017421197146177292,0,-0.04376589134335518,0.9944139719009399,0.09604497253894806,0,-0.013262812048196793,-0.09670702368021011,0.9952250123023987,0,0,0.010448000393807888,0,1
B24,mixamorig_RightToe_End,23,1,0,0,0,0,1,0,0,0,0,1,0,0,0.01117900013923645,0,1
@20,0,1,2,3,4,5,7,8,9,11,12,13,15,16,17,18,20,21,22,23
K0,0.9979102611541748,-0.054740093648433685,0.034314315766096115,0,0.05305313318967819,0.9974239468574524,0.04828323796391487,0,-0.03686898201704025,-0.04636190086603165,0.9982445240020752,0,0.0017377533949911594,0.24608899652957916,0.0038119382224977016,1,0.9911990761756897,-0.11322372406721115,0.06859005987644196,0,0.13030827045440674,0.7432238459587097,-0.656230092048645,0,0.02332306280732155,0.6593928933143616,0.7514371871948242,0,0,0.03688599914312363,-0.00039000000106170774,1,0.999098002910614,-0.03485295549035072,0.024257071316242218,0,0.0376630462706089,0.9911699891090393,-0.12713301181793213,0,-0.01961192861199379,0.12793198227882385,0.9915890097618103,0,0,0.043035998940467834,0,1,0.9992499947547913,-0.03189575672149658,0.021977722644805908,0,0.034454233944416046,0.9911689162254333,-0.12805293500423431,0,-0.01769927889108658,0.12871403992176056,0.9915239214897156,0,0,0.04918399825692177,0,1,0.9981349110603333,0.04100099578499794,-0.04523598402738571,0,-0.03569800779223442,0.9930239319801331,0.11237823963165283,0,0.04952801391482353,-0.11055375635623932,0.9926350712776184,0,0,0.055332001298666,0,1,0.9503749012947083,0.24854283034801483,-0.18711848556995392,0,-0.0879361480474472,0.7915440201759338,0.6047519445419312,0,0.2984195649623871,-0.5582870841026306,0.7741201519966125,0,0,0.03725099936127663,-0.006796000059694052,1,0.0003514229611027986,0.02884743921458721,0.9995840191841125,0,-0.9894009232521057,-0.14514116942882538,0.004536535125225782,0,0.14521151781082153,-0.9889898896217346,0.028490649536252022,0,-0.034717999398708344,0.048197999596595764,-0.00013800000306218863,1,-0.8632017970085144,-0.4364612102508545,-0.25373995304107666,0,-0.5048117637634277,0.7530392408370972,0.42201486229896545,0,0.00688304053619504,0.49237507581710815,-0.8703557848930359,0,0,0.07304099947214127,0,1,0.8723199963569641,-0.4889298677444458,-0.00231595104560256,0,0.48893508315086365,0.8723070025444031,0.004712682217359543,0,-0.00028395093977451324,-0.005243317689746618,0.9999859929084778,0,0,0.10576599836349487,0,1,0.014509588479995728,-0.01534927636384964,-0.99977707862854,0,0.9930840730667114,-0.11628202348947525,0.01619771495461464,0,-0.11650475114583969,-0.9930981397628784,0.013555902056396008,0,0.034717999398708344,0.04819599911570549,-0.000012999999853491317,1,-0.4256642460823059,0.36712607741355896,0.827059805393219,0,0.8262068629264832,0.5304460525512695,0.18976397812366486,0,-0.36904317140579224,0.7640979886054993,-0.5291138291358948,0,0,0.07304099947214127,0,1,0.8581249713897705,0.5134400725364685,-0.0003770049661397934,0,-0.513439953327179,0.8581250309944153,0.0003748775343410671,0,0.0005159950233064592,-0.00012812245404347777,1,0,0,0.10576099902391434,0,1,-0.9868548512458801,0.0832301452755928,0.13853012025356293,0,-0.1474948674440384,-0.8141980171203613,-0.5615400671958923,0,0.06605387479066849,-0.5745908617973328,0.8157711029052734,0,-0.06624100357294083,-0.0212009996175766,-0.002002999885007739,1,0.9954959154129028,-0.09391028434038162,-0.012983351945877075,0,0.003083714284002781,-0.1048017218708992,0.994488000869751,0,-0.09475334733724594,-0.9900489449501038,-0.10404010862112045,0,0,0.13943900167942047,0,1,-0.9751719832420349,0.18092717230319977,0.1276925653219223,0,-0.19031481444835663,-0.38988596200942993,-0.9009820222854614,0,-0.11322657018899918,-0.9029140472412109,0.4146389365196228,0,0,0.1111380010843277,0,1,0.9950329661369324,-0.09469090402126312,-0.030711812898516655,0,0.09757610410451889,0.9888420701026917,0.11256568878889084,0,0.019710185006260872,-0.1150033101439476,0.9931700229644775,0,0,0.007980000227689743,0,1,-0.9457849860191345,-0.20500478148460388,-0.2519201934337616,0,0.3062652349472046,-0.8211357593536377,-0.4815981090068817,0,-0.10813082009553909,-0.5326429009437561,0.8394041061401367,0,0.06624100357294083,-0.0212009996175766,-0.001699000014923513,1,0.9934930205345154,-0.09721323847770691,0.059333980083465576,0,-0.03689023479819298,0.21820694208145142,0.9752050638198853,0,-0.10775002092123032,-0.9710490703582764,0.21320103108882904,0,0,0.13945400714874268,0,1,-0.9950490593910217,-0.02577795647084713,-0.09598451107740402,0,0.09012703597545624,-0.6410948634147644,-0.7621511220932007,0,-0.041888490319252014,-0.7670287489891052,0.6402443051338196,0,0,0.11119399964809418,0,1,0.9989539980888367,0.04228309914469719,0.017421193420886993,0,-0.043765902519226074,0.9944139719009399,0.09604497998952866,0,-0.01326280739158392,-0.09670703113079071,0.9952250123023987,0,0,0.010448000393807888,0,1
K0.033,0.9947076439857483,-0.071841299533844,0.07345515489578247,0,0.06979554146528244,0.997109055519104,0.030051564797759056,0,-0.07540169358253479,-0.024765662848949432,0.9968454837799072,0,0.0019304065499454737,0.24711300432682037,0.005016154609620571,1,0.9939129948616028,-0.10987573862075806,0.008062722161412239,0,0.08900967240333557,0.7577242255210876,-0.6464767456054688,0,0.06492272764444351,0.6432586312294006,0.7628911733627319,0,0,0.03688599914312363,-0.00039000000106170774,1,0.9996439814567566,-0.0252885390073061,0.008487658575177193,0,0.0261071864515543,0.9928169846534729,-0.11675785481929779,0,-0.0054740579798817635,0.11693791300058365,0.9931240081787109,0,0,0.043035998940467834,0,1,0.9997239708900452,-0.02255181036889553,0.00655268132686615,0,0.023165926337242126,0.992798924446106,-0.11752716451883316,0,-0.003855047281831503,0.11764660477638245,0.9930480718612671,0,0,0.04918399825692177,0,1,0.9979169368743896,0.05281723663210869,-0.03704158216714859,0,-0.04925099387764931,0.9945999979972839,0.09134657680988312,0,0.04166625067591667,-0.08933200687170029,0.9951300024986267,0,0,0.055332001298666,0,1,0.9602891802787781,0.23780059814453125,-0.14592847228050232,0,-0.10350213944911957,0.7893351316452026,0.6051759123802185,0,0.25909772515296936,-0.5660400986671448,0.7826030254364014,0,0,0.03725099936127663,-0.006796000059694052,1,-0.028914649039506912,0.032991036772727966,0.9990370273590088,0,-0.9917300939559937,-0.1259736865758896,-0.024543141946196556,0,0.12504270672798157,-0.9914851188659668,0.03636068105697632,0,-0.034717999398708344,0.048197999596595764,-0.00013800000306218863,1,-0.9281145930290222,-0.33149203658103943,-0.1694609522819519,0,-0.3705337941646576,0.7782540917396545,0.5069766640663147,0,-0.036175038665533066,0.533323347568512,-0.8451378345489502,0,0,0.07304099947214127,0,1,0.8327695727348328,-0.5536136031150818,-0.002697110641747713,0,0.5536195635795593,0.8327525854110718,0.005336099304258823,0,-0.0007081110379658639,-0.005936912260949612,0.9999819993972778,0,0,0.10576599836349487,0,1,0.013917074538767338,-0.014505413360893726,-0.9997979402542114,0,0.9961470365524292,-0.0863875076174736,0.015119618736207485,0,-0.08658933639526367,-0.9961560368537903,0.0132472338154912,0,0.034717999398708344,0.04819599911570549,-0.000012999999853491317,1,-0.3996526002883911,0.4242754578590393,0.8125689029693604,0,0.8330507874488831,0.5379883646965027,0.1288207471370697,0,-0.38249701261520386,0.728394627571106,-0.5684512853622437,0,0,0.07304099947214127,0,1,0.8505878448486328,0.525833249092102,-0.0003713328915182501,0,-0.5258331298828125,0.8505879044532776,0.0003838020493276417,0,0.0005176669801585376,-0.00013119817594997585,1,0,0,0.10576099902391434,0,1,-0.989224910736084,0.05428615212440491,0.13596388697624207,0,-0.13339583575725555,-0.7168853282928467,-0.6843106150627136,0,0.060321953147649765,-0.6950743794441223,0.7164027094841003,0,-0.06624100357294083,-0.0212009996175766,-0.002002999885007739,1,0.9922620058059692,-0.12255201488733292,0.019938863813877106,0,-0.012127967551350594,0.06415393203496933,0.9978657960891724,0,-0.12356969714164734,-0.9903867244720459,0.06217123568058014,0,0,0.13943900167942047,0,1,-0.981471061706543,0.13498243689537048,0.1359940469264984,0,-0.17758263647556305,-0.3742232620716095,-0.9101769328117371,0,-0.07196575403213501,-0.917462170124054,0.39125964045524597,0,0,0.1111380010843277,0,1,0.9945330023765564,-0.10440044105052948,-0.0023679533042013645,0,0.10442358255386353,0.9944330453872681,0.014125924557447433,0,0.0008800171781331301,-0.014295948669314384,0.9998970031738281,0,0,0.007980000227689743,0,1,-0.9314486980438232,-0.2598137855529785,-0.2547551989555359,0,0.34048712253570557,-0.8692754507064819,-0.3583696782588959,0,-0.12834301590919495,-0.42054376006126404,0.8981485962867737,0,0.06624100357294083,-0.0212009996175766,-0.001699000014923513,1,0.9872819185256958,-0.13133977353572845,0.08957749605178833,0,-0.05946698039770126,0.21745744347572327,0.9742568731307983,0,-0.1474379450082779,-0.9671929478645325,0.20688140392303467,0,0,0.13945400714874268,0,1,-0.995323896408081,-0.02042822539806366,-0.09441015124320984,0,0.08251480013132095,-0.6879386305809021,-0.7210622429847717,0,-0.05021839961409569,-0.7254810929298401,0.6864078640937805,0,0,0.11119399964809418,0,1,0.99891597032547,0.03399870544672012,0.03178049996495247,0,-0.03908710181713104,0.9835457801818848,0.17638012766838074,0,-0.025260886177420616,-0.17743119597434998,0.9838087558746338,0,0,0.010448000393807888,0,1
K0.067,0.990621030330658,-0.08451803773641586,0.10736028105020523,0,0.08458839356899261,0.9964080452919006,0.003906442783772945,0,-0.10730481892824173,0.0052116308361291885,0.9942120909690857,0,0.0014173046220093966,0.2472810000181198,0.005116580985486507,1,0.9936989545822144,-0.09766434133052826,-0.054986752569675446,0,0.0427822507917881,0.7839779853820801,-0.6193130612373352,0,0.10359323769807816,0.6130585670471191,0.7832167148590088,0,0,0.03688599914312363,-0.00039000000106170774,1,0.9998999238014221,-0.012546339072287083,-0.006536965724080801,0,0.011784926988184452,0.9943219423294067,-0.10576044023036957,0,0.007826752960681915,0.10567278414964676,0.9943700432777405,0,0,0.043035998940467834,0,1,0.9999189972877502,-0.010056463070213795,-0.00779912993311882,0,0.009169798344373703,0.9942799210548401,-0.10640715062618256,0,0.008824600838124752,0.10632705688476562,0.9942919611930847,0,0,0.04918399825692177,0,1,0.9975299835205078,0.06398680061101913,-0.028981158509850502,0,-0.061817970126867294,0.995602011680603,0.07039443403482437,0,0.033358003944158554,-0.06842897832393646,0.9970980286598206,0,0,0.055332001298666,0,1,0.9714099764823914,0.21059732139110565,-0.10960022360086441,0,-0.10385996103286743,0.7921000123023987,0.6014910340309143,0,0.21348661184310913,-0.5729109048843384,0.7913259863853455,0,0,0.03725099936127663,-0.006796000059694052,1,-0.049119479954242706,0.03817451745271683,0.9980630278587341,0,-0.9937459230422974,-0.10219340026378632,-0.04499828815460205,0,0.10027775913476944,-0.9940320253372192,0.04295551776885986,0,-0.034717999398708344,0.048197999596595764,-0.00013800000306218863,1,-0.967369794845581,-0.23715190589427948,-0.08918772637844086,0,-0.2452152967453003,0.78774094581604,0.5650954842567444,0,-0.06375665217638016,0.5685266256332397,-0.8201903700828552,0,0,0.07304099947214127,0,1,0.7951102256774902,-0.6064566373825073,-0.003060185117647052,0,0.6064633131027222,0.7950894832611084,0.005845934618264437,0,-0.0011121849529445171,-0.006504055578261614,0.9999780058860779,0,0,0.10576599836349487,0,1,0.015445572324097157,-0.013687102124094963,-0.999786913394928,0,0.9984579682350159,-0.053109440952539444,0.016152068972587585,0,-0.05331924930214882,-0.9984948635101318,0.012845735065639019,0,0.034717999398708344,0.04819599911570549,-0.000012999999853491317,1,-0.39840319752693176,0.4577484726905823,0.7948213219642639,0,0.8292551636695862,0.5500527024269104,0.09888013452291489,0,-0.39193180203437805,0.6985045075416565,-0.5987337231636047,0,0,0.07304099947214127,0,1,0.8383350372314453,0.545154869556427,-0.00036232167622074485,0,-0.5451546907424927,0.8383350968360901,0.00039792590541765094,0,0.0005206784699112177,-0.00013607392611447722,1,0,0,0.10576099902391434,0,1,-0.9897099733352661,0.049988675862550735,0.13406901061534882,0,-0.13601034879684448,-0.619659960269928,-0.7729961276054382,0,0.04443616792559624,-0.7832772135734558,0.6200830340385437,0,-0.06624100357294083,-0.0212009996175766,-0.002002999885007739,1,0.9892980456352234,-0.1340518444776535,0.057607002556324005,0,-0.020036865025758743,0.2662627398967743,0.9636926054954529,0,-0.14452338218688965,-0.9545335173606873,0.26072728633880615,0,0,0.13943900167942047,0,1,-0.9895570874214172,0.07852862775325775,0.12087684869766235,0,-0.14138531684875488,-0.36545124650001526,-0.9200308918952942,0,-0.02807413414120674,-0.927511990070343,0.3727370500564575,0,0,0.1111380010843277,0,1,0.994481086730957,-0.10491593927145004,-0.0005518274265341461,0,0.10491704940795898,0.9944499731063843,0.007916458882391453,0,-0.0002817979548126459,-0.007930664345622063,0.9999690055847168,0,0,0.007980000227689743,0,1,-0.9142200946807861,-0.31718766689300537,-0.2521767318248749,0,0.3739074766635895,-0.9001896977424622,-0.2232745885848999,0,-0.1561870127916336,-0.298412948846817,0.9415706396102905,0,0.06624100357294083,-0.0212009996175766,-0.001699000014923513,1,0.9834809899330139,-0.13430215418338776,0.12135875225067139,0,-0.08199896663427353,0.2671535611152649,0.960159182548523,0,-0.16137279570102692,-0.9542491436004639,0.2517276704311371,0,0,0.13945400714874268,0,1,-0.9923391342163086,-0.008862415328621864,-0.12322743982076645,0,0.09765354543924332,-0.66724693775177,-0.7384071350097656,0,-0.07567904144525528,-0.7447835803031921,0.6630004644393921,0,0,0.11119399964809418,0,1,0.9984819293022156,0.019923387095332146,0.05134899169206619,0,-0.03404879942536354,0.9560803771018982,0.2911206781864166,0,-0.04329364746809006,-0.29242709279060364,0.9553073048591614,0,0,0.010448000393807888,0,1
K0.100,0.987477719783783,-0.086949922144413,0.13163332641124725,0,0.09179283678531647,0.9952899813652039,-0.031170012429356575,0,-0.1283031553030014,0.04286272078752518,0.9908084869384766,0,0.00022361407172866166,0.24671199917793274,0.003936251625418663,1,0.9903510212898254,-0.07637409120798111,-0.11563865840435028,0,-0.0038610973861068487,0.8189051151275635,-0.5739168524742126,0,0.13852933049201965,0.5688251256942749,0.8107078671455383,0,0,0.03688599914312363,-0.00039000000106170774,1,0.9997860193252563,0.002175037981942296,-0.0205839853733778,0,-0.004116961732506752,0.9954900145530701,-0.09477526694536209,0,0.02028501220047474,0.09483972936868668,0.9952859878540039,0,0,0.043035998940467834,0,1,0.9997720122337341,0.004334072582423687,-0.020909052342176437,0,-0.006309926975518465,0.9954209923744202,-0.09537787735462189,0,0.020399946719408035,0.09548812359571457,0.9952219724655151,0,0,0.04918399825692177,0,1,0.9969619512557983,0.07490812987089157,-0.02135683037340641,0,-0.07366085797548294,0.9958100318908691,0.054183878004550934,0,0.025326170027256012,-0.05244613066315651,0.9983030557632446,0,0,0.055332001298666,0,1,0.9834281206130981,0.16301068663597107,-0.07935483753681183,0,-0.0854923278093338,0.8029359579086304,0.5899020433425903,0,0.15987718105316162,-0.5733420252799988,0.8035659193992615,0,0,0.03725099936127663,-0.006796000059694052,1,-0.0616537481546402,0.044156454503536224,0.9971200823783875,0,-0.9954090714454651,-0.07599645107984543,-0.05818251147866249,0,0.07320847362279892,-0.9961300492286682,0.0486392118036747,0,-0.034717999398708344,0.048197999596595764,-0.00013800000306218863,1,-0.9865210652351379,-0.1618131548166275,-0.02436399832367897,0,-0.14381186664104462,0.7863002419471741,0.6008748412132263,0,-0.07807199656963348,0.5962792038917542,-0.7989720106124878,0,0,0.07304099947214127,0,1,0.7735999822616577,-0.6336659789085388,-0.0032670139335095882,0,0.6336730122566223,0.773577094078064,0.006107793655246496,0,-0.0013430138351395726,-0.006795205641537905,0.9999759793281555,0,0,0.10576599836349487,0,1,0.02230285480618477,-0.012108389288187027,-0.9996780753135681,0,0.9994861483573914,-0.022779658436775208,0.022574525326490402,0,-0.023045606911182404,-0.9996669888496399,0.011594065465033054,0,0.034717999398708344,0.04819599911570549,-0.000012999999853491317,1,-0.4385530948638916,0.4532688558101654,0.7760269641876221,0,0.8110971450805664,0.5714937448501587,0.12456905096769333,0,-0.3870309591293335,0.6840629577636719,-0.618274986743927,0,0,0.07304099947214127,0,1,0.8197189569473267,0.5727660655975342,-0.0003487111534923315,0,-0.5727659463882446,0.8197190165519714,0.0004180480318609625,0,0.0005252888076938689,-0.00014295200526248664,1,0,0,0.10576099902391434,0,1,-0.9868690967559814,0.0641937330365181,0.14821791648864746,0,-0.15932925045490265,-0.5375799536705017,-0.8280230164527893,0,0.026525095105171204,-0.8407659530639648,0.5407490134239197,0,-0.06624100357294083,-0.0212009996175766,-0.002002999885007739,1,0.9891000390052795,-0.11390573531389236,0.09330476820468903,0,-0.02453872747719288,0.4973018765449524,0.867231011390686,0,-0.14518322050571442,-0.8600678443908691,0.48908621072769165,0,0,0.13943900167942047,0,1,-0.9963929653167725,0.04047898203134537,0.0745871290564537,0,-0.08394402265548706,-0.34110569953918457,-0.9362691044807434,0,-0.012457124888896942,-0.9391529560089111,0.34327319264411926,0,0,0.1111380010843277,0,1,0.9944210052490234,-0.10547319799661636,0.0014669722877442837,0,0.10547178983688354,0.9944220185279846,0.0010262250434607267,0,-0.0015670277643948793,-0.0008657749858684838,0.9999979734420776,0,0,0.007980000227689743,0,1,-0.8998900055885315,-0.36449354887008667,-0.23946134746074677,0,0.39216041564941406,-0.9165287613868713,-0.07864493131637573,0,-0.19080764055252075,-0.16467905044555664,0.9677150845527649,0,0.06624100357294083,-0.0212009996175766,-0.001699000014923513,1,0.9795539379119873,-0.12205209583044052,0.15992997586727142,0,-0.10418010503053665,0.37232592701911926,0.9222359657287598,0,-0.1721070110797882,-0.9200419783592224,0.35199809074401855,0,0,0.13945400714874268,0,1,-0.9893579483032227,0.010128853842616081,-0.14514772593975067,0,0.11025884747505188,-0.5987260937690735,-0.7933288216590881,0,-0.09493926912546158,-0.8008901476860046,0.5912378430366516,0,0,0.11119399964809418,0,1,0.9974269866943359,0.0009111411054618657,0.0716887041926384,0,-0.030919861048460007,0.9076159596443176,0.41866201162338257,0,-0.06468429416418076,-0.4198010265827179,0.9053080081939697,0,0,0.010448000393807888,0,1
K0.133,0.9862297773361206,-0.07934398949146271,0.14510497450828552,0,0.09114624559879303,0.9928889870643616,-0.07657484710216522,0,-0.13799737393856049,0.08874620497226715,0.9864487051963806,0,-0.0020652604289352894,0.2445339858531952,0.0002046571607934311,1,0.9839687943458557,-0.04472779482603073,-0.17264080047607422,0,-0.0503387413918972,0.8590202331542969,-0.5094614028930664,0,0.17108897864818573,0.50998455286026,0.8429973721504211,0,0,0.03688599914312363,-0.00039000000106170774,1,0.9992979764938354,0.016312137246131897,-0.03372514247894287,0,-0.019144099205732346,0.9961600303649902,-0.08543062955141068,0,0.03220208361744881,0.08601629734039307,0.9957730174064636,0,0,0.043035998940467834,0,1,0.9992859959602356,0.01811731979250908,-0.03315288946032524,0,-0.020915908738970757,0.9960659742355347,-0.08611397445201874,0,0.03146232292056084,0.08674594014883041,0.9957340359687805,0,0,0.04918399825692177,0,1,0.9961569905281067,0.08646593242883682,-0.013968766666948795,0,-0.08575133234262466,0.9952769875526428,0.04551289603114128,0,0.017838094383478165,-0.04414011910557747,0.9988660216331482,0,0,0.055332001298666,0,1,0.9940590858459473,0.09592025727033615,-0.05142806097865105,0,-0.04964748024940491,0.8201324939727783,0.5700154304504395,0,0.09685392677783966,-0.5640761256217957,0.8200230002403259,0,0,0.03725099936127663,-0.006796000059694052,1,-0.06821179389953613,0.05049382895231247,0.996392011642456,0,-0.996533989906311,-0.05110393464565277,-0.06563173234462738,0,0.04760558530688286,-0.9974160194396973,0.05380474030971527,0,-0.034717999398708344,0.048197999596595764,-0.00013800000306218863,1,-0.9931309819221497,-0.11568610370159149,0.017524829134345055,0,-0.08032471686601639,0.7830021977424622,0.6168107986450195,0,-0.08507838845252991,0.6111660003662109,-0.7869159579277039,0,0,0.07304099947214127,0,1,0.773861289024353,-0.6333456635475159,-0.0032639375422149897,0,0.633353054523468,0.7738388776779175,0.006105194333940744,0,-0.0013409374514594674,-0.00679180258885026,0.9999759793281555,0,0,0.10576599836349487,0,1,0.040441472083330154,-0.007672030944377184,-0.9991519451141357,0,0.9990439414978027,-0.016305532306432724,0.04056226462125778,0,-0.016602950170636177,-0.9998379349708557,0.007005318999290466,0,0.034717999398708344,0.04819599911570549,-0.000012999999853491317,1,-0.4945388436317444,0.4115402102470398,0.765548825263977,0,0.7874629497528076,0.5849568247795105,0.19423680007457733,0,-0.3678768575191498,0.6988992094993591,-0.6133567094802856,0,0,0.07304099947214127,0,1,0.8129810094833374,0.58228999376297,-0.00034396417322568595,0,-0.5822898745536804,0.8129810690879822,0.0004248730547260493,0,0.0005270357942208648,-0.00014512689085677266,0.9999999403953552,0,0,0.10576099902391434,0,1,-0.9831070303916931,0.08332520723342896,0.1629672795534134,0,-0.18294700980186462,-0.4747769832611084,-0.8608821034431458,0,0.005639920476824045,-0.8761528730392456,0.4820002019405365,0,-0.06624100357294083,-0.0212009996175766,-0.002002999885007739,1,0.9895100593566895,-0.08555538952350616,0.11640407145023346,0,-0.020806651562452316,0.7129659056663513,0.700890064239502,0,-0.14295700192451477,-0.6959594488143921,0.7037065029144287,0,0,0.13943900167942047,0,1,-0.9992800354957581,0.01704222336411476,0.03389553725719452,0,-0.03742140531539917,-0.2957267463207245,-0.9545391201972961,0,-0.006243652198463678,-0.9551202058792114,0.2961514890193939,0,0,0.1111380010843277,0,1,0.9943879842758179,-0.10576815158128738,0.002557884668931365,0,0.10577485710382462,0.9943860173225403,-0.002688806038349867,0,-0.0022591345477849245,0.0029442759696394205,0.9999930262565613,0,0,0.007980000227689743,0,1,-0.8907010555267334,-0.3981568515300751,-0.2193688303232193,0,0.39432111382484436,-0.9168128371238708,0.06296733021736145,0,-0.22619108855724335,-0.030416691675782204,0.9736080765724182,0,0.06624100357294083,-0.0212009996175766,-0.001699000014923513,1,0.973741888999939,-0.10770795494318008,0.200565367937088,0,-0.11854632198810577,0.5122371912002563,0.8506231904029846,0,-0.19435584545135498,-0.8520633578300476,0.48601824045181274,0,0,0.13945400714874268,0,1,-0.9878110289573669,0.020127737894654274,-0.15434817969799042,0,0.1276794821023941,-0.4623959958553314,-0.8774329423904419,0,-0.08903072029352188,-0.8864450454711914,0.4541899263858795,0,0,0.11119399964809418,0,1,0.9954099655151367,-0.02524249441921711,0.09231604635715485,0,-0.03104928880929947,0.8272403478622437,0.5609899759292603,0,-0.09052830189466476,-0.561281144618988,0.8226591944694519,0,0,0.010448000393807888,0,1
K0.167,0.9859516024589539,-0.06992007791996002,0.1516915261745453,0,0.08642317354679108,0.9907019734382629,-0.10507580637931824,0,-0.14293426275253296,0.1167093962430954,0.9828274250030518,0,-0.005162612069398165,0.24256601929664612,-0.003912713844329119,1,0.9745742082595825,-0.0023437119089066982,-0.22405332326889038,0,-0.10142877697944641,0.887012779712677,-0.45046764612197876,0,0.19979387521743774,0.4617394804954529,0.8642218112945557,0,0,0.03688599914312363,-0.00039000000106170774,1,0.9985769987106323,0.02771475724875927,-0.045557793229818344,0,-0.03135000914335251,0.9962109923362732,-0.08112010359764099,0,0.04313698038458824,0.08243297040462494,0.9956629276275635,0,0,0.043035998940467834,0,1,0.9985899925231934,0.029156053438782692,-0.044370051473379135,0,-0.03272571787238121,0.9960970282554626,-0.08197683840990067,0,0.04180672764778137,0.0833132341504097,0.9956459999084473,0,0,0.04918399825692177,0,1,0.9950230121612549,0.09941194206476212,-0.006785009987652302,0,-0.09899980574846268,0.9940290451049805,0.04587600380182266,0,0.011305124498903751,-0.04497598484158516,0.9989240169525146,0,0,0.055332001298666,0,1,0.9996389150619507,0.017263203859329224,-0.02057325281202793,0,-0.0031540440395474434,0.8362020254135132,0.5484120845794678,0,0.026670753955841064,-0.5481493473052979,0.8359547853469849,0,0,0.03725099936127663,-0.006796000059694052,1,-0.06807960569858551,0.05599432811141014,0.9961070418357849,0,-0.9972870349884033,-0.03183991089463234,-0.06637044250965118,0,0.027999598532915115,-0.9979230165481567,0.05801007151603699,0,-0.034717999398708344,0.048197999596595764,-0.00013800000306218863,1,-0.9934449195861816,-0.1099419817328453,0.03131777048110962,0,-0.06785018742084503,0.7875690460205078,0.6124789118766785,0,-0.0920020341873169,0.6063390970230103,-0.7898657917976379,0,0,0.07304099947214127,0,1,0.7852107882499695,-0.6192212700843811,-0.0031553292647004128,0,0.6192280650138855,0.7851890325546265,0.005968562327325344,0,-0.0012183291837573051,-0.006640441250056028,0.9999769926071167,0,0,0.10576599836349487,0,1,0.06247962638735771,-0.0030829531606286764,-0.998041033744812,0,0.9977540373802185,-0.02401524782180786,0.06253587454557419,0,-0.024160973727703094,-0.9997069835662842,0.0015755350468680263,0,0.034717999398708344,0.04819599911570549,-0.000012999999853491317,1,-0.549680769443512,0.35801467299461365,0.7547698020935059,0,0.7596942186355591,0.5900128483772278,0.27340269088745117,0,-0.3474416732788086,0.7236783504486084,-0.5963003039360046,0,0,0.07304099947214127,0,1,0.8164449334144592,0.5774240493774414,-0.00034603808308020234,0,-0.5774239301681519,0.816444993019104,0.000421598699176684,0,0.0005259618046693504,-0.00014440131781157106,1,0,0,0.10576099902391434,0,1,-0.9801339507102966,0.0884762853384018,0.17750638723373413,0,-0.19817650318145752,-0.4726041853427887,-0.8587029576301575,0,0.007915439084172249,-0.8768220543861389,0.48074978590011597,0,-0.06624100357294083,-0.0212009996175766,-0.002002999885007739,1,0.9904580116271973,-0.054814547300338745,0.12644289433956146,0,-0.018341250717639923,0.8569038510322571,0.5151498317718506,0,-0.13658706843852997,-0.5125532150268555,0.8477216958999634,0,0,0.13943900167942047,0,1,-0.9998810291290283,0.0025448529049754143,0.015191825106739998,0,-0.015334504656493664,-0.2576960325241089,-0.9661039113998413,0,0.0014562822179868817,-0.9662227630615234,0.25770464539527893,0,0,0.1111380010843277,0,1,0.9943510890007019,-0.10607995092868805,0.0037290984764695168,0,0.10610304772853851,0.9943329691886902,-0.006674979813396931,0,-0.002999882446601987,0.0070329392328858376,0.9999710321426392,0,0,0.007980000227689743,0,1,-0.8917052149772644,-0.41245195269584656,-0.18639883399009705,0,0.3786771893501282,-0.9054144024848938,0.1919085681438446,0,-0.24792133271694183,0.10054090619087219,0.9635490775108337,0,0.06624100357294083,-0.0212009996175766,-0.001699000014923513,1,0.9724140167236328,-0.07675129920244217,0.22027289867401123,0,-0.12425393611192703,0.6287552118301392,0.7676116824150085,0,-0.19741293787956238,-0.773806095123291,0.6018736958503723,0,0,0.13945400714874268,0,1,-0.9834440350532532,0.0015098538715392351,-0.18120363354682922,0,0.17465728521347046,-0.25857681035995483,-0.9500696659088135,0,-0.04828954488039017,-0.9659894108772278,0.2540322244167328,0,0,0.11119399964809418,0,1,0.9932230710983276,-0.048537738621234894,0.10560772567987442,0,-0.034229934215545654,0.7461729645729065,0.6648709774017334,0,-0.11107297241687775,-0.6639801859855652,0.7394547462463379,0,0,0.010448000393807888,0,1
K0.200,0.9856221079826355,-0.06146380677819252,0.15738648176193237,0,0.07973161339759827,0.9904459714889526,-0.11251711845397949,0,-0.14896714687347412,0.12344810366630554,0.9811065196990967,0,-0.00914914533495903,0.24118900299072266,-0.007053198292851448,1,0.9632869362831116,0.04551899433135986,-0.26458707451820374,0,-0.15442802011966705,0.9001089334487915,-0.4073760509490967,0,0.2196139693260193,0.4332799017429352,0.8740930557250977,0,0,0.03688599914312363,-0.00039000000106170774,1,0.9978799223899841,0.03507595136761665,-0.054827045649290085,0,-0.039646048098802567,0.9956239461898804,-0.08462134748697281,0,0.05161895602941513,0.08661563694477081,0.9949039816856384,0,0,0.043035998940467834,0,1,0.9979180097579956,0.03617091849446297,-0.053393010050058365,0,-0.04066507890820503,0.9954959154129028,-0.08563700318336487,0,0.050054989755153656,0.0876300036907196,0.9948949217796326,0,0,0.04918399825692177,0,1,0.9935279488563538,0.11358434706926346,0.00019092047295998782,0,-0.1134166494011879,0.9919670224189758,0.056013915687799454,0,0.006172920577228069,-0.055673081427812576,0.9984299540519714,0,0,0.055332001298666,0,1,0.9981160163879395,-0.0596504807472229,0.014385750517249107,0,0.04256651923060417,0.8419661521911621,0.5378488898277283,0,-0.04419524967670441,-0.5362231731414795,0.842918872833252,0,0,0.03725099936127663,-0.006796000059694052,1,-0.05783629044890404,0.058751557022333145,0.9965959787368774,0,-0.9981549978256226,-0.021902482956647873,-0.056635551154613495,0,0.018500464037060738,-0.9980319738388062,0.059909846633672714,0,-0.034717999398708344,0.048197999596595764,-0.00013800000306218863,1,-0.9880968332290649,-0.15359729528427124,0.008503883145749569,0,-0.11949268728494644,0.8011661171913147,0.5863907933235168,0,-0.09688112139701843,0.5783951282501221,-0.8099839091300964,0,0,0.07304099947214127,0,1,0.7966810464859009,-0.604392945766449,-0.0030450373888015747,0,0.6043991446495056,0.7966598868370056,0.005825510714203119,0,-0.0010950373252853751,-0.0064814891666173935,0.9999780058860779,0,0,0.10576599836349487,0,1,0.08554118871688843,0.000735512119717896,-0.9963340163230896,0,0.995569109916687,-0.03926932066679001,0.0854465514421463,0,-0.039062462747097015,-0.9992280006408691,-0.004091422539204359,0,0.034717999398708344,0.04819599911570549,-0.000012999999853491317,1,-0.5992729067802429,0.30203482508659363,0.7413821816444397,0,0.7265471816062927,0.5940768718719482,0.345257967710495,0,-0.33615776896476746,0.745552122592926,-0.5754562020301819,0,0,0.07304099947214127,0,1,0.8222219944000244,0.5691670775413513,-0.0003508549416437745,0,-0.5691669583320618,0.8222220540046692,0.00041580834658816457,0,0.0005251450347714126,-0.0001421916822437197,1,0,0,0.10576099902391434,0,1,-0.9808840155601501,0.09332766383886337,0.17075593769550323,0,-0.19435033202171326,-0.5139088034629822,-0.8355389833450317,0,0.009774068370461464,-0.8527529239654541,0.5222229957580566,0,-0.06624100357294083,-0.0212009996175766,-0.002002999885007739,1,0.9868969917297363,-0.06808500736951828,0.14628401398658752,0,0.004106984939426184,0.9169180393218994,0.3990538418292999,0,-0.16129998862743378,-0.3932241201400757,0.905182957649231,0,0,0.13943900167942047,0,1,-0.9992401003837585,0.007615801878273487,0.03823830187320709,0,-0.03898719698190689,-0.20535103976726532,-0.9779109954833984,0,0.0004046966496389359,-0.9786590337753296,0.20549187064170837,0,0,0.1111380010843277,0,1,0.9943100810050964,-0.10641084611415863,0.004993054084479809,0,0.10646015405654907,0.9942560195922852,-0.010970933362841606,0,-0.0037969464901834726,0.011440067552030087,0.9999269843101501,0,0,0.007980000227689743,0,1,-0.8999611139297485,-0.4128250181674957,-0.14016194641590118,0,0.36775097250938416,-0.8915091156959534,0.26451998949050903,0,-0.23415607213974,0.18651297688484192,0.9541400074958801,0,0.06624100357294083,-0.0212009996175766,-0.001699000014923513,1,0.9821979999542236,-0.043145373463630676,0.1828267127275467,0,-0.11155436933040619,0.6490961909294128,0.7524828910827637,0,-0.15113823115825653,-0.7594821453094482,0.6327277421951294,0,0,0.13945400714874268,0,1,-0.9658269882202148,-0.06065192073583603,-0.2519931197166443,0,0.2560920715332031,-0.07345683872699738,-0.9638569951057434,0,0.03994913399219513,-0.9954519271850586,0.08647903800010681,0,0,0.11119399964809418,0,1,0.9956290125846863,-0.022697830572724342,0.09060173481702805,0,-0.030859829857945442,0.83560711145401,0.5484597682952881,0,-0.08815626055002213,-0.5488581657409668,0.8312538266181946,0,0,0.010448000393807888,0,1
