2.667,30,80,33
B0,mixamorig_Hips,-1,0.9527690410614014,-0.01240521389991045,0.30344271659851074,0,-0.06233033165335655,0.9699069261550903,0.23536013066768646,0,-0.29723119735717773,-0.2431577742099762,0.9233250021934509,0,0.28085801005363464,1.6172900199890137,-0.0860700011253357,1
B1,mixamorig_Spine,0,0.9984859824180603,-0.05244996026158333,-0.016547005623579025,0,0.05480904132127762,0.9738821387290955,0.2203407734632492,0,0.004557971842586994,-0.22091422975063324,0.9752829670906067,0,0,0.25036901235580444,0.0018439999548718333,1
B2,mixamorig_Spine1,1,0.9994829893112183,-0.02745261788368225,-0.01675187237560749,0,0.029904399067163467,0.9849820137023926,0.17004695534706116,0,0.01183206308633089,-0.1704600304365158,0.9852940440177917,0,0,0.2921049892902374,0,1
B3,mixamorig_Spine2,2,0.9993759989738464,-0.02754874899983406,-0.022088678553700447,0,0.030899301171302795,0.9850539565086365,0.16945414245128632,0,0.01709028147161007,-0.1700308471918106,0.985289990901947,0,0,0.33383500576019287,0,1
B4,mixamorig_Neck,3,0.9944099187850952,-0.10318809747695923,0.022390125319361687,0,0.1039808839559555,0.9938639998435974,-0.03772588074207306,0,-0.018359864130616188,0.03984310105443001,0.9990370273590088,0,0,0.37556400895118713,0,1
B5,mixamorig_Head,4,0.9777060151100159,0.18507201969623566,0.09919321537017822,0,-0.050944071263074875,0.6673536896705627,-0.7429962158203125,0,-0.203704833984375,0.721378743648529,0.6619042158126831,0,0,0.331481009721756,0.043396998196840286,1
B6,mixamorig_HeadTop_End,5,1,0,0,0,0,1,0,0,0,0,1,0,0,1.4954619407653809,0.19578300416469574,1
B7,mixamorig_LeftShoulder,3,-0.03531266003847122,0.013315788470208645,-0.9992880821228027,0,0.9908900260925293,-0.1295640617609024,-0.036742351949214935,0,-0.1299610584974289,-0.9914820194244385,-0.008619247004389763,0,0.232587993144989,0.32559698820114136,0.00003600000127335079,1
B8,mixamorig_LeftArm,7,0.8604761958122253,0.37768182158470154,0.34195971488952637,0,-0.49097317457199097,0.7939878702163696,0.3585098385810852,0,-0.1361091434955597,-0.4763820469379425,0.8686389327049255,0,0,0.4881260097026825,0,1
B9,mixamorig_LeftForeArm,8,-0.04706919193267822,0.9893379211425781,0.1378251016139984,0,-0.9921119213104248,-0.03025406412780285,-0.12164992094039917,0,-0.1161830872297287,-0.14246390759944916,0.9829580187797546,0,0,0.7001680135726929,0,1
B10,mixamorig_LeftHand,9,-0.6965619921684265,-0.0952199250459671,0.711150050163269,0,-0.4206058979034424,0.8571820855140686,-0.2972048819065094,0,-0.5812848806381226,-0.5061351656913757,-0.6371300220489502,0,0,0.6535320281982422,0,1
B11,mixamorig_LeftHandIndex1,10,-0.9870269298553467,0.020605551078915596,0.15922825038433075,0,0.006235435139387846,0.9959020018577576,-0.09022624790668488,0,-0.1604347974061966,-0.0880628302693367,-0.9831100106239319,0,0,0.060575999319553375,0,1
B12,mixamorig_LeftHandIndex2,11,0.9941920638084412,-0.10750877857208252,0.005001855548471212,0,0.10702523589134216,0.9826829433441162,-0.15126316249370575,0,0.011346871964633465,0.1509198397397995,0.9884809851646423,0,0,0.03868899866938591,0,1
B13,mixamorig_LeftHandIndex3,12,0.9894379377365112,-0.1305350512266159,-0.06302619725465775,0,0.1376759111881256,0.9823219776153564,0.12684117257595062,0,0.04535483941435814,-0.1341787874698639,0.9899190664291382,0,-0.005224000196903944,0.03941100090742111,0.009723999537527561,1
B14,mixamorig_LeftHandIndex4,13,1,0,0,0,0,1,0,0,0,0,1,0,-0.0060270000249147415,0.02063699997961521,0.0030950000509619713,1
B15,mixamorig_RightShoulder,3,0.07234107702970505,-0.03449810668826103,0.9967830181121826,0,-0.9969949722290039,-0.030264627188444138,0.07130899280309677,0,0.027707252651453018,-0.998945951461792,-0.0365837886929512,0,-0.232587993144989,0.3256010115146637,0.000699999975040555,1
B16,mixamorig_RightArm,15,0.8440790772438049,-0.42927277088165283,-0.32133418321609497,0,0.5134169459342957,0.47410401701927185,0.7152820229530334,0,-0.154705211520195,-0.7687328457832336,0.6205770969390869,0,0,0.4881260097026825,0,1
B17,mixamorig_RightForeArm,16,-0.12325550615787506,-0.9846019148826599,-0.12396027892827988,0,0.9843400716781616,-0.10543672740459442,-0.14127211272716522,0,0.12602686882019043,-0.1394316703081131,0.9821790456771851,0,0,0.7001389861106873,0,1
B18,mixamorig_RightHand,17,0.7446330189704895,-0.12990213930606842,-0.6547109484672546,0,0.07837697118520737,0.9911100268363953,-0.10750581324100494,0,0.6628560423851013,0.028738122433423996,0.7481949329376221,0,0,0.653423011302948,0,1
B19,mixamorig_RightHandIndex1,18,0.9770280122756958,0.21174797415733337,0.024068310856819153,0,-0.2125069797039032,0.95952308177948,0.18481598794460297,0,0.016040300950407982,-0.185684934258461,0.9824780225753784,0,0,0.08986800163984299,0,1
B20,mixamorig_RightHandIndex2,19,0.9970589876174927,0.07598091661930084,-0.009963873773813248,0,-0.07032106071710587,0.9588561058044434,0.2750456631183624,0,0.030452167615294456,-0.2735362648963928,0.961379885673523,0,0,0.025970999151468277,0,1
B21,mixamorig_RightHandIndex3,20,0.9592311382293701,0.28217777609825134,-0.015860941261053085,0,-0.2806072533130646,0.9441969394683838,-0.17248672246932983,0,-0.03369605913758278,0.16990527510643005,0.9848839640617371,0,-0.00395999988541007,0.03376400098204613,-0.00380200007930398,1
B22,mixamorig_RightHandIndex4,21,1,0,0,0,0,1,0,0,0,0,1,0,0.0014750000555068254,0.020062999799847603,0.003019999945536256,1
B23,mixamorig_LeftUpLeg,0,-0.8686579465866089,-0.25937172770500183,0.422089159488678,0,0.4950779378414154,-0.4857592284679413,0.7203719019889832,0,0.018189609050750732,0.8347240090370178,0.5503680109977722,0,0.4328779876232147,-0.13918200135231018,0.009201000444591045,1
B24,mixamorig_LeftLeg,23,0.9768960475921631,-0.18493370711803436,-0.10711294412612915,0,-0.01801684871315956,0.4281482696533203,-0.9035288691520691,0,0.21295328438282013,0.8845841288566589,0.414924681186676,0,0,0.9276059865951538,0,1
B25,mixamorig_LeftFoot,24,0.9283889532089233,-0.19425833225250244,-0.3167918622493744,0,0.2039092630147934,-0.4463830590248108,0.8712999224662781,0,-0.3106677830219269,-0.8735020756721497,-0.3748060464859009,0,0,0.7254940271377563,0,1
B26,mixamorig_LeftToeBase,25,0.9837689995765686,0.17943798005580902,-0.0005162828601896763,0,-0.179219052195549,0.9827030301094055,0.04664786532521248,0,0.008877747692167759,-0.045798178762197495,0.9989110231399536,0,0,0.05606900155544281,0,1
B27,mixamorig_LeftToe_End,26,1,0,0,0,0,1,0,0,0,0,1,0,0,0.06156900152564049,0,1
B28,mixamorig_RightUpLeg,0,-0.8849989771842957,0.36462387442588806,-0.2895280718803406,0,-0.46360498666763306,-0.6327098608016968,0.6202811002731323,0,0.04298204928636551,0.6831749081611633,0.7289891242980957,0,-0.4328779876232147,-0.13918200135231018,0.011939999647438526,1
B29,mixamorig_RightLeg,28,0.9923440217971802,0.09557189792394638,0.0782209262251854,0,0.029577070847153664,0.43102073669433594,-0.9018571376800537,0,-0.11990713328123093,0.8972667455673218,0.42489445209503174,0,0,0.9277700185775757,0,1
B30,mixamorig_RightFoot,29,0.9322719573974609,0.24872291088104248,0.26268935203552246,0,-0.0504787303507328,-0.6296027898788452,0.7752751708030701,0,0.35821887850761414,-0.7360280156135559,-0.5744061470031738,0,0,0.7266560196876526,0,1
B31,mixamorig_RightToeBase,30,0.9960940480232239,-0.08830393850803375,0.00021879443374928087,0,0.08822204172611237,0.9952709674835205,0.0406600683927536,0,-0.0038082008250057697,-0.04048191383481026,0.9991729855537415,0,0,0.08409100025892258,0,1
B32,mixamorig_RightToe_End,31,1,0,0,0,0,1,0,0,0,0,1,0,0,0.06898599863052368,0,1
@28,0,1,2,3,4,5,7,8,9,10,11,12,13,15,16,17,18,19,20,21,23,24,25,26,28,29,30,31
K0,-0.14286454021930695,-0.0018607934471219778,-0.04567563161253929,0,0.009388876147568226,0.1454860419034958,-0.035293590277433395,0,0.04473898559808731,-0.036473676562309265,-0.13844898343086243,0,-0.04214305803179741,0.24259351193904877,0.012863549403846264,1,0.9984859824180603,-0.05244996026158333,-0.01654701866209507,0,0.054809048771858215,0.9738821387290955,0.2203407734632492,0,0.004557982552796602,-0.22091422975063324,0.9752829670906067,0,0,0.25036901235580444,0.0018439999548718333,1,0.9994829893112183,-0.027452604845166206,-0.016751904040575027,0,0.02990439347922802,0.9849820137023926,0.17004695534706116,0,0.011832096613943577,-0.1704600304365158,0.9852940440177917,0,0,0.2921049892902374,0,1,0.9993759989738464,-0.02754872478544712,-0.02208869718015194,0,0.030899280682206154,0.9850539565086365,0.16945414245128632,0,0.01709030382335186,-0.1700308471918106,0.985289990901947,0,0,0.33383500576019287,0,1,0.9944099187850952,-0.10318810492753983,0.022390129044651985,0,0.1039808914065361,0.9938639998435974,-0.037725888192653656,0,-0.018359867855906487,0.039843108505010605,0.9990370273590088,0,0,0.37556400895118713,0,1,0.9777060151100159,0.18507197499275208,0.09919320046901703,0,-0.050944045186042786,0.6673537492752075,-0.7429962158203125,0,-0.20370478928089142,0.721378743648529,0.6619042754173279,0,0,0.331481009721756,0.043396998196840286,1,-0.03531288728117943,0.013315454125404358,-0.9992880821228027,0,0.9908899664878845,-0.12956444919109344,-0.03674256429076195,0,-0.12996147572994232,-0.9914819598197937,-0.008618836291134357,0,0.232587993144989,0.32559698820114136,0.00003600000127335079,1,0.8604761958122253,0.37768179178237915,0.34195977449417114,0,-0.49097317457199097,0.7939878702163696,0.3585098683834076,0,-0.13610920310020447,-0.4763820767402649,0.8686389327049255,0,0,0.4881260097026825,0,1,-0.047068990767002106,0.9893380403518677,0.13782501220703125,0,-0.9921119809150696,-0.03025389462709427,-0.12164978682994843,0,-0.11618299782276154,-0.1424637734889984,0.9829580783843994,0,0,0.7001680135726929,0,1,-0.6965619921684265,-0.09521999210119247,0.7111501693725586,0,-0.42060598731040955,0.8571820855140686,-0.2972048223018646,0,-0.5812848806381226,-0.5061351656913757,-0.637130081653595,0,0,0.6535320281982422,0,1,-0.9870269298553467,0.020605554804205894,0.15922823548316956,0,0.006235446315258741,0.9959020018577576,-0.09022621065378189,0,-0.1604347825050354,-0.08806279301643372,-0.9831100106239319,0,0,0.060575999319553375,0,1,0.9941920638084412,-0.10750876367092133,0.005001862533390522,0,0.10702522099018097,0.9826829433441162,-0.15126314759254456,0,0.01134686078876257,0.1509198248386383,0.9884809851646423,0,0,0.03868899866938591,0,1,0.9894379377365112,-0.1305350810289383,-0.06302618235349655,0,0.1376759260892868,0.9823219180107117,0.126841202378273,0,0.04535481706261635,-0.13417880237102509,0.9899190664291382,0,-0.005224000196903944,0.03941100090742111,0.009723999537527561,1,0.07234061509370804,-0.034498464316129684,0.9967830777168274,0,-0.9969950318336487,-0.030264925211668015,0.07130856812000275,0,0.02770748734474182,-0.9989460110664368,-0.03658420592546463,0,-0.232587993144989,0.3256010115146637,0.000699999975040555,1,0.8440789580345154,-0.42927286028862,-0.32133427262306213,0,0.5134170651435852,0.4741038680076599,0.7152820229530334,0,-0.15470530092716217,-0.7687328457832336,0.6205770373344421,0,0,0.4881260097026825,0,1,-0.12325548380613327,-0.9846019148826599,-0.1239604502916336,0,0.9843401312828064,-0.10543672740459442,-0.14127179980278015,0,0.12602654099464417,-0.13943180441856384,0.9821790456771851,0,0,0.7001389861106873,0,1,0.7446330785751343,-0.12990209460258484,-0.6547108888626099,0,0.078376904129982,0.9911100268363953,-0.10750581324100494,0,0.6628559827804565,0.028738176450133324,0.7481949329376221,0,0,0.653423011302948,0,1,0.9770280122756958,0.21174800395965576,0.02406831458210945,0,-0.21250700950622559,0.95952308177948,0.18481603264808655,0,0.016040312126278877,-0.18568497896194458,0.9824780225753784,0,0,0.08986800163984299,0,1,0.9970589876174927,0.07598092406988144,-0.009963853284716606,0,-0.07032107561826706,0.9588561058044434,0.2750456631183624,0,0.030452148988842964,-0.2735362946987152,0.961379885673523,0,0,0.025970999151468277,0,1,0.9592311382293701,0.28217777609825134,-0.01586100272834301,0,-0.2806072533130646,0.9441969394683838,-0.17248672246932983,0,-0.033695995807647705,0.16990529000759125,0.9848839640617371,0,-0.00395999988541007,0.03376400098204613,-0.00380200007930398,1,-0.8686577677726746,-0.2593717575073242,0.4220893383026123,0,0.49507808685302734,-0.48575904965400696,0.7203718423843384,0,0.01818961463868618,0.8347240686416626,0.5503678917884827,0,0.4328779876232147,-0.13918200135231018,0.009201000444591045,1,0.9768960475921631,-0.18493370711803436,-0.10711278021335602,0,-0.018016701564192772,0.4281482696533203,-0.9035288691520691,0,0.21295322477817535,0.8845841288566589,0.4149247109889984,0,0,0.9276059865951538,0,1,0.9283891916275024,-0.19425809383392334,-0.3167913854122162,0,0.20390890538692474,-0.4463830292224884,0.8712999820709229,0,-0.31066736578941345,-0.8735021352767944,-0.3748062551021576,0,0,0.7254940271377563,0,1,0.9837690591812134,0.17943796515464783,-0.0005162699380889535,0,-0.17921903729438782,0.9827030301094055,0.04664784297347069,0,0.008877729997038841,-0.045798156410455704,0.9989110231399536,0,0,0.05606900155544281,0,1,-0.8849989771842957,0.36462393403053284,-0.2895280718803406,0,-0.46360501646995544,-0.6327098608016968,0.6202811002731323,0,0.042982082813978195,0.6831749081611633,0.7289891242980957,0,-0.4328779876232147,-0.13918200135231018,0.011939999647438526,1,0.9923440217971802,0.09557197988033295,0.07822084426879883,0,0.029576977714896202,0.431020587682724,-0.9018572568893433,0,-0.11990716308355331,0.8972668647766113,0.4248943030834198,0,0,0.9277700185775757,0,1,0.9322720170021057,0.24872276186943054,0.2626893222332001,0,-0.050478748977184296,-0.6296029686927795,0.7752751708030701,0,0.3582187592983246,-0.7360280752182007,-0.5744063854217529,0,0,0.7266560196876526,0,1,0.9960940480232239,-0.08830393850803375,0.00021879642736166716,0,0.08822204172611237,0.9952709674835205,0.0406600758433342,0,-0.0038082036189734936,-0.040481921285390854,0.9991729855537415,0,0,0.08409100025892258,0,1
K0.033,-0.14313356578350067,-0.0022587368730455637,-0.044807255268096924,0,0.008945997804403305,0.14536423981189728,-0.03590516746044159,0,0.04396317899227142,-0.03693389520049095,-0.13857537508010864,0,-0.04165935516357422,0.24406369030475616,0.013178491033613682,1,0.9983130097389221,-0.05391817167401314,-0.02152099832892418,0,0.05731586739420891,0.9743330478668213,0.21769070625305176,0,0.009231148287653923,-0.2185572236776352,0.9757809638977051,0,0,0.25036901235580444,0.0018439999548718333,1,0.9993720054626465,-0.028856836259365082,-0.02055574767291546,0,0.03190019726753235,0.985325038433075,0.1676807403564453,0,0.015415361151099205,-0.16823120415210724,0.9856269359588623,0,0,0.2921049892902374,0,1,0.9992560744285583,-0.02898024022579193,-0.0254551712423563,0,0.032834794372320175,0.9853939414024353,0.16709426045417786,0,0.02024093084037304,-0.16780570149421692,0.9856120347976685,0,0,0.33383500576019287,0,1,0.9945249557495117,-0.10175909847021103,0.023794328793883324,0,0.10262995213270187,0.9939619898796082,-0.03880670666694641,0,-0.01970171369612217,0.04103622958064079,0.9989629983901978,0,0,0.37556400895118713,0,1,0.9772419333457947,0.1841442584991455,0.10530401766300201,0,-0.045799724757671356,0.6678698658943176,-0.7428680658340454,0,-0.2071242332458496,0.7211388349533081,0.6611040830612183,0,0,0.331481009721756,0.043396998196840286,1,-0.033248767256736755,0.013545810244977474,-0.9993550181388855,0,0.9914729595184326,-0.12560917437076569,-0.03468910604715347,0,-0.12599806487560272,-0.9919869303703308,-0.009253951720893383,0,0.232587993144989,0.32559698820114136,0.00003600000127335079,1,0.8577101826667786,0.40001609921455383,0.3229864835739136,0,-0.5021753311157227,0.7865149974822998,0.3594646453857422,0,-0.11024203151464462,-0.4705122113227844,0.8754798769950867,0,0,0.4881260097026825,0,1,-0.03563717380166054,0.9898200035095215,0.13778840005397797,0,-0.9925649762153625,-0.0190000981092453,-0.12022443860769272,0,-0.11638260632753372,-0.14104843139648438,0.9831379652023315,0,0,0.7001680135726929,0,1,-0.6936230063438416,-0.096150241792202,0.7138930559158325,0,-0.4136378765106201,0.8645351529121399,-0.28545379638671875,0,-0.5897383093833923,-0.4932897984981537,-0.639431893825531,0,0,0.6535320281982422,0,1,-0.9870271682739258,0.020605534315109253,0.15922775864601135,0,0.006235468201339245,0.9959020018577576,-0.09022621810436249,0,-0.1604342758655548,-0.08806279301643372,-0.9831100702285767,0,0,0.060575999319553375,0,1,0.9941920042037964,-0.1075093001127243,0.005001400131732225,0,0.10702569782733917,0.982683002948761,-0.15126319229602814,0,0.011347399093210697,0.1509198099374771,0.9884809851646423,0,0,0.03868899866938591,0,1,0.9894379377365112,-0.1305350512266159,-0.06302621215581894,0,0.137675940990448,0.9823219776153564,0.1268417090177536,0,0.04535478353500366,-0.13417929410934448,0.9899189472198486,0,-0.005224000196903944,0.03941100090742111,0.009723999537527561,1,0.07475537061691284,-0.03591305390000343,0.9965549111366272,0,-0.9967730045318604,-0.03198603168129921,0.07361901551485062,0,0.02923198975622654,-0.9988430142402649,-0.03818828985095024,0,-0.232587993144989,0.3256010115146637,0.000699999975040555,1,0.8438218235969543,-0.4291171729564667,-0.32221537828445435,0,0.5115127563476562,0.46167027950286865,0.7247169613838196,0,-0.16223138570785522,-0.7763500213623047,0.6090669631958008,0,0,0.4881260097026825,0,1,-0.09709089249372482,-0.9874749779701233,-0.12436716258525848,0,0.9872179627418518,-0.07968232035636902,-0.13802337646484375,0,0.12638482451438904,-0.1361783742904663,0.9825899600982666,0,0,0.7001389861106873,0,1,0.773041307926178,-0.13355281949043274,-0.6201375722885132,0,0.08473829925060272,0.9905659556388855,-0.1076965406537056,0,0.6286703944206238,0.030704466626048088,0.7770654559135437,0,0,0.653423011302948,0,1,0.9770280122756958,0.21174800395965576,0.02406831458210945,0,-0.21250700950622559,0.95952308177948,0.18481603264808655,0,0.016040312126278877,-0.18568497896194458,0.9824780225753784,0,0,0.08986800163984299,0,1,0.9970599412918091,0.07598096877336502,-0.00996387843042612,0,-0.07032103091478348,0.958855926990509,0.27504515647888184,0,0.030452122911810875,-0.2735358476638794,0.9613800048828125,0,0,0.025970999151468277,0,1,0.9592311382293701,0.28217777609825134,-0.01586100272834301,0,-0.2806072533130646,0.9441969394683838,-0.17248672246932983,0,-0.033695995807647705,0.16990529000759125,0.9848839640617371,0,-0.00395999988541007,0.03376400098204613,-0.00380200007930398,1,-0.8667049407958984,-0.2586973011493683,0.42649585008621216,0,0.4982777535915375,-0.4889150857925415,0.7160181403160095,0,0.023288285359740257,0.8330898880958557,0.5526482462882996,0,0.4328779876232147,-0.13918200135231018,0.009201000444591045,1,0.9764270782470703,-0.18719500303268433,-0.10746695101261139,0,-0.011537941172719002,0.4519020617008209,-0.8919929265975952,0,0.2155410796403885,0.8722056746482849,0.43908941745758057,0,0,0.9276059865951538,0,1,0.928067147731781,-0.19669078290462494,-0.3162347078323364,0,0.20794633030891418,-0.43075090646743774,0.8781858682632446,0,-0.30894970893859863,-0.8807761073112488,-0.3588649034500122,0,0,0.7254940271377563,0,1,0.9837949275970459,0.17929717898368835,-0.00031291431514546275,0,-0.17910079658031464,0.9827960133552551,0.04510701447725296,0,0.008395090699195862,-0.0443200059235096,0.9989820122718811,0,0,0.05606900155544281,0,1,-0.8861910700798035,0.3553437888622284,-0.29731613397598267,0,-0.4625151753425598,-0.6406689882278442,0.6128799319267273,0,0.027301860973238945,0.6806419491767883,0.7321069836616516,0,-0.4328779876232147,-0.13918200135231018,0.011939999647438526,1,0.9926058650016785,0.09485335648059845,0.07574208080768585,0,0.025570295751094818,0.44658946990966797,-0.8943738341331482,0,-0.11865993589162827,0.8896971344947815,0.4408617615699768,0,0,0.9277700185775757,0,1,0.9290959239006042,0.25840577483177185,0.26458725333213806,0,-0.04823664575815201,-0.6246356964111328,0.7794252038002014,0,0.36667880415916443,-0.7369239330291748,-0.5678821802139282,0,0,0.7266560196876526,0,1,0.9960920214653015,-0.0883239284157753,0.00024598895106464624,0,0.08824005722999573,0.9952600002288818,0.04088575765490532,0,-0.0038560121320188046,-0.04070425033569336,0.9991639256477356,0,0,0.08409100025892258,0,1
K0.067,-0.14335590600967407,-0.002332654781639576,-0.04408667981624603,0,0.008815969340503216,0.14526106417179108,-0.03635258972644806,0,0.043259162455797195,-0.037333499640226364,-0.13868972659111023,0,-0.04111288860440254,0.24547304213047028,0.013559343293309212,1,0.9980760216712952,-0.05485520511865616,-0.028903938829898834,0,0.05978376418352127,0.9750120043754578,0.21395893394947052,0,0.016444917768239975,-0.2152751386165619,0.9764149785041809,0,0,0.25036901235580444,0.0018439999548718333,1,0.9992049932479858,-0.030123082920908928,-0.026131922379136086,0,0.034014880657196045,0.985836923122406,0.1642204374074936,0,0.02081497199833393,-0.16497862339019775,0.986077070236206,0,0,0.2921049892902374,0,1,0.9990730285644531,-0.030318673700094223,-0.03057386353611946,0,0.034926291555166245,0.9859039783477783,0.16362395882606506,0,0.025182032957673073,-0.1645401120185852,0.9860489964485168,0,0,0.33383500576019287,0,1,0.9941860437393188,-0.10447678714990616,0.026045657694339752,0,0.10538216680288315,0.9937719702720642,-0.03621993958950043,0,-0.022099297493696213,0.03875409811735153,0.9990040063858032,0,0,0.37556400895118713,0,1,0.9750811457633972,0.1878175586462021,0.1180727481842041,0,-0.03956247866153717,0.6709057092666626,-0.740486204624176,0,-0.2182919979095459,0.7173628807067871,0.6616180539131165,0,0,0.331481009721756,0.043396998196840286,1,-0.030940620228648186,0.013638553209602833,-0.9994279146194458,0,0.9922609329223633,-0.1198769062757492,-0.032354649156332016,0,-0.1202496811747551,-0.9926948547363281,-0.009823917411267757,0,0.232587993144989,0.32559698820114136,0.00003600000127335079,1,0.8510041236877441,0.4296676218509674,0.3019581139087677,0,-0.5185638666152954,0.7783600687980652,0.35390302538871765,0,-0.08297137171030045,-0.4577570855617523,0.8851969242095947,0,0,0.4881260097026825,0,1,-0.03023495152592659,0.9900029897689819,0.1377657651901245,0,-0.9927339553833008,-0.013681961223483086,-0.11955134570598602,0,-0.11647123843431473,-0.14037933945655823,0.9832229614257812,0,0,0.7001680135726929,0,1,-0.6775802969932556,-0.10739298909902573,0.7275657057762146,0,-0.41364791989326477,0.8736228942871094,-0.25627750158309937,0,-0.6080960035324097,-0.47460493445396423,-0.6363729238510132,0,0,0.6535320281982422,0,1,-0.9870271682739258,0.02060503512620926,0.15922777354717255,0,0.006234968546777964,0.9959020018577576,-0.0902261808514595,0,-0.16043424606323242,-0.0880628302693367,-0.9831100702285767,0,0,0.060575999319553375,0,1,0.9941920638084412,-0.10750880092382431,0.0050013624131679535,0,0.10702518373727798,0.9826829433441162,-0.15126317739486694,0,0.011347360908985138,0.1509198099374771,0.9884809851646423,0,0,0.03868899866938591,0,1,0.9894379377365112,-0.1305350512266159,-0.06302621215581894,0,0.137675940990448,0.9823219776153564,0.1268417090177536,0,0.04535478353500366,-0.13417929410934448,0.9899189472198486,0,-0.005224000196903944,0.03941100090742111,0.009723999537527561,1,0.08151347190141678,-0.03820989653468132,0.995940089225769,0,-0.9963299632072449,-0.029305869713425636,0.08042101562023163,0,0.026114027947187424,-0.9988400340080261,-0.040458448231220245,0,-0.232587993144989,0.3256010115146637,0.000699999975040555,1,0.8441559076309204,-0.42645329236984253,-0.3248671889305115,0,0.5106527805328369,0.4551573097705841,0.7294279932975769,0,-0.1632012128829956,-0.7816449403762817,0.6019930243492126,0,0,0.4881260097026825,0,1,-0.05698445439338684,-0.9905418753623962,-0.12482152134180069,0,0.990294873714447,-0.04020526260137558,-0.13304132223129272,0,0.1267644166946411,-0.13119132816791534,0.9832190275192261,0,0,0.7001389861106873,0,1,0.805718719959259,-0.13874928653240204,-0.575817346572876,0,0.093592569231987,0.9897860884666443,-0.10753902792930603,0,0.5848565697669983,0.03275396674871445,0.8104745745658875,0,0,0.653423011302948,0,1,0.9770280122756958,0.21174800395965576,0.02406831458210945,0,-0.21250700950622559,0.95952308177948,0.18481603264808655,0,0.016040312126278877,-0.18568497896194458,0.9824780225753784,0,0,0.08986800163984299,0,1,0.9970589876174927,0.07598099857568741,-0.009964367374777794,0,-0.07032100111246109,0.958855926990509,0.27504515647888184,0,0.030452635139226913,-0.2735358774662018,0.961380124092102,0,0,0.025970999151468277,0,1,0.9592311382293701,0.28217777609825134,-0.01586100272834301,0,-0.2806072533130646,0.9441969394683838,-0.17248672246932983,0,-0.033695995807647705,0.16990529000759125,0.9848839640617371,0,-0.00395999988541007,0.03376400098204613,-0.00380200007930398,1,-0.8649179339408875,-0.25368958711624146,0.4330807328224182,0,0.5007724761962891,-0.4943259358406067,0.710541307926178,0,0.03382612392306328,0.8314349055290222,0.5545921921730042,0,0.4328779876232147,-0.13918200135231018,0.009201000444591045,1,0.976417064666748,-0.1863480508327484,-0.10901659727096558,0,-0.007156087551265955,0.47674134373664856,-0.8790143728256226,0,0.21577538549900055,0.8590649962425232,0.46416497230529785,0,0,0.9276059865951538,0,1,0.9257747530937195,-0.20303449034690857,-0.3189323842525482,0,0.21426835656166077,-0.413257896900177,0.885046124458313,0,-0.3114963471889496,-0.8876907825469971,-0.33907997608184814,0,0,0.7254940271377563,0,1,0.9837779402732849,0.17939119040966034,-0.00044909483403898776,0,-0.17917977273464203,0.9827340841293335,0.046136949211359024,0,0.008717899210751057,-0.04530802369117737,0.9989349842071533,0,0,0.05606900155544281,0,1,-0.8855453729629517,0.34845778346061707,-0.3072245717048645,0,-0.4643782377243042,-0.6458269357681274,0.606020987033844,0,0.012758833356201649,0.6793271899223328,0.7337249517440796,0,-0.4328779876232147,-0.13918200135231018,0.011939999647438526,1,0.9922280311584473,0.09890908747911453,0.07550673931837082,0,0.021710164844989777,0.459885835647583,-0.8877131342887878,0,-0.12252723425626755,0.882452130317688,0.4541637599468231,0,0,0.9277700185775757,0,1,0.9254680275917053,0.2687489092350006,0.26698726415634155,0,-0.04546503722667694,-0.6208869814872742,0.7825809121131897,0,0.37608662247657776,-0.7363919615745544,-0.5623921751976013,0,0,0.7266560196876526,0,1,0.9960879683494568,-0.08836240321397781,0.0002989790227729827,0,0.08827460557222366,0.9952380657196045,0.04133504256606102,0,-0.003950019367039204,-0.04114695265889168,0.999144971370697,0,0,0.08409100025892258,0,1
K0.100,-0.14341580867767334,-0.0021298518404364586,-0.04390178620815277,0,0.008906330913305283,0.14530755579471588,-0.036144137382507324,0,0.04304163157939911,-0.037164315581321716,-0.1388029158115387,0,-0.04027801379561424,0.246864914894104,0.014262127690017223,1,0.9978129863739014,-0.0537869818508625,-0.038416095077991486,0,0.0606590174138546,0.9760359525680542,0.2089833915233612,0,0.02625490538775921,-0.21085664629936218,0.9771640300750732,0,0,0.25036901235580444,0.0018439999548718333,1,0.9989789724349976,-0.03078511171042919,-0.03304993733763695,0,0.03568389266729355,0.9865250587463379,0.1596727967262268,0,0.02768906205892563,-0.16068921983242035,0.9866169691085815,0,0,0.2921049892902374,0,1,0.9988279938697815,-0.03110196627676487,-0.03708815574645996,0,0.03662602975964546,0.986594021320343,0.15902899205684662,0,0.03164483979344368,-0.16020101308822632,0.9865769743919373,0,0,0.33383500576019287,0,1,0.99372798204422,-0.10819095373153687,0.028261350467801094,0,0.10904202610254288,0.993567943572998,-0.03053792379796505,0,-0.024775652214884758,0.03342807665467262,0.9991340041160583,0,0,0.37556400895118713,0,1,0.9723950028419495,0.19177678227424622,0.1329270452260971,0,-0.03302522376179695,0.6770450472831726,-0.7351999878883362,0,-0.23099198937416077,0.7105151414871216,0.6646890044212341,0,0,0.331481009721756,0.043396998196840286,1,-0.027693508192896843,0.013508621603250504,-0.9995250105857849,0,0.9934859871864319,-0.11019987612962723,-0.02901553362607956,0,-0.1105395182967186,-0.9938178658485413,-0.010368820279836655,0,0.232587993144989,0.32559698820114136,0.00003600000127335079,1,0.8352280855178833,0.4693276882171631,0.2865762710571289,0,-0.5465812087059021,0.765735924243927,0.33896368741989136,0,-0.060356687754392624,-0.43974924087524414,0.8960899114608765,0,0,0.4881260097026825,0,1,-0.030783608555793762,0.9899860620498657,0.13776755332946777,0,-0.992717981338501,-0.014222155325114727,-0.11961966753005981,0,-0.11646246910095215,-0.14044667780399323,0.9832149744033813,0,0,0.7001680135726929,0,1,-0.6489461064338684,-0.12768206000328064,0.7500439286231995,0,-0.40959593653678894,0.8893990516662598,-0.20298191905021667,0,-0.6411710381507874,-0.4389391541481018,-0.6294699311256409,0,0,0.6535320281982422,0,1,-0.9870269298553467,0.020605554804205894,0.15922823548316956,0,0.006235446315258741,0.9959020018577576,-0.09022621065378189,0,-0.1604347825050354,-0.08806279301643372,-0.9831100106239319,0,0,0.060575999319553375,0,1,0.9941920638084412,-0.10750877112150192,0.005001835059374571,0,0.10702522844076157,0.982683002948761,-0.15126267075538635,0,0.01134683471173048,0.1509193331003189,0.9884809851646423,0,0,0.03868899866938591,0,1,0.989437997341156,-0.13053511083126068,-0.06302568316459656,0,0.13767589628696442,0.9823219180107117,0.1268412321805954,0,0.045354317873716354,-0.1341787576675415,0.9899190664291382,0,-0.005224000196903944,0.03941100090742111,0.009723999537527561,1,0.1022656187415123,-0.042014893144369125,0.9938690662384033,0,-0.9946551322937012,-0.018600933253765106,0.10156020522117615,0,0.014219827018678188,-0.9989439845085144,-0.043692637234926224,0,-0.232587993144989,0.3256010115146637,0.000699999975040555,1,0.8421891927719116,-0.4202578365802765,-0.3377877473831177,0,0.5179260969161987,0.45638400316238403,0.7235099673271179,0,-0.14989976584911346,-0.7842810750007629,0.6020239591598511,0,0,0.4881260097026825,0,1,0.022516755387187004,-0.9918860793113708,-0.1251208335161209,0,0.991657018661499,0.03804723173379898,-0.12315789610147476,0,0.12691916525363922,-0.12130389362573624,0.9844679236412048,0,0,0.7001389861106873,0,1,0.8429939150810242,-0.14468590915203094,-0.5180992484092712,0,0.10494410246610641,0.9888769388198853,-0.10540320724248886,0,0.5275867581367493,0.034482795745134354,0.8488011360168457,0,0,0.653423011302948,0,1,0.9769738912582397,0.21199215948581696,0.024115055799484253,0,-0.2127518206834793,0.959426999092102,0.18502897024154663,0,0.016088057309389114,-0.1858990341424942,0.982437014579773,0,0,0.08986800163984299,0,1,0.9970489740371704,0.07611818611621857,-0.00995516125112772,0,-0.07045182585716248,0.9588140249252319,0.27516019344329834,0,0.030489835888147354,-0.2736467719078064,0.9613469839096069,0,0,0.025970999151468277,0,1,0.9592120051383972,0.2822430431842804,-0.015858203172683716,0,-0.28067296743392944,0.9441879987716675,-0.1724269539117813,0,-0.03369320183992386,0.16984505951404572,0.9848949909210205,0,-0.00395999988541007,0.03376400098204613,-0.00380200007930398,1,-0.8623841404914856,-0.25115692615509033,0.43956056237220764,0,0.504177987575531,-0.5046408772468567,0.7008159756660461,0,0.0458054356276989,0.8259890079498291,0.5618219375610352,0,0.4328779876232147,-0.13918200135231018,0.009201000444591045,1,0.9766620993614197,-0.1851446032524109,-0.10886995494365692,0,-0.0010555993067100644,0.5027429461479187,-0.8644359707832336,0,0.2147790640592575,0.8443759679794312,0.49081408977508545,0,0,0.9276059865951538,0,1,0.9237889051437378,-0.21164777874946594,-0.3190913200378418,0,0.21828915178775787,-0.39356422424316406,0.8930047750473022,0,-0.3145853579044342,-0.8946019411087036,-0.3173697590827942,0,0,0.7254940271377563,0,1,0.9837440252304077,0.17957495152950287,-0.0007127149146981537,0,-0.17933306097984314,0.9826099276542664,0.0481300950050354,0,0.0093432841822505,-0.047219906002283096,0.9988409280776978,0,0,0.05606900155544281,0,1,-0.8850430846214294,0.34506529569625854,-0.3124556839466095,0,-0.46548980474472046,-0.6498892903327942,0.600803017616272,0,0.004254666157066822,0.6771811246871948,0.7358039617538452,0,-0.4328779876232147,-0.13918200135231018,0.011939999647438526,1,0.9917219877243042,0.10459798574447632,0.07447510212659836,0,0.01672498695552349,0.46984246373176575,-0.882591724395752,0,-0.1273088902235031,0.8765311241149902,0.4642036557197571,0,0,0.9277700185775757,0,1,0.9231629371643066,0.2752811014652252,0.2683109939098358,0,-0.04350811243057251,-0.6186742782592773,0.7844418883323669,0,0.38193896412849426,-0.7358411550521851,-0.5591599941253662,0,0,0.7266560196876526,0,1,0.9960970878601074,-0.08826974034309387,0.0001717062696116045,0,0.08819126337766647,0.9952899217605591,0.04025614634156227,0,-0.003724293550476432,-0.04008385166525841,0.999189019203186,0,0,0.08409100025892258,0,1
K0.133,-0.1430547833442688,-0.001586723024956882,-0.04508685693144798,0,0.009289108216762543,0.1456591635942459,-0.03459926322102547,0,0.04414808750152588,-0.03578938543796539,-0.1388166844844818,0,-0.03922576084733009,0.24802862107753754,0.015077508054673672,1,0.9978240132331848,-0.04834974557161331,-0.044839080423116684,0,0.05644504725933075,0.9778140187263489,0.20172491669654846,0,0.03409092128276825,-0.20381683111190796,0.9784150719642639,0,0,0.25036901235580444,0.0018439999548718333,1,0.9988809823989868,-0.029007647186517715,-0.037353143095970154,0,0.034419234842061996,0.9875470399856567,0.1535159945487976,0,0.03243483603000641,-0.15462982654571533,0.9874400496482849,0,0,0.2921049892902374,0,1,0.9987300038337708,-0.029416745528578758,-0.040908873081207275,0,0.03535214439034462,0.9876089692115784,0.15290094912052155,0,0.03590409830212593,-0.15415288507938385,0.9873940348625183,0,0,0.33383500576019287,0,1,0.9920340180397034,-0.12307102978229523,0.02686857245862484,0,0.12372564524412155,0.9920209646224976,-0.024229256436228752,0,-0.023672254756093025,0.02736056037247181,0.9993450045585632,0,0,0.37556400895118713,0,1,0.9721790552139282,0.18780259788036346,0.13999225199222565,0,-0.029072165489196777,0.6897683143615723,-0.7234467267990112,0,-0.2324274331331253,0.6992499828338623,0.6760382056236267,0,0,0.331481009721756,0.043396998196840286,1,-0.02760821022093296,0.013578006997704506,-0.9995269179344177,0,0.9938139915466309,-0.10723341256380081,-0.028907155618071556,0,-0.10757511109113693,-0.9941409230232239,-0.010533437132835388,0,0.232587993144989,0.32559698820114136,0.00003600000127335079,1,0.8180269002914429,0.5117323994636536,0.26260659098625183,0,-0.5738191604614258,0.7574590444564819,0.31142839789390564,0,-0.03954567760229111,-0.4054453372955322,0.9132632613182068,0,0,0.4881260097026825,0,1,-0.04571815952658653,0.9894009828567505,0.13782185316085815,0,-0.9921719431877136,-0.028923964127898216,-0.12148202210664749,0,-0.11620815098285675,-0.14229701459407806,0.9829789996147156,0,0,0.7001680135726929,0,1,-0.6372230052947998,-0.1271478533744812,0.7601191401481628,0,-0.3767916262149811,0.9117801785469055,-0.16335515677928925,0,-0.6722909212112427,-0.39049994945526123,-0.6289151906967163,0,0,0.6535320281982422,0,1,-0.9870269298553467,0.0206050556153059,0.15922825038433075,0,0.006234946195036173,0.9959020018577576,-0.0902261734008789,0,-0.160434752702713,-0.0880628377199173,-0.9831100106239319,0,0,0.060575999319553375,0,1,0.9941919445991516,-0.10750830173492432,0.005001297686249018,0,0.10702470690011978,0.9826830625534058,-0.15126270055770874,0,0.01134729664772749,0.15091930329799652,0.9884809851646423,0,0,0.03868899866938591,0,1,0.989437997341156,-0.1305345594882965,-0.06302618235349655,0,0.1376754343509674,0.9823219776153564,0.1268417090177536,0,0.04535481706261635,-0.13417929410934448,0.9899189472198486,0,-0.005224000196903944,0.03941100090742111,0.009723999537527561,1,0.14054150879383087,-0.048113856464624405,0.9889050126075745,0,-0.9900439977645874,0.001115452847443521,0.1407577246427536,0,-0.007875521667301655,-0.9988410472869873,-0.0474780797958374,0,-0.232587993144989,0.3256010115146637,0.000699999975040555,1,0.830976665019989,-0.4143403470516205,-0.37121352553367615,0,0.5433542132377625,0.46135076880455017,0.7013710141181946,0,-0.11934668570756912,-0.7845236659049988,0.6085055470466614,0,0,0.4881260097026825,0,1,0.17094391584396362,-0.9775036573410034,-0.1235479936003685,0,0.97730952501297,0.1841404289007187,-0.10467854887247086,0,0.12507392466068268,-0.1028505489230156,0.9868020415306091,0,0,0.7001389861106873,0,1,0.8831434845924377,-0.15037387609481812,-0.4443491995334625,0,0.11872534453868866,0.9880390167236328,-0.09839948266744614,0,0.4538310766220093,0.03414535149931908,0.8904334306716919,0,0,0.653423011302948,0,1,0.9759069681167603,0.21674509346485138,0.02504325471818447,0,-0.2175220102071762,0.9575470685958862,0.18917784094810486,0,0.017023257911205292,-0.19006727635860443,0.9816229343414307,0,0,0.08986800163984299,0,1,0.9968420267105103,0.07880381494760513,-0.009774104692041874,0,-0.07301126420497894,0.9579750299453735,0.27740490436553955,0,0.031223902478814125,-0.27581512928009033,0.9607029557228088,0,0,0.025970999151468277,0,1,0.9588339924812317,0.28352704644203186,-0.015804877504706383,0,-0.28196799755096436,0.9440150856971741,-0.1712566763162613,0,-0.03363587707281113,0.16866329312324524,0.9850999116897583,0,-0.00395999988541007,0.03376400098204613,-0.00380200007930398,1,-0.8582441210746765,-0.25523173809051514,0.44528013467788696,0,0.5098634362220764,-0.5233761072158813,0.6827276945114136,0,0.05879514291882515,0.8129786849021912,0.5793173909187317,0,0.4328779876232147,-0.13918200135231018,0.009201000444591045,1,0.9774050116539001,-0.18328990042209625,-0.10528010129928589,0,0.0064909751527011395,0.5238661170005798,-0.8517758846282959,0,0.211274653673172,0.8318469524383545,0.5132192373275757,0,0,0.9276059865951538,0,1,0.9232408404350281,-0.2185492068529129,-0.31601035594940186,0,0.21815380454063416,-0.3788699507713318,0.899370014667511,0,-0.31628337502479553,-0.8992738127708435,-0.30211082100868225,0,0,0.7254940271377563,0,1,0.9837070107460022,0.17977383732795715,-0.0009970377432182431,0,-0.17949716746807098,0.9824720025062561,0.05028766021132469,0,0.010019971989095211,-0.04928938299417496,0.9987339973449707,0,0,0.05606900155544281,0,1,-0.883935809135437,0.34656012058258057,-0.313932329416275,0,-0.46760496497154236,-0.6526457071304321,0.5961533188819885,0,0.0017163861775770783,0.6737576723098755,0.738950252532959,0,-0.4328779876232147,-0.13918200135231018,0.011939999647438526,1,0.9901620149612427,0.11845310777425766,0.07449185848236084,0,0.009317770600318909,0.47535771131515503,-0.8797430992126465,0,-0.13961850106716156,0.8717818260192871,0.4695771634578705,0,0,0.9277700185775757,0,1,0.9232780933380127,0.27527469396591187,0.26791912317276,0,-0.04352386295795441,-0.6180101037025452,0.7849650382995605,0,0.38165780901908875,-0.7364019751548767,-0.558614194393158,0,0,0.7266560196876526,0,1,0.9961049556732178,-0.08817924559116364,0.0000449624567409046,0,0.08810976147651672,0.9953399896621704,0.039184801280498505,0,-0.0035000366624444723,-0.039028190076351166,0.9992319941520691,0,0,0.08409100025892258,0,1
