3.967,30,119,25
B0,mixamorig_Hips,-1,-0.9788730144500732,0.04152882471680641,-0.2002050280570984,0,0.008083224296569824,0.9862509965896606,0.16505777835845947,0,0.20430701971054077,0.15995225310325623,-0.965749979019165,0,-0.0022140000946819782,0.2537960112094879,0.001955999992787838,1
B1,mixamorig_Spine,0,0.9994109869003296,-0.013531201519072056,0.0315360426902771,0,0.018754804506897926,0.9849639534950256,-0.17174039781093597,0,-0.028737997636198997,0.17223060131072998,0.9846370816230774,0,0,0.03688599914312363,-0.00039000000106170774,1
B2,mixamorig_Spine1,1,0.9986590147018433,0.0034713505301624537,0.05165315419435501,0,0.011970295570790768,0.9552279114723206,-0.29562908411026,0,-0.05036675184965134,0.29585084319114685,0.9539050459861755,0,0,0.043035998940467834,0,1
B3,mixamorig_Spine2,2,0.9987059831619263,0.004404782317578793,0.05066172406077385,0,0.010792878456413746,0.9551860094070435,-0.2958110570907593,0,-0.049694325774908066,0.2959749400615692,0.953902006149292,0,0,0.04918399825692177,0,1
B4,mixamorig_Neck,3,0.9994059801101685,0.030757877975702286,-0.015551602467894554,0,-0.029012084007263184,0.9943429827690125,0.10217791795730591,0,0.018606409430503845,-0.10166607797145844,0.9946450591087341,0,0,0.055332001298666,0,1
B5,mixamorig_Head,4,0.9977009892463684,-0.01768379658460617,-0.06542102247476578,0,0.05027315765619278,0.8404829502105713,0.5395001173019409,0,0.04544486477971077,-0.5415489077568054,0.8394399881362915,0,0,0.03725099936127663,-0.006796000059694052,1
B6,mixamorig_HeadTop_End,5,1,0,0,0,0,1,0,0,0,0,1,0,0,0.23069800436496735,-0.04208900034427643,1
B7,mixamorig_LeftShoulder,3,0.04107683151960373,0.012310096994042397,0.9990800023078918,0,-0.9836240410804749,-0.17512382566928864,0.042599134147167206,0,0.17548711597919464,-0.984468936920166,0.0049149817787110806,0,-0.034717999398708344,0.048197999596595764,-0.00013800000306218863,1
B8,mixamorig_LeftArm,7,-0.8051998615264893,-0.5181844234466553,-0.28833574056625366,0,-0.5598649978637695,0.5040243268013,0.6576558351516724,0,-0.1954587697982788,0.6909734606742859,-0.6959536671638489,0,0,0.07304099947214127,0,1
B9,mixamorig_LeftForeArm,8,0.39602217078208923,-0.9182149171829224,-0.006906674709171057,0,0.9182249903678894,0.3959599435329437,0.008851781487464905,0,-0.005393072031438351,-0.009847384877502918,0.9999369978904724,0,0,0.10576599836349487,0,1
B10,mixamorig_LeftHand,9,1,0,0,0,0,1,0,0,0,0,1,0,0,0.09361699968576431,0,1
B11,mixamorig_RightShoulder,3,-0.09670894593000412,-0.030924595892429352,-0.9948320388793945,0,0.9802230596542358,-0.17634738981723785,-0.08980691432952881,0,-0.17265866696834564,-0.983842134475708,0.04736727848649025,0,0.034717999398708344,0.04819599911570549,-0.000012999999853491317,1
B12,mixamorig_RightArm,11,-0.7386491894721985,0.42277905344963074,0.5250288844108582,0,0.6689551472663879,0.3637869358062744,0.6481959223747253,0,0.08304496854543686,0.8300100564956665,-0.5515311360359192,0,0,0.07304099947214127,0,1
B13,mixamorig_RightForeArm,12,0.10815098136663437,0.9941339492797852,0.00017170050705317408,0,-0.9941340684890747,0.10815085470676422,0.0007269000634551048,0,0.0007040671189315617,-0.0002493084757588804,0.9999999403953552,0,0,0.10576099902391434,0,1
B14,mixamorig_RightHand,13,1,0,0,0,0,1,0,0,0,0,1,0,0,0.09362000226974487,0,1
B15,mixamorig_LeftUpLeg,0,-0.9115139842033386,0.23152194917201996,0.33991190791130066,0,-0.40860214829444885,-0.6037819981575012,-0.6844649910926819,0,0.04676401615142822,-0.7627880573272705,0.6449559926986694,0,-0.06624100357294083,-0.0212009996175766,-0.002002999885007739,1
B16,mixamorig_LeftLeg,15,0.9985899925231934,-0.02014414221048355,-0.04911705479025841,0,0.052160877734422684,0.5444082021713257,0.8371979594230652,0,0.009875083342194557,-0.838578999042511,0.5446909070014954,0,0,0.13943900167942047,0,1
B17,mixamorig_LeftFoot,16,-0.9705920219421387,-0.17351126670837402,0.16686676442623138,0,-0.10983230918645859,-0.2976400554180145,-0.9483389854431152,0,0.21421383321285248,-0.9387780427932739,0.26983001828193665,0,0,0.1111380010843277,0,1
B18,mixamorig_LeftToeBase,17,0.9945470094680786,-0.10424583405256271,-0.002905147150158882,0,0.10427914559841156,0.9944199323654175,0.01596304029226303,0,0.0012248556595295668,-0.01617893949151039,0.9998679757118225,0,0,0.007980000227689743,0,1
B19,mixamorig_LeftToe_End,18,1,0,0,0,0,1,0,0,0,0,1,0,0,0.007400999777019024,0,1
B20,mixamorig_RightUpLeg,0,-0.893951952457428,-0.20972608029842377,-0.3960608243942261,0,0.39804691076278687,-0.7776458263397217,-0.4866481125354767,0,-0.20593225955963135,-0.5926908850669861,0.7786590456962585,0,0.06624100357294083,-0.0212009996175766,-0.001699000014923513,1
B21,mixamorig_RightLeg,20,0.9985730648040771,0.03825125843286514,-0.03726886212825775,0,0.011660252697765827,0.5248550176620483,0.8511120080947876,0,0.05211684852838516,-0.8503319621086121,0.5236600041389465,0,0,0.13945400714874268,0,1
B22,mixamorig_RightFoot,21,-0.9678798317909241,0.19707009196281433,-0.15611232817173004,0,0.04348773881793022,-0.4803520143032074,-0.8759969472885132,0,-0.24762172996997833,-0.854649007320404,0.456353098154068,0,0,0.11119399964809418,0,1
B23,mixamorig_RightToeBase,22,0.9987300038337708,0.05038207396864891,1.3016936861731665e-7,0,-0.050381921231746674,0.998727023601532,0.002267933450639248,0,0.00011413318134145811,-0.002265059854835272,0.9999970197677612,0,0,0.010448000393807888,0,1
B24,mixamorig_RightToe_End,23,1,0,0,0,0,1,0,0,0,0,1,0,0,0.01117900013923645,0,1
@20,0,1,2,3,4,5,7,8,9,11,12,13,15,16,17,18,20,21,22,23
K0,0.9786492586135864,0.04152879863977432,0.2012956142425537,0,-0.007899277843534946,0.9862509965896606,-0.1650666445493698,0,-0.20538294315338135,0.15995223820209503,0.9655216336250305,0,0.0022161779925227165,0.2537960112094879,-0.0019535315223038197,1,0.9994109869003296,-0.013531199656426907,0.03153602033853531,0,0.01875479891896248,0.9849639534950256,-0.17174039781093597,0,-0.028737975284457207,0.17223060131072998,0.9846370816230774,0,0,0.03688599914312363,-0.00039000000106170774,1,0.9986590147018433,0.0034713316708803177,0.05165321007370949,0,0.011970331892371178,0.9552279114723206,-0.2956291139125824,0,-0.05036679655313492,0.29585087299346924,0.9539050459861755,0,0,0.043035998940467834,0,1,0.9987059831619263,0.004404825158417225,0.05066169053316116,0,0.010792827233672142,0.9551860094070435,-0.29581108689308167,0,-0.049694307148456573,0.2959749400615692,0.953902006149292,0,0,0.04918399825692177,0,1,0.9994059801101685,0.030757898464798927,-0.015551596879959106,0,-0.029012104496359825,0.9943429827690125,0.1021779328584671,0,0.018606407567858696,-0.10166609287261963,0.9946450591087341,0,0,0.055332001298666,0,1,0.9977009892463684,-0.017683804035186768,-0.06542108207941055,0,0.050273194909095764,0.8404829502105713,0.5395001173019409,0,0.04544490575790405,-0.5415489077568054,0.8394399881362915,0,0,0.03725099936127663,-0.006796000059694052,1,0.0410769060254097,0.012309839949011803,0.9990800619125366,0,-0.9836240410804749,-0.17512395977973938,0.04259920120239258,0,0.1754871904850006,-0.9844689965248108,0.0049146669916808605,0,-0.034717999398708344,0.048197999596595764,-0.00013800000306218863,1,-0.8051999807357788,-0.5181843042373657,-0.2883356511592865,0,-0.55986487865448,0.5040245056152344,0.6576557755470276,0,-0.19545863568782806,0.6909734010696411,-0.6959537863731384,0,0,0.07304099947214127,0,1,0.39602217078208923,-0.9182148575782776,-0.006906819064170122,0,0.9182249903678894,0.3959599435329437,0.008851567283272743,0,-0.005392818711698055,-0.009847432374954224,0.9999369978904724,0,0,0.10576599836349487,0,1,-0.09670834243297577,-0.0309244766831398,-0.9948320388793945,0,0.9802230596542358,-0.17634707689285278,-0.08980640023946762,0,-0.17265845835208893,-0.983842134475708,0.04736708849668503,0,0.034717999398708344,0.04819599911570549,-0.000012999999853491317,1,-0.7386490106582642,0.4227789342403412,0.5250288844108582,0,0.6689550876617432,0.3637869358062744,0.6481959223747253,0,0.08304495364427567,0.8300100564956665,-0.5515308976173401,0,0,0.07304099947214127,0,1,0.10815098136663437,0.9941339492797852,0.00017179027781821787,0,-0.9941340684890747,0.10815085470676422,0.0007266313768923283,0,0.0007037902832962573,-0.00024936869158409536,0.9999999403953552,0,0,0.10576099902391434,0,1,-0.9115139842033386,0.23152188956737518,0.33991190791130066,0,-0.40860211849212646,-0.6037819981575012,-0.6844649910926819,0,0.0467640645802021,-0.7627880573272705,0.6449559926986694,0,-0.06624100357294083,-0.0212009996175766,-0.002002999885007739,1,0.9985899925231934,-0.02014417015016079,-0.04911698028445244,0,0.0521608330309391,0.5444082021713257,0.8371979594230652,0,0.009875020012259483,-0.838578999042511,0.5446909070014954,0,0,0.13943900167942047,0,1,-0.9705920219421387,-0.17351143062114716,0.1668669581413269,0,-0.10983243584632874,-0.2976401150226593,-0.9483389854431152,0,0.2142140418291092,-0.9387780427932739,0.26982995867729187,0,0,0.1111380010843277,0,1,0.9945470094680786,-0.10424584150314331,-0.0029051462188363075,0,0.10427915304899216,0.9944199323654175,0.015963049605488777,0,0.0012248537968844175,-0.016178948804736137,0.9998679757118225,0,0,0.007980000227689743,0,1,-0.893951952457428,-0.20972606539726257,-0.3960607647895813,0,0.3980468809604645,-0.7776458263397217,-0.4866481125354767,0,-0.20593224465847015,-0.5926908254623413,0.7786590456962585,0,0.06624100357294083,-0.0212009996175766,-0.001699000014923513,1,0.9985730051994324,0.03825133293867111,-0.03726900741457939,0,0.011660333722829819,0.5248550772666931,0.8511120080947876,0,0.052116990089416504,-0.8503319621086121,0.5236600041389465,0,0,0.13945400714874268,0,1,-0.9678798317909241,0.1970698982477188,-0.156112402677536,0,0.04348788782954216,-0.4803520143032074,-0.8759969472885132,0,-0.2476215958595276,-0.854649007320404,0.456353098154068,0,0,0.11119399964809418,0,1,0.9987300038337708,0.05038207769393921,0,0,-0.05038192495703697,0.998727023601532,0.0022679369430989027,0,0.00011413176252972335,-0.0022650633472949266,0.9999970197677612,0,0,0.010448000393807888,0,1
K0.033,0.9795404076576233,0.0384211502969265,0.19754303991794586,0,-0.0042376830242574215,0.9853259921073914,-0.17062793672084808,0,-0.2012001872062683,0.1662999987602234,0.965330183506012,0,0.002587589668110013,0.2540769875049591,-0.0023201212752610445,1,0.9993559718132019,-0.014224863611161709,0.032951027154922485,0,0.019641147926449776,0.985181987285614,-0.17038680613040924,0,-0.030039001256227493,0.1709241271018982,0.9848259687423706,0,0,0.03688599914312363,-0.00039000000106170774,1,0.9984999895095825,0.002513045910745859,0.05468999594449997,0,0.013645071536302567,0.9559990763664246,-0.2930530905723572,0,-0.05302006006240845,0.2933598756790161,0.9545310735702515,0,0,0.043035998940467834,0,1,0.9985489845275879,0.003507789922878146,0.05372992902994156,0,0.01242081355303526,0.955955982208252,-0.29324591159820557,0,-0.052392128854990005,0.2934879958629608,0.9545260071754456,0,0,0.04918399825692177,0,1,0.9989619851112366,0.03185192123055458,-0.032563965767621994,0,-0.028360091149806976,0.9943209886550903,0.1025790125131607,0,0.035646360367536545,-0.10154898464679718,0.9941919445991516,0,0,0.055332001298666,0,1,0.9894489049911499,0.044928520917892456,-0.13774359226226807,0,0.035780757665634155,0.8454850316047668,0.5327988266944885,0,0.1403980404138565,-0.5321058630943298,0.8349568247795105,0,0,0.03725099936127663,-0.006796000059694052,1,0.039890386164188385,0.012328464537858963,0.999127984046936,0,-0.9839719533920288,-0.17344601452350616,0.04142545163631439,0,0.17380544543266296,-0.9847660660743713,0.005212056450545788,0,-0.034717999398708344,0.048197999596595764,-0.00013800000306218863,1,-0.8044999241828918,-0.5189160704612732,-0.2889740467071533,0,-0.5601049661636353,0.5009141564369202,0.6598239541053772,0,-0.19764205813407898,0.6926841139793396,-0.6936329007148743,0,0,0.07304099947214127,0,1,0.4002969563007355,-0.9163600206375122,-0.006865395233035088,0,0.9163699150085449,0.4002350866794586,0.008832958526909351,0,-0.0053463950753211975,-0.009827041067183018,0.9999369978904724,0,0,0.10576599836349487,0,1,-0.09736432880163193,-0.0318656824529171,-0.9947389960289001,0,0.9797400832176208,-0.17882776260375977,-0.09016765654087067,0,-0.17501358687877655,-0.9833640456199646,0.048631519079208374,0,0.034717999398708344,0.04819599911570549,-0.000012999999853491317,1,-0.7355800271034241,0.4210060238838196,0.5307319760322571,0,0.6718729734420776,0.3531718850135803,0.6510420441627502,0,0.08665300905704498,0.8354781866073608,-0.5426488518714905,0,0,0.07304099947214127,0,1,0.10879601538181305,0.9940639734268188,0.00017100453260354698,0,-0.9940639734268188,0.1087958961725235,0.0007269239868037403,0,0.0007040045456960797,-0.0002490759361535311,0.9999999403953552,0,0,0.10576099902391434,0,1,-0.9155411720275879,0.22934091091156006,0.3304347097873688,0,-0.40002208948135376,-0.6050169467926025,-0.6884310841560364,0,0.04203318431973457,-0.7624678611755371,0.6456590890884399,0,-0.06624100357294083,-0.0212009996175766,-0.002002999885007739,1,0.9984690546989441,-0.030060861259698868,-0.04643069952726364,0,0.05530925095081329,0.5515980124473572,0.8322740197181702,0,0.000592204334679991,-0.8335678577423096,0.5524161458015442,0,0,0.13943900167942047,0,1,-0.969227135181427,-0.18040300905704498,0.16749364137649536,0,-0.10940194875001907,-0.2938511073589325,-0.9495700597763062,0,0.2205234169960022,-0.9386729598045349,0.2650718688964844,0,0,0.1111380010843277,0,1,0.994473934173584,-0.10498321056365967,-0.0003100410685874522,0,0.10498278588056564,0.9944490194320679,0.007090311031788588,0,-0.000436043570516631,-0.0070836786180734634,0.9999750256538391,0,0,0.007980000227689743,0,1,-0.8892928957939148,-0.2119903564453125,-0.4052392840385437,0,0.40574976801872253,-0.7745451927185059,-0.485230028629303,0,-0.21101193130016327,-0.5959370732307434,0.7748121023178101,0,0.06624100357294083,-0.0212009996175766,-0.001699000014923513,1,0.9986139535903931,0.0308228712528944,-0.04266795888543129,0,0.020169056951999664,0.5246760249137878,0.8510630130767822,0,0.04861905425786972,-0.8507439494132996,0.5233270525932312,0,0,0.13945400714874268,0,1,-0.9692120552062988,0.19099807739257812,-0.1553938388824463,0,0.04521116614341736,-0.4823252558708191,-0.8748249411582947,0,-0.24204014241695404,-0.854915976524353,0.45883992314338684,0,0,0.11119399964809418,0,1,0.9987300038337708,0.05038207769393921,0,0,-0.05038192495703697,0.998727023601532,0.0022679369430989027,0,0.00011413176252972335,-0.0022650633472949266,0.9999970197677612,0,0,0.010448000393807888,0,1
K0.067,0.9801896214485168,0.036605026572942734,0.19464920461177826,0,-0.0017475616186857224,0.9843330383300781,-0.17630994319915771,0,-0.19805340468883514,0.17247700691223145,0.9648966789245605,0,0.0029089574236422777,0.2543089985847473,-0.0026557566598057747,1,0.9993009567260742,-0.01475599780678749,0.03434888646006584,0,0.02036099135875702,0.9854000210762024,-0.16903595626354218,0,-0.03135307878255844,0.16961704194545746,0.9850109219551086,0,0,0.03688599914312363,-0.00039000000106170774,1,0.9983360171318054,0.0015587618108838797,0.05764586105942726,0,0.015278734266757965,0.9567610025405884,-0.2904748320579529,0,-0.05560608208179474,0.29087215662002563,0.9551449418067932,0,0,0.043035998940467834,0,1,0.9983869791030884,0.0026129919569939375,0.05672324821352959,0,0.014010966755449772,0.9567180275917053,-0.29067909717559814,0,-0.055027686059474945,0.2910049259662628,0.955138087272644,0,0,0.04918399825692177,0,1,0.99822598695755,0.03336714953184128,-0.04931240156292915,0,-0.02816583774983883,0.9943190217018127,0.10264601558446884,0,0.05245726928114891,-0.10107500106096268,0.993494987487793,0,0,0.055332001298666,0,1,0.9722992181777954,0.10568296164274216,-0.20848330855369568,0,0.02095671184360981,0.848939836025238,0.5280742645263672,0,0.23279808461666107,-0.5178149938583374,0.8232082724571228,0,0,0.03725099936127663,-0.006796000059694052,1,0.038888126611709595,0.012344018556177616,0.9991670250892639,0,-0.9842709898948669,-0.1719740778207779,0.04043300822377205,0,0.17232999205589294,-0.9850239753723145,0.005462085362523794,0,-0.034717999398708344,0.048197999596595764,-0.00013800000306218863,1,-0.8033508062362671,-0.5199382901191711,-0.29033103585243225,0,-0.561356782913208,0.49846020340919495,0.660618007183075,0,-0.19876201450824738,0.6936870217323303,-0.6923090219497681,0,0,0.07304099947214127,0,1,0.4041430950164795,-0.914669930934906,-0.00682836351916194,0,0.9146801233291626,0.4040817618370056,0.008816925808787346,0,-0.005305364262312651,-0.009809075854718685,0.9999380707740784,0,0,0.10576599836349487,0,1,-0.09809146821498871,-0.03278637304902077,-0.9946370124816895,0,0.9792569875717163,-0.18123790621757507,-0.09060046821832657,0,-0.17729552090168,-0.9828928709030151,0.049884144216775894,0,0.034717999398708344,0.04819599911570549,-0.000012999999853491317,1,-0.7329959273338318,0.4191693663597107,0.5357367992401123,0,0.6741677522659302,0.3427152931690216,0.6542511582374573,0,0.09063681960105896,0.8407398462295532,-0.5337993502616882,0,0,0.07304099947214127,0,1,0.10941598564386368,0.9939960837364197,0.00017023010877892375,0,-0.9939960837364197,0.10941586643457413,0.0007272221846506,0,0.0007042301003821194,-0.0002487777965143323,0.9999999403953552,0,0,0.10576099902391434,0,1,-0.9185689687728882,0.22830899059772491,0.32265505194664,0,-0.3935130536556244,-0.6049200296401978,-0.6922569274902344,0,0.03713202849030495,-0.7628540396690369,0.6455028653144836,0,-0.06624100357294083,-0.0212009996175766,-0.002002999885007739,1,0.998280942440033,-0.03839518129825592,-0.04428492859005928,0,0.0581757016479969,0.557083010673523,0.8284170031547546,0,-0.007136836647987366,-0.8295690417289734,0.558358907699585,0,0,0.13943900167942047,0,1,-0.967971920967102,-0.18654583394527435,0.1680224984884262,0,-0.10888791084289551,-0.29108887910842896,-0.9504790306091309,0,0.22621746361255646,-0.9383329749107361,0.2614533603191376,0,0,0.1111380010843277,0,1,0.9944700598716736,-0.10502514243125916,-0.00015917768178042024,0,0.10502386093139648,0.9944479465484619,0.0065743266604840755,0,-0.0005321752396412194,-0.0065546827390789986,0.9999780058860779,0,0,0.007980000227689743,0,1,-0.8850380778312683,-0.21361973881721497,-0.41361215710639954,0,0.4124552011489868,-0.7717998027801514,-0.483948290348053,0,-0.21584470570087433,-0.5989087820053101,0.771180272102356,0,0.06624100357294083,-0.0212009996175766,-0.001699000014923513,1,0.9985790252685547,0.022024860605597496,-0.04852309077978134,0,0.02974567748606205,0.5251237154006958,0.8505061268806458,0,0.04421290010213852,-0.8507407903671265,0.5237222909927368,0,0,0.13945400714874268,0,1,-0.9707151055335999,0.18408310413360596,-0.15435868501663208,0,0.047287989407777786,-0.48354601860046387,-0.8740409016609192,0,-0.2355354130268097,-0.8557429313659668,0.46067991852760315,0,0,0.11119399964809418,0,1,0.9987300038337708,0.05038207769393921,0,0,-0.05038192495703697,0.998727023601532,0.0022679369430989027,0,0.00011413176252972335,-0.0022650633472949266,0.9999970197677612,0,0,0.010448000393807888,0,1
K0.100,0.9799814820289612,0.03634529560804367,0.19574183225631714,0,-0.0003079474554397166,0.9834699630737305,-0.18106870353221893,0,-0.1990872472524643,0.17738375067710876,0.9637937545776367,0,0.0030323206447064877,0.25446298718452454,-0.002978622680529952,1,0.9992510080337524,-0.015034029260277748,0.03564883768558502,0,0.02081296779215336,0.9856120347976685,-0.16773782670497894,0,-0.03261416032910347,0.16835419833660126,0.9851869940757751,0,0,0.03688599914312363,-0.00039000000106170774,1,0.9981740117073059,0.0006232496816664934,0.06040012463927269,0,0.016828250139951706,0.9574869275093079,-0.28798407316207886,0,-0.05801187455654144,0.2884749174118042,0.955729067325592,0,0,0.043035998940467834,0,1,0.9982260465621948,0.0017340597696602345,0.059521108865737915,0,0.015521060675382614,0.9574450850486755,-0.2881968319416046,0,-0.05748789757490158,0.28860917687416077,0.9557189345359802,0,0,0.04918399825692177,0,1,0.9972240328788757,0.03576595336198807,-0.06531091779470444,0,-0.029006050899624825,0.9943959712982178,0.1016673743724823,0,0.06858108192682266,-0.09949064254760742,0.9926720261573792,0,0,0.055332001298666,0,1,0.9477409720420837,0.16221210360527039,-0.27472591400146484,0,0.0065290918573737144,0.8510577082633972,0.5250314474105835,0,0.3189740777015686,-0.49938756227493286,0.8055232167243958,0,0,0.03725099936127663,-0.006796000059694052,1,0.03807320073246956,0.01235989760607481,0.9991989731788635,0,-0.9845109581947327,-0.1707840859889984,0.03962608054280281,0,0.17113704979419708,-0.9852309226989746,0.005666177254170179,0,-0.034717999398708344,0.048197999596595764,-0.00013800000306218863,1,-0.8017975091934204,-0.5213194489479065,-0.2921410799026489,0,-0.5634695291519165,0.49667924642562866,0.6601603031158447,0,-0.19905409216880798,0.6939278244972229,-0.6919841170310974,0,0,0.07304099947214127,0,1,0.4074830710887909,-0.9131879210472107,-0.006796247325837612,0,0.9131978750228882,0.4074220061302185,0.008803436532616615,0,-0.005270247347652912,-0.009793560951948166,0.9999380111694336,0,0,0.10576599836349487,0,1,-0.0988469198346138,-0.03364685922861099,-0.9945339560508728,0,0.9787978529930115,-0.18346810340881348,-0.09107587486505508,0,-0.17940081655979156,-0.982450008392334,0.051068760454654694,0,0.034717999398708344,0.04819599911570549,-0.000012999999853491317,1,-0.730910062789917,0.41739168763160706,0.5399584174156189,0,0.6758682727813721,0.33287563920021057,0.6575679779052734,0,0.09472440183162689,0.8455639481544495,-0.525404155254364,0,0,0.07304099947214127,0,1,0.10992101579904556,0.9939400553703308,0.00017000676598399878,0,-0.9939400553703308,0.10992088913917542,0.0007270998321473598,0,0.0007040067575871944,-0.0002489002363290638,0.9999999403953552,0,0,0.10576099902391434,0,1,-0.9185431599617004,0.2277517169713974,0.323121041059494,0,-0.39357632398605347,-0.6035499572753906,-0.6934159994125366,0,0.037092968821525574,-0.7641050219535828,0.6440240144729614,0,-0.06624100357294083,-0.0212009996175766,-0.002002999885007739,1,0.9982910752296448,-0.03927387297153473,-0.043275266885757446,0,0.05784712731838226,0.5589159727096558,0.8272039294242859,0,-0.008300268091261387,-0.8282939791679382,0.5602328777313232,0,0,0.13943900167942047,0,1,-0.9677430391311646,-0.18767911195755005,0.1680792272090912,0,-0.10854312032461166,-0.2914620339870453,-0.9504039883613586,0,0.22735978662967682,-0.9379911422729492,0.26168909668922424,0,0,0.1111380010843277,0,1,0.9944660663604736,-0.10505787283182144,-0.000042581861634971574,0,0.10505612194538116,0.9944469928741455,0.0061768535524606705,0,-0.0006065818597562611,-0.006147146690636873,0.9999810457229614,0,0,0.007980000227689743,0,1,-0.8842769265174866,-0.2132318913936615,-0.4154339134693146,0,0.41389209032058716,-0.7698248028755188,-0.4858630895614624,0,-0.21621005237102509,-0.6015828847885132,0.768994152545929,0,0.06624100357294083,-0.0212009996175766,-0.001699000014923513,1,0.9985529780387878,0.017951631918549538,-0.050694771111011505,0,0.033643629401922226,0.5268880128860474,0.8492680191993713,0,0.041956230998039246,-0.8497450947761536,0.5255218744277954,0,0,0.13945400714874268,0,1,-0.9713509678840637,0.18118712306022644,-0.15377825498580933,0,0.04830511659383774,-0.48304426670074463,-0.8742628693580627,0,-0.23268678784370422,-0.8566440343856812,0.4604530334472656,0,0,0.11119399964809418,0,1,0.9987300038337708,0.05038207769393921,0,0,-0.05038192495703697,0.998727023601532,0.0022679369430989027,0,0.00011413176252972335,-0.0022650633472949266,0.9999970197677612,0,0,0.010448000393807888,0,1
K0.133,0.9782732129096985,0.036603156477212906,0.20406517386436462,0,0.0014293130952864885,0.9830770492553711,-0.18318644165992737,0,-0.20731696486473083,0.17949806153774261,0.9616654515266418,0,0.0027627325616776943,0.25456199049949646,-0.0033549282234162092,1,0.9992110133171082,-0.015089163556694984,0.036744777113199234,0,0.021009836345911026,0.9858170747756958,-0.1665026992559433,0,-0.033711232244968414,0.16714327037334442,0.9853559136390686,0,0,0.03688599914312363,-0.00039000000106170774,1,0.9980229139328003,-0.000308215239783749,0.06284327805042267,0,0.01827980764210224,0.9581730365753174,-0.2856048047542572,0,-0.06012675538659096,0.28618913888931274,0.9562849998474121,0,0,0.043035998940467834,0,1,0.998075008392334,0.000853728677611798,0.06201419234275818,0,0.01693975180387497,0.9581320881843567,-0.2858237326145172,0,-0.05966184660792351,0.28632423281669617,0.9562739729881287,0,0,0.04918399825692177,0,1,0.9959999918937683,0.040018923580646515,-0.07989240437746048,0,-0.032051198184490204,0.9946069717407227,0.09863398969173431,0,0.08340884000062943,-0.09567888081073761,0.9919120073318481,0,0,0.055332001298666,0,1,0.9188196659088135,0.21186351776123047,-0.33299264311790466,0,-0.007485059089958668,0.8529108166694641,0.5220032930374146,0,0.39460650086402893,-0.47713446617126465,0.78525710105896,0,0,0.03725099936127663,-0.006796000059694052,1,0.037432558834552765,0.012377371080219746,0.9992219805717468,0,-0.9846919775009155,-0.16988295316696167,0.03899259492754936,0,0.17023368179798126,-0.9853870868682861,0.005828733555972576,0,-0.034717999398708344,0.048197999596595764,-0.00013800000306218863,1,-0.7999639511108398,-0.5230430960655212,-0.294081449508667,0,-0.5661270022392273,0.49543631076812744,0.658819854259491,0,-0.1988924741744995,0.6935193538665771,-0.6924397349357605,0,0,0.07304099947214127,0,1,0.4102358818054199,-0.9119540452957153,-0.006769929081201553,0,0.9119639992713928,0.410175085067749,0.008790776133537292,0,-0.0052399286068975925,-0.009780225344002247,0.9999380111694336,0,0,0.10576599836349487,0,1,-0.09959077835083008,-0.03442639112472534,-0.9944330453872681,0,0.9783740043640137,-0.1854761242866516,-0.0915614441037178,0,-0.1812913715839386,-0.9820459485054016,0.052153538912534714,0,0.034717999398708344,0.04819599911570549,-0.000012999999853491317,1,-0.7292782068252563,0.4157106280326843,0.5434499979019165,0,0.6770722270011902,0.3239748477935791,0.6607677340507507,0,0.09862402081489563,0.849838137626648,-0.5177336931228638,0,0,0.07304099947214127,0,1,0.11020901799201965,0.9939079880714417,0.00016893174324650317,0,-0.9939079880714417,0.1102088913321495,0.0007269776542671025,0,0.000703931727912277,-0.00024802229017950594,0.9999999403953552,0,0,0.10576099902391434,0,1,-0.9157138466835022,0.22793300449848175,0.3309292197227478,0,-0.39956000447273254,-0.603915810585022,-0.6896650195121765,0,0.042655982077121735,-0.7637618780136108,0.6440871357917786,0,-0.06624100357294083,-0.0212009996175766,-0.002002999885007739,1,0.9985529780387878,-0.03537393733859062,-0.04049487039446831,0,0.053335968405008316,0.5561949610710144,0.8293391466140747,0,-0.006813943386077881,-0.8302989602088928,0.5572769641876221,0,0,0.13943900167942047,0,1,-0.9684250354766846,-0.18433791399002075,0.16784833371639252,0,-0.1079249158501625,-0.2969244420528412,-0.9487828612327576,0,0.22473467886447906,-0.9369390606880188,0.26765406131744385,0,0,0.1111380010843277,0,1,0.9944679737091064,-0.10504375398159027,-0.00009262531966669485,0,0.1050422415137291,0.9944480061531067,0.006347200367599726,0,-0.0005746223032474518,-0.006321812979876995,0.9999799728393555,0,0,0.007980000227689743,0,1,-0.8866543173789978,-0.21167907118797302,-0.41114163398742676,0,0.41115784645080566,-0.7677772045135498,-0.49139392375946045,0,-0.21164721250534058,-0.6047401428222656,0.7677858471870422,0,0.06624100357294083,-0.0212009996175766,-0.001699000014923513,1,0.9987380504608154,0.01831802725791931,-0.046770814806222916,0,0.02997191622853279,0.5298759341239929,0.8475450277328491,0,0.04030806943774223,-0.8478769659996033,0.5286580324172974,0,0,0.13945400714874268,0,1,-0.9711138606071472,0.18250124156475067,-0.15372423827648163,0,0.04851819574832916,-0.4797514081001282,-0.8760616779327393,0,-0.23363180458545685,-0.8582141995429993,0.4570387005805969,0,0,0.11119399964809418,0,1,0.9987300038337708,0.05038207769393921,0,0,-0.05038192495703697,0.998727023601532,0.0022679369430989027,0,0.00011413176252972335,-0.0022650633472949266,0.9999970197677612,0,0,0.010448000393807888,0,1
K0.167,0.9751598834991455,0.03586006537079811,0.21857888996601105,0,0.004614722449332476,0.983305037021637,-0.1819089949131012,0,-0.22145292162895203,0.1783990114927292,0.9587138891220093,0,0.0020552866626530886,0.2546350061893463,-0.003839707002043724,1,0.9991850256919861,-0.01502123661339283,0.03747088834643364,0,0.021023765206336975,0.9860119819641113,-0.16534201800823212,0,-0.03446309641003609,0.16599500179290771,0.9855239987373352,0,0,0.03688599914312363,-0.00039000000106170774,1,0.9979050159454346,-0.0012709394795820117,0.064683698117733,0,0.01958903856575489,0.9588109850883484,-0.2833698093891144,0,-0.061659280210733414,0.28404319286346436,0.9568269848823547,0,0,0.043035998940467834,0,1,0.9979559779167175,-0.00007115276821423322,0.06390288472175598,0,0.018227824941277504,0.9587720036506653,-0.2835920453071594,0,-0.06124807894229889,0.2841770052909851,0.9568129181861877,0,0,0.04918399825692177,0,1,0.9946130514144897,0.046724990010261536,-0.09253159165382385,0,-0.038040891289711,0.9948940277099609,0.09348640590906143,0,0.09642717242240906,-0.08946271985769272,0.9913110136985779,0,0,0.055332001298666,0,1,0.8891194462776184,0.253240168094635,-0.38123050332069397,0,-0.021923299878835678,0.8555798530578613,0.5172061920166016,0,0.4571503698825836,-0.4515001177787781,0.7662643194198608,0,0,0.03725099936127663,-0.006796000059694052,1,0.03708820417523384,0.012400109320878983,0.9992349147796631,0,-0.9847661256790161,-0.16953234374523163,0.03865499421954155,0,0.16988207399845123,-0.9854469299316406,0.00592357013374567,0,-0.034717999398708344,0.048197999596595764,-0.00013800000306218863,1,-0.7977920770645142,-0.5252838134765625,-0.2959822118282318,0,-0.5693652033805847,0.49483686685562134,0.6564760208129883,0,-0.1983732283115387,0.6922529339790344,-0.6938549280166626,0,0,0.07304099947214127,0,1,0.41188186407089233,-0.9112120866775513,-0.0067542060278356075,0,0.9112219214439392,0.411821186542511,0.008783604018390179,0,-0.00522220553830266,-0.00977239664644003,0.99993896484375,0,0,0.10576599836349487,0,1,-0.10028083622455597,-0.035066742449998856,-0.9943409562110901,0,0.9780212044715881,-0.18709224462509155,-0.09203692525625229,0,-0.18280602991580963,-0.981715977191925,0.05305778980255127,0,0.034717999398708344,0.04819599911570549,-0.000012999999853491317,1,-0.728388249874115,0.4141402244567871,0.5458377003669739,0,0.6775419116020203,0.31686294078826904,0.6637281775474548,0,0.10192066431045532,0.8532789349555969,-0.5113962292671204,0,0,0.07304099947214127,0,1,0.11001311242580414,0.993929922580719,0.00016996597696561366,0,-0.9939299821853638,0.11001300066709518,0.0007270775968208909,0,0.000703966012224555,-0.0002489224134478718,0.9999999403953552,0,0,0.10576099902391434,0,1,-0.9120790362358093,0.22840778529644012,0.34050312638282776,0,-0.40676313638687134,-0.6084522008895874,-0.6814178228378296,0,0.05153868719935417,-0.760010302066803,0.6478636264801025,0,-0.06624100357294083,-0.0212009996175766,-0.002002999885007739,1,0.9988860487937927,-0.032188210636377335,-0.03451929986476898,0,0.04654288664460182,0.5503199100494385,0.8336560726165771,0,-0.00783722847700119,-0.8343328833580017,0.5512042045593262,0,0,0.13943900167942047,0,1,-0.9693669676780701,-0.17954742908477783,0.1675996482372284,0,-0.10670240223407745,-0.30676740407943726,-0.9457840919494629,0,0.22122737765312195,-0.934695839881897,0.2782122790813446,0,0,0.1111380010843277,0,1,0.9944729208946228,-0.10499279946088791,-0.00027525739278644323,0,0.10499219596385956,0.9944489598274231,0.006971810478717089,0,-0.000458260445157066,-0.006962176878005266,0.9999760389328003,0,0,0.007980000227689743,0,1,-0.8899300694465637,-0.21135807037353516,-0.40416792035102844,0,0.4080030024051666,-0.764985978603363,-0.49832794070243835,0,-0.20385722815990448,-0.6083789467811584,0.7670189738273621,0,0.06624100357294083,-0.0212009996175766,-0.001699000014923513,1,0.9990559816360474,0.02049446851015091,-0.038315124809741974,0,0.021496575325727463,0.5331949591636658,0.8457189202308655,0,0.037761982530355453,-0.8457440137863159,0.5322509407997131,0,0,0.13945400714874268,0,1,-0.9703409075737,0.18635298311710358,-0.15398505330085754,0,0.048462025821208954,-0.4740970730781555,-0.8791379332542419,0,-0.23683388531208038,-0.8605260848999023,0.45100492238998413,0,0,0.11119399964809418,0,1,0.9987300038337708,0.05038207769393921,0,0,-0.05038192495703697,0.998727023601532,0.0022679369430989027,0,0.00011413176252972335,-0.0022650633472949266,0.9999970197677612,0,0,0.010448000393807888,0,1
K0.200,0.9717903733253479,0.033774055540561676,0.23341500759124756,0,0.008648822084069252,0.9839240312576294,-0.17837731540203094,0,-0.23568718135356903,0.175364151597023,0.955875813961029,0,0.0010639233514666557,0.2546679973602295,-0.0044178166426718235,1,0.999180018901825,-0.014843087643384933,0.037676259875297546,0,0.02084791101515293,0.9861779808998108,-0.16437113285064697,0,-0.03471573069691658,0.1650218665599823,0.9856789708137512,0,0,0.03688599914312363,-0.00039000000106170774,1,0.9978510737419128,-0.002250019460916519,0.06548161059617996,0,0.02063697762787342,0.9593350291252136,-0.28151577711105347,0,-0.0621853843331337,0.2822621464729309,0.9573198556900024,0,0,0.043035998940467834,0,1,0.9979010224342346,-0.001035683206282556,0.06474602967500687,0,0.01927531696856022,0.9592981338500977,-0.2817366421222687,0,-0.06181897595524788,0.2823933959007263,0.9573048949241638,0,0,0.04918399825692177,0,1,0.9931440353393555,0.05499773845076561,-0.10315069556236267,0,-0.04597926512360573,0.9950709939002991,0.08785805851221085,0,0.10747431218624115,-0.08251295238733292,0.9907780289649963,0,0,0.055332001298666,0,1,0.8608390092849731,0.2874581217765808,-0.4199109673500061,0,-0.03718386963009834,0.8584960103034973,0.5114710330963135,0,0.5075179934501648,-0.4246799647808075,0.7497150301933289,0,0,0.03725099936127663,-0.006796000059694052,1,0.03733863681554794,0.012426507659256458,0.9992250800132751,0,-0.9846389293670654,-0.17021386325359344,0.03891043737530708,0,0.17056545615196228,-0.9853289723396301,0.0058800168335437775,0,-0.034717999398708344,0.048197999596595764,-0.00013800000306218863,1,-0.7947008609771729,-0.5287449359893799,-0.2981250584125519,0,-0.5742789506912231,0.4958497881889343,0.6514111161231995,0,-0.19660505652427673,0.6888837814331055,-0.6976991295814514,0,0,0.07304099947214127,0,1,0.41155996918678284,-0.911357045173645,-0.006756989285349846,0,0.9113681316375732,0.41149985790252686,0.008785239420831203,0,-0.00522598996758461,-0.009773761965334415,0.9999390840530396,0,0,0.10576599836349487,0,1,-0.10089705139398575,-0.03543519973754883,-0.9942659139633179,0,0.9778119325637817,-0.1879386603832245,-0.0925293043255806,0,-0.18358221650123596,-0.981540858745575,0.05361146479845047,0,0.034717999398708344,0.04819599911570549,-0.000012999999853491317,1,-0.7290859818458557,0.41300395131111145,0.5457669496536255,0,0.6764170527458191,0.3132060170173645,0.6666049361228943,0,0.10437291860580444,0.8551780581474304,-0.5077168345451355,0,0,0.07304099947214127,0,1,0.10901011526584625,0.9940410256385803,0.00017091001791413873,0,-0.9940400719642639,0.10900989174842834,0.0007268722401931882,0,0.0007039100164547563,-0.0002491279155947268,0.9999999403953552,0,0,0.10576099902391434,0,1,-0.9099549055099487,0.22791717946529388,0.3464607298374176,0,-0.41032880544662476,-0.6158860325813293,-0.672542929649353,0,0.06009625270962715,-0.754146933555603,0.6539499163627625,0,-0.06624100357294083,-0.0212009996175766,-0.002002999885007739,1,0.999085009098053,-0.03256016969680786,-0.027720604091882706,0,0.040974825620651245,0.5434790253639221,0.8384220004081726,0,-0.01223360002040863,-0.8387909531593323,0.5443160533905029,0,0,0.13943900167942047,0,1,-0.9700981974601746,-0.1757449209690094,0.16740067303180695,0,-0.10499491542577744,-0.3179680407047272,-0.942270040512085,0,0.21882732212543488,-0.9316710233688354,0.29000788927078247,0,0,0.1111380010843277,0,1,0.9944990873336792,-0.10473974794149399,-0.0011772419093176723,0,0.1047462597489357,0.9944480061531067,0.010052993893623352,0,0.00011775793245760724,-0.01012100838124752,0.999949038028717,0,0,0.007980000227689743,0,1,-0.8923590183258057,-0.21325214207172394,-0.397767037153244,0,0.40667983889579773,-0.7621269822120667,-0.5037602186203003,0,-0.19572101533412933,-0.6112987995147705,0.7668161988258362,0,0.06624100357294083,-0.0212009996175766,-0.001699000014923513,1,0.99931401014328,0.023666001856327057,-0.028482917696237564,0,0.011364001780748367,0.5360583662986755,0.8441047072410583,0,0.03524508327245712,-0.8438491821289062,0.53542160987854,0,0,0.13945400714874268,0,1,-0.9691109657287598,0.1921980082988739,-0.15454508364200592,0,0.04785702005028725,-0.4681752622127533,-0.88233882188797,0,-0.24193790555000305,-0.8624801635742188,0.44451576471328735,0,0,0.11119399964809418,0,1,0.9987300038337708,0.05038207769393921,0,0,-0.05038192495703697,0.998727023601532,0.0022684368304908276,0,0.00011414436448831111,-0.0022655632346868515,0.9999970197677612,0,0,0.010448000393807888,0,1
