4.033,30,121,33
B0,mixamorig_Hips,-1,0.9982789754867554,-0.016373347491025925,0.056315843015909195,0,0.013574643060564995,0.9986710548400879,0.04972502589225769,0,-0.05705513060092926,-0.048874951899051666,0.9971739649772644,0,0.010127999819815159,1.8988829851150513,-0.007164000067859888,1
B1,mixamorig_Spine,0,0.9998029470443726,0.017332445830106735,0.009686777368187904,0,-0.018161574378609657,0.9954700469970703,0.0933297723531723,0,-0.008025256916880608,-0.09348724037408829,0.995587944984436,0,0,0.25036901235580444,0.0018439999548718333,1
B2,mixamorig_Spine1,1,0.9999270439147949,0.007931866683065891,0.009125799871981144,0,-0.008319142274558544,0.9990310072898865,0.043213117867708206,0,-0.008774195797741413,-0.043285876512527466,0.999023973941803,0,0,0.2921049892902374,0,1
B3,mixamorig_Spine2,2,0.9999250173568726,0.008758715353906155,0.00852003414183855,0,-0.009119280613958836,0.9990230202674866,0.04324376955628395,0,-0.008132950402796268,-0.04331822693347931,0.9990280270576477,0,0,0.33383500576019287,0,1
B4,mixamorig_Neck,3,0.9919999837875366,-0.10682015120983124,-0.06727679073810577,0,0.12111692130565643,0.9556109309196472,0.26858416199684143,0,0.03560024872422218,-0.2745839059352875,0.9609040021896362,0,0,0.37556400895118713,0,1
B5,mixamorig_Head,4,0.995307981967926,-0.06776107102632523,-0.06906866282224655,0,0.09490013122558594,0.8228518962860107,0.560276210308075,0,0.018868351355195045,-0.5642017126083374,0.825421154499054,0,0,0.331481009721756,0.043396998196840286,1
B6,mixamorig_HeadTop_End,5,1,0,0,0,0,1,0,0,0,0,1,0,0,1.4954619407653809,0.19578300416469574,1
B7,mixamorig_LeftShoulder,3,0.1488281637430191,0.03720078989863396,-0.9881629347801208,0,0.9772329926490784,-0.15834584832191467,0.1412207931280136,0,-0.15121802687644958,-0.9866829514503479,-0.05992010235786438,0,0.232587993144989,0.32559698820114136,0.00003600000127335079,1
B8,mixamorig_LeftArm,7,0.6930291652679443,0.6475257873535156,-0.31689122319221497,0,-0.18809208273887634,0.5867586135864258,0.7876142263412476,0,0.6959390044212341,-0.4862348139286041,0.5284351706504822,0,0,0.4881260097026825,0,1
B9,mixamorig_LeftForeArm,8,0.6824212074279785,0.7309299111366272,0.006582977250218391,0,-0.7309590578079224,0.6823919415473938,0.006267285440117121,0,0.0000887755086296238,-0.009088819846510887,0.9999590516090393,0,0,0.7001680135726929,0,1
B10,mixamorig_LeftHand,9,-0.9959311485290527,0.08911026269197464,0.013453548774123192,0,0.09011981636285782,0.9843639731407166,0.15134873986244202,0,0.0002435378555674106,0.1519453078508377,-0.9883890748023987,0,0,0.6535320281982422,0,1
B11,mixamorig_LeftHandIndex1,10,-0.9867569804191589,0.00316064665094018,0.16217611730098724,0,0.028165314346551895,0.9879609942436218,0.15211687982082367,0,-0.1597428172826767,0.15467005968093872,-0.9749659299850464,0,0,0.060575999319553375,0,1
B12,mixamorig_LeftHandIndex2,11,0.9982219934463501,-0.05833892524242401,-0.012223831377923489,0,0.058920085430145264,0.9967830181121826,0.05432618781924248,0,0.009015175513923168,-0.054949820041656494,0.9984480142593384,0,0,0.03868899866938591,0,1
B13,mixamorig_LeftHandIndex3,12,0.9917729496955872,-0.09815811365842819,-0.08216232806444168,0,0.11448980122804642,0.9672830700874329,0.22639581561088562,0,0.057251688092947006,-0.23394016921520233,0.9705640077590942,0,-0.005224000196903944,0.03941100090742111,0.009723999537527561,1
B14,mixamorig_LeftHandIndex4,13,1,0,0,0,0,1,0,0,0,0,1,0,-0.0060270000249147415,0.02063699997961521,0.0030950000509619713,1
B15,mixamorig_RightShoulder,3,0.033961303532123566,-0.025058075785636902,0.9991089701652527,0,-0.9893360137939453,-0.14251507818698883,0.030054794624447823,0,0.14163494110107422,-0.9894750714302063,-0.029630880802869797,0,-0.232587993144989,0.3256010115146637,0.000699999975040555,1
B16,mixamorig_RightArm,15,0.521639347076416,-0.8044369220733643,0.28420764207839966,0,0.28649473190307617,0.47894003987312317,0.8297810554504395,0,-0.8036251664161682,-0.351422518491745,0.48030105233192444,0,0,0.4881260097026825,0,1
B17,mixamorig_RightForeArm,16,0.7960708737373352,-0.6052021384239197,-0.0010912580182775855,0,0.6052018404006958,0.796072244644165,-0.000998068368062377,0,0.001472753006964922,0.00013410176325123757,0.9999990463256836,0,0,0.7001389861106873,0,1
B18,mixamorig_RightHand,17,0.02192630246281624,-0.258626252412796,-0.9657289385795593,0,-0.05542619526386261,0.9641610383987427,-0.2594647705554962,0,0.9982219934463501,0.05921574681997299,0.006805813871324062,0,0,0.653423011302948,0,1
B19,mixamorig_RightHandIndex1,18,0.9942830204963684,-0.10636800527572632,0.009361249394714832,0,0.1067749485373497,0.9911929965019226,-0.07833265513181686,0,-0.0009467167546972632,0.0788843035697937,0.996882975101471,0,0,0.08986800163984299,0,1
B20,mixamorig_RightHandIndex2,19,0.9630460143089294,0.2686038911342621,0.019862988963723183,0,-0.2504410743713379,0.8659059405326843,0.43299612402915955,0,0.09910500049591064,-0.42196986079216003,0.9011771082878113,0,0,0.025970999151468277,0,1
B21,mixamorig_RightHandIndex3,20,0.9270830154418945,0.37477588653564453,-0.00773476529866457,0,-0.3740081191062927,0.9234029650688171,-0.08628910034894943,0,-0.025196753442287445,0.08288998901844025,0.9962400197982788,0,-0.00395999988541007,0.03376400098204613,-0.00380200007930398,1
B22,mixamorig_RightHandIndex4,21,1,0,0,0,0,1,0,0,0,0,1,0,0.0014750000555068254,0.020062999799847603,0.003019999945536256,1
B23,mixamorig_LeftUpLeg,0,-0.9355849623680115,-0.11340784281492233,0.3343941569328308,0,0.20943497121334076,-0.940680205821991,0.26694154739379883,0,0.2842847406864166,0.3197803795337677,0.9038379192352295,0,0.4328779876232147,-0.13918200135231018,0.009201000444591045,1
B24,mixamorig_LeftLeg,23,0.9947389364242554,0.1005633994936943,-0.019502118229866028,0,-0.09738656878471375,0.8693578839302063,-0.4844921827316284,0,-0.03176787495613098,0.48384273052215576,0.8745781183242798,0,0,0.9276059865951538,0,1
B25,mixamorig_LeftFoot,24,0.9535638689994812,-0.06525593250989914,-0.29403531551361084,0,0.26938769221305847,-0.25183412432670593,0.9295211434364319,0,-0.13470499217510223,-0.9655681252479553,-0.22256098687648773,0,0,0.7254940271377563,0,1
B26,mixamorig_LeftToeBase,25,0.983799934387207,0.1792672872543335,-0.000269768905127421,0,-0.1790757179260254,0.9828160405158997,0.0447823703289032,0,0.008293148130178452,-0.04400859400629997,0.9989969730377197,0,0,0.05606900155544281,0,1
B27,mixamorig_LeftToe_End,26,1,0,0,0,0,1,0,0,0,0,1,0,0,0.06156900152564049,0,1
B28,mixamorig_RightUpLeg,0,-0.9528988599777222,0.02209588885307312,-0.302482008934021,0,-0.09498606622219086,-0.9689098596572876,0.22845390439033508,0,-0.28802990913391113,0.24642504751682281,0.9253720045089722,0,-0.4328779876232147,-0.13918200135231018,0.011939999647438526,1
B29,mixamorig_RightLeg,28,0.9755150675773621,-0.19952581822872162,-0.09251882135868073,0,0.1334381252527237,0.871346116065979,-0.4721757769584656,0,0.1748272180557251,0.44826915860176086,0.8766358494758606,0,0,0.9277700185775757,0,1
B30,mixamorig_RightFoot,29,0.9813849925994873,0.10731173306703568,0.15926994383335114,0,-0.12647899985313416,-0.26292890310287476,0.956489086151123,0,0.14451926946640015,-0.9588289856910706,-0.2444619983434677,0,0,0.7266560196876526,0,1
B31,mixamorig_RightToeBase,30,0.9961080551147461,-0.08814622461795807,-2.1759304047463957e-7,0,0.0880797728896141,0.9953570365905762,0.03880399093031883,0,-0.0034202083479613066,-0.03865298256278038,0.9992469549179077,0,0,0.08409100025892258,0,1
B32,mixamorig_RightToe_End,31,1,0,0,0,0,1,0,0,0,0,1,0,0,0.06898599863052368,0,1
@28,0,1,2,3,4,5,7,8,9,10,11,12,13,15,16,17,18,19,20,21,23,24,25,26,28,29,30,31
K0,-0.1497323364019394,-0.0024560028687119484,-0.008614225313067436,0,-0.002027884591370821,0.14980065822601318,-0.007461019326001406,0,0.008724933490157127,-0.007331244647502899,-0.14956645667552948,0,-0.0015203963266685605,0.2848324477672577,0.0010729065397754312,1,0.9998029470443726,0.01733243651688099,0.009686758741736412,0,-0.018161563202738762,0.9954700469970703,0.0933297723531723,0,-0.00802523922175169,-0.09348724037408829,0.995587944984436,0,0,0.25036901235580444,0.0018439999548718333,1,0.9999270439147949,0.007931862026453018,0.009125802665948868,0,-0.008319137617945671,0.9990310072898865,0.043213117867708206,0,-0.008774198591709137,-0.043285876512527466,0.999023973941803,0,0,0.2921049892902374,0,1,0.9999250173568726,0.008758717216551304,0.008520041592419147,0,-0.00911928340792656,0.9990230202674866,0.04324376955628395,0,-0.008132957853376865,-0.04331822693347931,0.9990280270576477,0,0,0.33383500576019287,0,1,0.9919999837875366,-0.10682012140750885,-0.06727676093578339,0,0.12111688405275345,0.9556109309196472,0.26858413219451904,0,0.03560023382306099,-0.2745838761329651,0.960904061794281,0,0,0.37556400895118713,0,1,0.995307981967926,-0.06776097416877747,-0.06906862556934357,0,0.09490002691745758,0.8228518962860107,0.560276210308075,0,0.018868373706936836,-0.5642017126083374,0.825421154499054,0,0,0.331481009721756,0.043396998196840286,1,0.14882805943489075,0.037200719118118286,-0.9881629943847656,0,0.9772331118583679,-0.15834571421146393,0.14122077822685242,0,-0.15121783316135406,-0.9866830706596375,-0.059920065104961395,0,0.232587993144989,0.32559698820114136,0.00003600000127335079,1,0.6930291652679443,0.6475257873535156,-0.3168911039829254,0,-0.18809223175048828,0.586758553981781,0.7876142263412476,0,0.6959389448165894,-0.4862348139286041,0.5284352898597717,0,0,0.4881260097026825,0,1,0.6824211478233337,0.730929970741272,0.006582853849977255,0,-0.7309591174125671,0.682391881942749,0.006267276126891375,0,0.0000888533322722651,-0.009088722988963127,0.9999590516090393,0,0,0.7001680135726929,0,1,-0.9959311485290527,0.08911023288965225,0.013453539460897446,0,0.09011977910995483,0.9843639731407166,0.15134871006011963,0,0.0002435387868899852,0.15194527804851532,-0.9883890748023987,0,0,0.6535320281982422,0,1,-0.9867569804191589,0.0031606617849320173,0.16217614710330963,0,0.028165336698293686,0.9879609942436218,0.15211689472198486,0,-0.1597428321838379,0.15467007458209991,-0.9749659299850464,0,0,0.060575999319553375,0,1,0.9982219934463501,-0.05833892151713371,-0.01222382765263319,0,0.058920081704854965,0.9967830181121826,0.05432618409395218,0,0.00901517178863287,-0.054949816316366196,0.9984480142593384,0,0,0.03868899866938591,0,1,0.9917729496955872,-0.09815815091133118,-0.08216232806444168,0,0.1144898384809494,0.9672830700874329,0.22639581561088562,0,0.057251669466495514,-0.23394016921520233,0.9705640077590942,0,-0.005224000196903944,0.03941100090742111,0.009723999537527561,1,0.033961303532123566,-0.025057872757315636,0.9991089701652527,0,-0.9893360137939453,-0.14251482486724854,0.030054781585931778,0,0.1416347324848175,-0.9894750714302063,-0.029630620032548904,0,-0.232587993144989,0.3256010115146637,0.000699999975040555,1,0.5216390490531921,-0.8044371604919434,0.2842074930667877,0,0.28649473190307617,0.4789397120475769,0.8297812938690186,0,-0.8036253452301025,-0.351422518491745,0.48030078411102295,0,0,0.4881260097026825,0,1,0.7960708737373352,-0.6052021980285645,-0.001091281184926629,0,0.6052018404006958,0.7960721850395203,-0.000997981522232294,0,0.0014727188972756267,0.00013401851174421608,0.9999990463256836,0,0,0.7001389861106873,0,1,0.021926309913396835,-0.25862646102905273,-0.9657288789749146,0,-0.055426474660634995,0.9641609191894531,-0.25946497917175293,0,0.9982219338417053,0.059216007590293884,0.006805736571550369,0,0,0.653423011302948,0,1,0.9942830204963684,-0.10636802017688751,0.00936126708984375,0,0.1067749634385109,0.9911929965019226,-0.07833267003297806,0,-0.0009467316558584571,0.0788843184709549,0.996882975101471,0,0,0.08986800163984299,0,1,0.9630460143089294,0.2686039209365845,0.019863002002239227,0,-0.2504411041736603,0.8659058809280396,0.43299615383148193,0,0.09910500049591064,-0.4219698905944824,0.9011771082878113,0,0,0.025970999151468277,0,1,0.9270830154418945,0.37477588653564453,-0.007734752260148525,0,-0.3740081191062927,0.9234029650688171,-0.08628905564546585,0,-0.025196749716997147,0.08288994431495667,0.9962400197982788,0,-0.00395999988541007,0.03376400098204613,-0.00380200007930398,1,-0.9355849623680115,-0.1134079173207283,0.334394246339798,0,0.20943507552146912,-0.940680205821991,0.2669415771961212,0,0.284284770488739,0.3197804093360901,0.9038378596305847,0,0.4328779876232147,-0.13918200135231018,0.009201000444591045,1,0.9947389364242554,0.10056345164775848,-0.019502004608511925,0,-0.09738655388355255,0.8693578839302063,-0.4844922423362732,0,-0.03176800161600113,0.48384276032447815,0.8745781183242798,0,0,0.9276059865951538,0,1,0.9535638093948364,-0.06525636464357376,-0.294035404920578,0,0.2693876624107361,-0.25183403491973877,0.9295210838317871,0,-0.13470540940761566,-0.9655680656433105,-0.22256076335906982,0,0,0.7254940271377563,0,1,0.983799934387207,0.1792673021554947,-0.000269808282610029,0,-0.17907573282718658,0.9828160405158997,0.04478239640593529,0,0.008293191902339458,-0.044008612632751465,0.9989969730377197,0,0,0.05606900155544281,0,1,-0.9528988599777222,0.022095901891589165,-0.3024820387363434,0,-0.09498608857393265,-0.9689098596572876,0.22845391929149628,0,-0.2880299389362335,0.246425062417984,0.9253720045089722,0,-0.4328779876232147,-0.13918200135231018,0.011939999647438526,1,0.9755150675773621,-0.1995258331298828,-0.09251876920461655,0,0.13343815505504608,0.8713460564613342,-0.47217580676078796,0,0.1748271882534027,0.44826918840408325,0.8766358494758606,0,0,0.9277700185775757,0,1,0.9813849925994873,0.10731164366006851,0.1592702716588974,0,-0.12647932767868042,-0.26292896270751953,0.9564889669418335,0,0.14451926946640015,-0.9588289260864258,-0.2444619983434677,0,0,0.7266560196876526,0,1,0.9961080551147461,-0.08814623206853867,0,0,0.0880797803401947,0.9953570365905762,0.03880400210618973,0,-0.003420213470235467,-0.038652993738651276,0.9992469549179077,0,0,0.08409100025892258,0,1
K0.033,-0.14971771836280823,-0.0026353916618973017,-0.008812698535621166,0,-0.0021788987796753645,0.14978250861167908,-0.007774665020406246,0,0.00893651694059372,-0.007632022257894278,-0.14953891932964325,0,-0.0014437362551689148,0.2848908007144928,0.0013336947886273265,1,0.9998080730438232,0.01692487671971321,0.009839874692261219,0,-0.017761124297976494,0.9955780506134033,0.0922449380159378,0,-0.00823513139039278,-0.09240204095840454,0.9956879615783691,0,0,0.25036901235580444,0.0018439999548718333,1,0.9999250173568726,0.008132677525281906,0.009208808653056622,0,-0.00851633120328188,0.9990639686584473,0.04241890460252762,0,-0.00885519664734602,-0.042494092136621475,0.9990569949150085,0,0,0.2921049892902374,0,1,0.9999229907989502,0.008951078169047832,0.008564058691263199,0,-0.00930693093687296,0.9990549683570862,0.0424557663500309,0,-0.008175945840775967,-0.04253222793340683,0.9990620017051697,0,0,0.33383500576019287,0,1,0.992385983467102,-0.10398182272911072,-0.06600901484489441,0,0.11808710545301437,0.9555811285972595,0.2700376808643341,0,0.03499794751405716,-0.27577629685401917,0.9605838656425476,0,0,0.37556400895118713,0,1,0.9958999752998352,-0.06114816293120384,-0.06665708869695663,0,0.08795268833637238,0.8267579078674316,0.5556401610374451,0,0.02113289199769497,-0.5592246651649475,0.8287461996078491,0,0,0.331481009721756,0.043396998196840286,1,0.1478131264448166,0.037124890834093094,-0.9883180260658264,0,0.9775810241699219,-0.1569978892803192,0.14030985534191132,0,-0.1499549299478531,-0.986901044845581,-0.05949895828962326,0,0.232587993144989,0.32559698820114136,0.00003600000127335079,1,0.690264880657196,0.6504489779472351,-0.3169412612915039,0,-0.18865706026554108,0.5846718549728394,0.789029061794281,0,0.6985298991203308,-0.484845906496048,0.5262902975082397,0,0,0.4881260097026825,0,1,0.6860312223434448,0.7275426983833313,0.006552180740982294,0,-0.7275722026824951,0.6860029101371765,0.006238803267478943,0,0.000044180847908137366,-0.009047195315361023,0.9999589920043945,0,0,0.7001680135726929,0,1,-0.9959839582443237,0.08868499100208282,0.012302249670028687,0,0.08951392769813538,0.9833900332450867,0.15789806842803955,0,0.0019052783027291298,0.1583651304244995,-0.9873790144920349,0,0,0.6535320281982422,0,1,-0.9867568612098694,0.0031612911261618137,0.16217510402202606,0,0.028165707364678383,0.987960934638977,0.1521162986755371,0,-0.15974189341068268,0.15466968715190887,-0.9749670028686523,0,0,0.060575999319553375,0,1,0.9982219934463501,-0.05833892151713371,-0.01222382765263319,0,0.058920081704854965,0.9967830181121826,0.05432618409395218,0,0.00901517178863287,-0.054949816316366196,0.9984480142593384,0,0,0.03868899866938591,0,1,0.9917730093002319,-0.09815813601016998,-0.08216280490159988,0,0.11448986828327179,0.9672829508781433,0.22639526426792145,0,0.0572521947324276,-0.23393972218036652,0.970564067363739,0,-0.005224000196903944,0.03941100090742111,0.009723999537527561,1,0.0338800773024559,-0.02508045732975006,0.9991110563278198,0,-0.9888529181480408,-0.1458713859319687,0.029870497062802315,0,0.14499250054359436,-0.9889860153198242,-0.029743075370788574,0,-0.232587993144989,0.3256010115146637,0.000699999975040555,1,0.5195391774177551,-0.8044969439506531,0.28786176443099976,0,0.28731587529182434,0.4817676842212677,0.8278582096099854,0,-0.8046920895576477,-0.3473975956439972,0.48144206404685974,0,0,0.4881260097026825,0,1,0.7937235832214355,-0.6082774996757507,-0.0010872134007513523,0,0.6082766652107239,0.7937242984771729,-0.0010025660740211606,0,0.00147278665099293,0.0001344339398201555,0.9999990463256836,0,0,0.7001389861106873,0,1,0.019985686987638474,-0.25741294026374817,-0.9660950899124146,0,-0.05679893493652344,0.9644350409507751,-0.25814563035964966,0,0.9981859922409058,0.060032401233911514,0.0046541146002709866,0,0,0.653423011302948,0,1,0.9942830204963684,-0.10636802017688751,0.00936126708984375,0,0.1067749634385109,0.9911929965019226,-0.07833267003297806,0,-0.0009467316558584571,0.0788843184709549,0.996882975101471,0,0,0.08986800163984299,0,1,0.9630460143089294,0.2686038613319397,0.019863057881593704,0,-0.25044116377830505,0.8659060597419739,0.4329967200756073,0,0.09910505264997482,-0.42197027802467346,0.9011768698692322,0,0,0.025970999151468277,0,1,0.9270830154418945,0.37477588653564453,-0.007734752260148525,0,-0.3740081191062927,0.9234029650688171,-0.08628905564546585,0,-0.025196749716997147,0.08288994431495667,0.9962400197982788,0,-0.00395999988541007,0.03376400098204613,-0.00380200007930398,1,-0.9355542063713074,-0.11461271345615387,0.33406883478164673,0,0.21129633486270905,-0.9395670294761658,0.26938414573669434,0,0.2830051779747009,0.3226109445095062,0.9032329320907593,0,0.4328779876232147,-0.13918200135231018,0.009201000444591045,1,0.9947659969329834,0.10064517706632614,-0.017623575404286385,0,-0.0965438112616539,0.8693629503250122,-0.48465219140052795,0,-0.03345661237835884,0.48381680250167847,0.8745291829109192,0,0,0.9276059865951538,0,1,0.9534640312194824,-0.06635121256113052,-0.29411476850509644,0,0.26931676268577576,-0.2511402368545532,0.9297299385070801,0,-0.1355527639389038,-0.9656739830970764,-0.22158367931842804,0,0,0.7254940271377563,0,1,0.9837959408760071,0.17929120361804962,-0.00030405487632378936,0,-0.1790957897901535,0.9828000664710999,0.045039139688014984,0,0.008373945951461792,-0.04425486549735069,0.9989849925041199,0,0,0.05606900155544281,0,1,-0.9532530903816223,0.01895659975707531,-0.3015788495540619,0,-0.09225335717201233,-0.9686381220817566,0.2307147979736328,0,-0.28774717450141907,0.24775123596191406,0.92510586977005,0,-0.4328779876232147,-0.13918200135231018,0.011939999647438526,1,0.9752620458602905,-0.20028471946716309,-0.09354105591773987,0,0.13431231677532196,0.8729971051216125,-0.4688666760921478,0,0.17556793987751007,0.4447042942047119,0.8783019185066223,0,0,0.9277700185775757,0,1,0.9813619256019592,0.1067492663860321,0.15979236364364624,0,-0.127632737159729,-0.25956279039382935,0.9572550654411316,0,0.14366234838962555,-0.9598079323768616,-0.2411002218723297,0,0,0.7266560196876526,0,1,0.9961079955101013,-0.08814623951911926,0,0,0.08807976543903351,0.9953570365905762,0.03880402445793152,0,-0.0034207135904580355,-0.038652971386909485,0.9992469549179077,0,0,0.08409100025892258,0,1
K0.067,-0.1497056931257248,-0.002748715691268444,-0.008980000391602516,0,-0.0022686950396746397,0.14976824820041656,-0.00802156887948513,0,0.009113118052482605,-0.007870009168982506,-0.14951592683792114,0,-0.0013733759988099337,0.2849388122558594,0.001592518063262105,1,0.9998030066490173,0.01700972393155098,0.010223174467682838,0,-0.017875270918011665,0.9956369400024414,0.09158014506101608,0,-0.00862081814557314,-0.09174486249685287,0.9957450032234192,0,0,0.25036901235580444,0.0018439999548718333,1,0.9999179840087891,0.008572100661695004,0.009469997137784958,0,-0.008961890824139118,0.999081015586853,0.04191478341817856,0,-0.009101997129619122,-0.041996221989393234,0.9990760087966919,0,0,0.2921049892902374,0,1,0.9999169707298279,0.009393899701535702,0.00877411849796772,0,-0.009754091501235962,0.9990719556808472,0.0419529490172863,0,-0.008371877484023571,-0.042035061866045,0.999081015586853,0,0,0.33383500576019287,0,1,0.992870032787323,-0.10047192126512527,-0.06414064019918442,0,0.11424916982650757,0.9555839896202087,0.27167195081710815,0,0.03399638831615448,-0.2770630717277527,0.9602500200271606,0,0,0.37556400895118713,0,1,0.9964669942855835,-0.05493538826704025,-0.06352686882019043,0,0.08091874420642853,0.8305308818817139,0.5510631799697876,0,0.02248816192150116,-0.5542569160461426,0.8320420980453491,0,0,0.331481009721756,0.043396998196840286,1,0.1464688628911972,0.03702947124838829,-0.9885219931602478,0,0.9779961109161377,-0.15549656748771667,0.13908445835113525,0,-0.1485615074634552,-0.9871421456336975,-0.058990102261304855,0,0.232587993144989,0.32559698820114136,0.00003600000127335079,1,0.6856434941291809,0.6553694605827332,-0.3168341815471649,0,-0.19067047536373138,0.5817416310310364,0.7907091379165649,0,0.7025227546691895,-0.48173394799232483,0.523827314376831,0,0,0.4881260097026825,0,1,0.6896923184394836,0.7240726947784424,0.006521196104586124,0,-0.7241023778915405,0.6896646618843079,0.006208817008882761,0,-0.0000018038786038232502,-0.009004184044897556,0.9999589920043945,0,0,0.7001680135726929,0,1,-0.9963729977607727,0.0843903049826622,0.010947948321700096,0,0.08503378182649612,0.9823780059814453,0.16644026339054108,0,0.003290922148153186,0.16676756739616394,-0.9859911203384399,0,0,0.6535320281982422,0,1,-0.9867570996284485,0.0031612419988960028,0.162175714969635,0,0.028165757656097412,0.987960934638977,0.15211637318134308,0,-0.1597423106431961,0.1546696275472641,-0.9749660491943359,0,0,0.060575999319553375,0,1,0.9982219934463501,-0.05833892151713371,-0.01222382765263319,0,0.058920081704854965,0.9967830181121826,0.05432618409395218,0,0.00901517178863287,-0.054949816316366196,0.9984480142593384,0,0,0.03868899866938591,0,1,0.9917730093002319,-0.09815813601016998,-0.08216280490159988,0,0.11448986828327179,0.9672829508781433,0.22639526426792145,0,0.0572521947324276,-0.23393972218036652,0.970564067363739,0,-0.005224000196903944,0.03941100090742111,0.009723999537527561,1,0.03383687138557434,-0.025116631761193275,0.999112069606781,0,-0.9881541132926941,-0.15056976675987244,0.029680583626031876,0,0.14969046413898468,-0.9882801175117493,-0.029913874343037605,0,-0.232587993144989,0.3256010115146637,0.000699999975040555,1,0.5187279582023621,-0.8033681511878967,0.2924387753009796,0,0.28838878870010376,0.4864327311515808,0.8247513175010681,0,-0.8048312067985535,-0.3434857428073883,0.48400887846946716,0,0,0.4881260097026825,0,1,0.7910709381103516,-0.6117231249809265,-0.001082809641957283,0,0.6117227077484131,0.7910721898078918,-0.0010079885832965374,0,0.0014731903793290257,0.00013501122884918004,0.9999990463256836,0,0,0.7001389861106873,0,1,0.017609281465411186,-0.25869426131248474,-0.9657989144325256,0,-0.05993523448705673,0.9639380574226379,-0.25928860902786255,0,0.9980469942092896,0.06245129555463791,0.0014693555422127247,0,0,0.653423011302948,0,1,0.9942679405212402,-0.10650709271430969,0.009367686696350574,0,0.10691390186548233,0.9911900758743286,-0.0781717598438263,0,-0.0009593117865733802,0.07872524112462997,0.9968960285186768,0,0,0.08986800163984299,0,1,0.9630460143089294,0.2686038613319397,0.019863057881593704,0,-0.25044116377830505,0.8659060597419739,0.4329967200756073,0,0.09910505264997482,-0.42197027802467346,0.9011768698692322,0,0,0.025970999151468277,0,1,0.9270830154418945,0.37477588653564453,-0.007734752260148525,0,-0.3740081191062927,0.9234029650688171,-0.08628905564546585,0,-0.025196749716997147,0.08288994431495667,0.9962400197982788,0,-0.00395999988541007,0.03376400098204613,-0.00380200007930398,1,-0.9356879591941833,-0.1156676858663559,0.33332914113998413,0,0.21267728507518768,-0.9387129545211792,0.2712658941745758,0,0.2815238833427429,0.32471203804016113,0.9029430150985718,0,0.4328779876232147,-0.13918200135231018,0.009201000444591045,1,0.994813084602356,0.10051072388887405,-0.015614587813615799,0,-0.0954652950167656,0.8696228861808777,-0.48439928889274597,0,-0.035108547657728195,0.48337775468826294,0.8747081160545349,0,0,0.9276059865951538,0,1,0.9533340930938721,-0.0677415281534195,-0.29421862959861755,0,0.26922842860221863,-0.25028282403945923,0.9299858212471008,0,-0.1366366446018219,-0.965799868106842,-0.22036533057689667,0,0,0.7254940271377563,0,1,0.9837939143180847,0.17930318415164948,-0.00032190841739065945,0,-0.17910580337047577,0.9827920794487,0.045178912580013275,0,0.008417091332376003,-0.04438908025622368,0.9989789724349976,0,0,0.05606900155544281,0,1,-0.9535279870033264,0.01642473042011261,-0.3008579611778259,0,-0.09016730636358261,-0.9683088660240173,0.23291005194187164,0,-0.2874980568885803,0.24921388924121857,0.9247909188270569,0,-0.4328779876232147,-0.13918200135231018,0.011939999647438526,1,0.9750039577484131,-0.20122210681438446,-0.09421313554048538,0,0.1353178471326828,0.874098002910614,-0.46652093529701233,0,0.17622585594654083,0.442111074924469,0.8794779777526855,0,0,0.9277700185775757,0,1,0.9813111424446106,0.10635536164045334,0.1603652983903885,0,-0.12868766486644745,-0.2568843364715576,0.9578360319137573,0,0.14306631684303284,-0.9605722427368164,-0.23839683830738068,0,0,0.7266560196876526,0,1,0.9961080551147461,-0.08814623206853867,0,0,0.0880797803401947,0.9953570365905762,0.03880400210618973,0,-0.003420213470235467,-0.038652993738651276,0.9992469549179077,0,0,0.08409100025892258,0,1
K0.100,-0.14969439804553986,-0.002834660466760397,-0.009139307774603367,0,-0.002332504838705063,0.14975520968437195,-0.008243758231401443,0,0.00928017869591713,-0.008084844797849655,-0.14949414134025574,0,-0.0013050998095422983,0.2849842607975006,0.0018388967728242278,1,0.9997930526733398,0.017316196113824844,0.010710890404880047,0,-0.018220804631710052,0.9956750273704529,0.09109686315059662,0,-0.009087109938263893,-0.09127312153577805,0.9957839250564575,0,0,0.25036901235580444,0.0018439999548718333,1,0.9999099969863892,0.009127974510192871,0.009811010211706161,0,-0.00952802412211895,0.9990919232368469,0.041533131152391434,0,-0.009422988630831242,-0.04162286967039108,0.9990889430046082,0,0,0.2921049892902374,0,1,0.999908983707428,0.009957822971045971,0.009058135561645031,0,-0.010326177813112736,0.9990820288658142,0.04157112166285515,0,-0.008635863661766052,-0.04166087880730629,0.9990940093994141,0,0,0.33383500576019287,0,1,0.9933930039405823,-0.09659592062234879,-0.061967793852090836,0,0.10997308045625687,0.9556099772453308,0.2733430862426758,0,0.03281320258975029,-0.2783518433570862,0.9599190354347229,0,0,0.37556400895118713,0,1,0.9970129728317261,-0.04866110906004906,-0.05997106432914734,0,0.07358989119529724,0.8341760635375977,0.5465660095214844,0,0.023429935798048973,-0.5493469834327698,0.8352659344673157,0,0,0.331481009721756,0.043396998196840286,1,0.1448848843574524,0.03691300004720688,-0.9887599945068359,0,0.9784659147262573,-0.1538233458995819,0.13763387501239777,0,-0.14701388776302338,-0.9874089956283569,-0.05840480700135231,0,0.232587993144989,0.32559698820114136,0.00003600000127335079,1,0.6799487471580505,0.6613893508911133,-0.31659996509552,0,-0.19342760741710663,0.5782601237297058,0.7925910353660583,0,0.7072881460189819,-0.4776819050312042,0.5211179852485657,0,0,0.4881260097026825,0,1,0.6933708786964417,0.7205510139465332,0.006490047089755535,0,-0.7205809354782104,0.6933440566062927,0.0061784423887729645,0,-0.00004795189670403488,-0.008960557170212269,0.9999599456787109,0,0,0.7001680135726929,0,1,-0.9968600869178772,0.07856132090091705,0.009862057864665985,0,0.07906968891620636,0.9812339544296265,0.17586319148540497,0,0.004139058291912079,0.17609082162380219,-0.9843651056289673,0,0,0.6535320281982422,0,1,-0.9867570996284485,0.0031612419988960028,0.162175714969635,0,0.028165757656097412,0.987960934638977,0.15211637318134308,0,-0.1597423106431961,0.1546696275472641,-0.9749660491943359,0,0,0.060575999319553375,0,1,0.9982219934463501,-0.05833892151713371,-0.01222382765263319,0,0.058920081704854965,0.9967830181121826,0.05432618409395218,0,0.00901517178863287,-0.054949816316366196,0.9984480142593384,0,0,0.03868899866938591,0,1,0.9917730093002319,-0.0981581062078476,-0.08216282725334167,0,0.11448989808559418,0.9672830700874329,0.22639578580856323,0,0.05725216493010521,-0.23394019901752472,0.9705639481544495,0,-0.005224000196903944,0.03941100090742111,0.009723999537527561,1,0.03381754085421562,-0.025164416059851646,0.9991110563278198,0,-0.9873179197311401,-0.15599429607391357,0.029489420354366302,0,0.15511342883110046,-0.9874370098114014,-0.03012065403163433,0,-0.232587993144989,0.3256010115146637,0.000699999975040555,1,0.518556535243988,-0.8015981912612915,0.29755619168281555,0,0.2895718216896057,0.49207615852355957,0.8209809064865112,0,-0.8045167326927185,-0.33956101536750793,0.48728933930397034,0,0,0.4881260097026825,0,1,0.7882809638977051,-0.6153151392936707,-0.0010781530290842056,0,0.6153138279914856,0.7882810831069946,-0.0010140478843823075,0,0.0014738469617441297,0.00013595214113593102,0.9999990463256836,0,0,0.7001389861106873,0,1,0.014904888346791267,-0.26122257113456726,-0.9651630520820618,0,-0.06415162235498428,0.9630321264266968,-0.26163652539253235,0,0.9978289604187012,0.0658164694905281,-0.0024039677809923887,0,0,0.653423011302948,0,1,0.9941959977149963,-0.10717122256755829,0.009398860856890678,0,0.10757779330015182,0.9911790490150452,-0.077407106757164,0,-0.0010201394325122237,0.07796890288591385,0.9969549775123596,0,0,0.08986800163984299,0,1,0.9630460143089294,0.2686039209365845,0.019863002002239227,0,-0.2504411041736603,0.8659058809280396,0.43299615383148193,0,0.09910500049591064,-0.4219698905944824,0.9011771082878113,0,0,0.025970999151468277,0,1,0.9270830154418945,0.37477588653564453,-0.007734752260148525,0,-0.3740081191062927,0.9234029650688171,-0.08628905564546585,0,-0.025196749716997147,0.08288994431495667,0.9962400197982788,0,-0.00395999988541007,0.03376400098204613,-0.00380200007930398,1,-0.9358558654785156,-0.11669405549764633,0.33249905705451965,0,0.21389193832874298,-0.9379848837852478,0.2728271186351776,0,0.2800419330596924,0.32644587755203247,0.9027791023254395,0,0.4328779876232147,-0.13918200135231018,0.009201000444591045,1,0.9948709607124329,0.10022924095392227,-0.01362768467515707,0,-0.09428075700998306,0.8700339198112488,-0.48389309644699097,0,-0.036643680185079575,0.48269590735435486,0.8750210404396057,0,0,0.9276059865951538,0,1,0.9531739950180054,-0.06944280862808228,-0.2943430542945862,0,0.26909419894218445,-0.2494252473115921,0.9302559494972229,0,-0.13801605999469757,-0.9659010767936707,-0.2190588414669037,0,0,0.7254940271377563,0,1,0.9837921261787415,0.17931455373764038,-0.00033794771297834814,0,-0.179115429520607,0.9827849864959717,0.045299895107746124,0,0.00845505204051733,-0.044505100697278976,0.99897301197052,0,0,0.05606900155544281,0,1,-0.9537917971611023,0.014159911312162876,-0.3001343607902527,0,-0.08832608908414841,-0.9679679870605469,0.23502260446548462,0,-0.2871926426887512,0.2506723999977112,0.9244909882545471,0,-0.4328779876232147,-0.13918200135231018,0.011939999647438526,1,0.974743127822876,-0.20222170650959015,-0.09478121250867844,0,0.13636527955532074,0.8750129342079163,-0.464495986700058,0,0.17686578631401062,0.4398390054702759,0.8804880380630493,0,0,0.9277700185775757,0,1,0.981251060962677,0.10604987293481827,0.16093501448631287,0,-0.12967613339424133,-0.25447213649749756,0.9583470225334167,0,0.14258600771427155,-0.9612480998039246,-0.2359488308429718,0,0,0.7266560196876526,0,1,0.9961079955101013,-0.08814623951911926,0,0,0.08807976543903351,0.9953570365905762,0.03880402445793152,0,-0.0034207135904580355,-0.038652971386909485,0.9992469549179077,0,0,0.08409100025892258,0,1
K0.133,-0.14968372881412506,-0.0029020479414612055,-0.009291603229939938,0,-0.0023788921535015106,0.14974306523799896,-0.00844633486121893,0,0.009439103305339813,-0.00828117411583662,-0.1494734287261963,0,-0.001239204895682633,0.28503015637397766,0.002068472560495138,1,0.9997789859771729,0.017754819244146347,0.011259189806878567,0,-0.018704190850257874,0.995699942111969,0.09073322266340256,0,-0.009599823504686356,-0.09092377871274948,0.9958120584487915,0,0,0.25036901235580444,0.0018439999548718333,1,0.9998999834060669,0.009748147800564766,0.010198071599006653,0,-0.010160865262150764,0.999098002910614,0.04123272746801376,0,-0.009786938317120075,-0.04133225977420807,0.999098002910614,0,0,0.2921049892902374,0,1,0.9998999834060669,0.01059009600430727,0.009386317804455757,0,-0.010968918912112713,0.9990879893302917,0.041271090507507324,0,-0.008940691128373146,-0.041369907557964325,0.9991040229797363,0,0,0.33383500576019287,0,1,0.9939159750938416,-0.0925888642668724,-0.0596439354121685,0,0.10552405565977097,0.9556459784507751,0.2749628722667694,0,0.03154001384973526,-0.2795840799808502,0.959602952003479,0,0,0.37556400895118713,0,1,0.997530996799469,-0.04230724647641182,-0.056062016636133194,0,0.06600061058998108,0.8376071453094482,0.5422709584236145,0,0.024015942588448524,-0.5446319580078125,0.8383309841156006,0,0,0.331481009721756,0.043396998196840286,1,0.14313019812107086,0.036769576370716095,-0.9890209436416626,0,0.9789760112762451,-0.15199923515319824,0.13602548837661743,0,-0.14532868564128876,-0.9876960515975952,-0.05775213614106178,0,0.232587993144989,0.32559698820114136,0.00003600000127335079,1,0.6735419631004333,0.668008029460907,-0.3163972795009613,0,-0.19656215608119965,0.5745182037353516,0.7945387959480286,0,0.7125338912010193,-0.47296321392059326,0.5182669162750244,0,0,0.4881260097026825,0,1,0.6969800591468811,0.7170619368553162,0.006458710413426161,0,-0.7170910239219666,0.6969529390335083,0.006148878484964371,0,-0.00009229050920112059,-0.008917120285332203,0.9999600052833557,0,0,0.7001680135726929,0,1,-0.9973580837249756,0.07209186255931854,0.0089729530736804,0,0.0725029706954956,0.9799399971961975,0.18563713133335114,0,0.004589966963976622,0.1857970803976059,-0.9825770854949951,0,0,0.6535320281982422,0,1,-0.9867570996284485,0.003161204047501087,0.1621761918067932,0,0.028165794909000397,0.987960934638977,0.15211635828018188,0,-0.1597428172826767,0.1546696424484253,-0.9749661684036255,0,0,0.060575999319553375,0,1,0.9982219934463501,-0.05833893641829491,-0.012223327532410622,0,0.05892006680369377,0.9967830181121826,0.05432619899511337,0,0.009014672599732876,-0.054949801415205,0.9984480142593384,0,0,0.03868899866938591,0,1,0.9917730093002319,-0.09815813601016998,-0.08216280490159988,0,0.11448986828327179,0.9672829508781433,0.22639526426792145,0,0.0572521947324276,-0.23393972218036652,0.970564067363739,0,-0.005224000196903944,0.03941100090742111,0.009723999537527561,1,0.03381519019603729,-0.02521883137524128,0.9991099834442139,0,-0.986422061920166,-0.1615966409444809,0.029306821525096893,0,0.16071374714374542,-0.9865350723266602,-0.03034079074859619,0,-0.232587993144989,0.3256010115146637,0.000699999975040555,1,0.5187758803367615,-0.7995679378509521,0.30259138345718384,0,0.2907322347164154,0.4978512227535248,0.8170788288116455,0,-0.8039568066596985,-0.3359082341194153,0.49073418974876404,0,0,0.4881260097026825,0,1,0.7856319546699524,-0.6186941862106323,-0.0010740590514615178,0,0.618692934513092,0.7856320738792419,-0.0010200942633673549,0,0.0014749412657693028,0.00013690581545233727,0.9999990463256836,0,0,0.7001389861106873,0,1,0.011864031665027142,-0.26487258076667786,-0.964210033416748,0,-0.06913558393716812,0.9617529511451721,-0.2650482654571533,0,0.9975370168685913,0.06980583071708679,-0.006901857443153858,0,0,0.653423011302948,0,1,0.9941050410270691,-0.10801207274198532,0.009437273256480694,0,0.10841794312000275,0.9911620020866394,-0.07643717527389526,0,-0.0010977291967719793,0.07700978964567184,0.9970300793647766,0,0,0.08986800163984299,0,1,0.9630460143089294,0.2686038613319397,0.019863057881593704,0,-0.25044116377830505,0.8659060597419739,0.4329967200756073,0,0.09910505264997482,-0.42197027802467346,0.9011768698692322,0,0,0.025970999151468277,0,1,0.9270830154418945,0.37477588653564453,-0.007734752260148525,0,-0.3740081191062927,0.9234029650688171,-0.08628905564546585,0,-0.025196749716997147,0.08288994431495667,0.9962400197982788,0,-0.00395999988541007,0.03376400098204613,-0.00380200007930398,1,-0.9359980225563049,-0.11764296889305115,0.3317628502845764,0,0.2149740606546402,-0.9373619556427002,0.27411526441574097,0,0.27873411774635315,0.3278917372226715,0.9026590585708618,0,0.4328779876232147,-0.13918200135231018,0.009201000444591045,1,0.9949339628219604,0.09983519464731216,-0.011797959916293621,0,-0.09308478981256485,0.8705621957778931,-0.4831748306751251,0,-0.03796698898077011,0.48182517290115356,0.8754448294639587,0,0,0.9276059865951538,0,1,0.953014075756073,-0.07113181054592133,-0.29445692896842957,0,0.2689632177352905,-0.24851572513580322,0.9305370450019836,0,-0.1393679678440094,-0.9660130143165588,-0.21770714223384857,0,0,0.7254940271377563,0,1,0.9837900400161743,0.1793237328529358,-0.0003508345107547939,0,-0.17912326753139496,0.9827790260314941,0.04539485648274422,0,0.008485165424644947,-0.044596150517463684,0.9989690184593201,0,0,0.05606900155544281,0,1,-0.9540629386901855,0.012104260735213757,-0.2993631660938263,0,-0.0866377055644989,-0.9676419496536255,0.2369871735572815,0,-0.2868078351020813,0.25203683972358704,0.9242400527000427,0,-0.4328779876232147,-0.13918200135231018,0.011939999647438526,1,0.9744651317596436,-0.20327052474021912,-0.0953838974237442,0,0.13741552829742432,0.8758429288864136,-0.46261903643608093,0,0.1775781512260437,0.43769893050193787,0.8814110159873962,0,0,0.9277700185775757,0,1,0.981181800365448,0.10582298785448074,0.1615062803030014,0,-0.1306210309267044,-0.25222498178482056,0.9588121175765991,0,0.1422002613544464,-0.9618650078773499,-0.23365582525730133,0,0,0.7266560196876526,0,1,0.9961079955101013,-0.08814623951911926,0,0,0.08807976543903351,0.9953570365905762,0.03880402445793152,0,-0.0034207135904580355,-0.038652971386909485,0.9992469549179077,0,0,0.08409100025892258,0,1
