2.167,30,65,33
B0,mixamorig_Hips,-1,0.5845291018486023,-0.008436809293925762,0.8113288879394531,0,-0.12439802289009094,0.9871919751167297,0.09988923370838165,0,-0.8017801642417908,-0.15931586921215057,0.5759928822517395,0,0.013718999922275543,1.5505969524383545,-0.045205000787973404,1
B1,mixamorig_Spine,0,0.9965710639953613,-0.05160296708345413,-0.06467472016811371,0,0.05985306575894356,0.9893189668655396,0.13291189074516296,0,0.0571252666413784,-0.13632707297801971,0.9890149235725403,0,0,0.25036901235580444,0.0018439999548718333,1
B2,mixamorig_Spine1,1,0.9988700747489929,0.04090586304664612,-0.02421291172504425,0,-0.04037313163280487,0.9989399909973145,0.02209525555372238,0,0.025091078132390976,-0.021092742681503296,0.9994629621505737,0,0,0.2921049892902374,0,1
B3,mixamorig_Spine2,2,0.9995750188827515,0.018235934898257256,-0.02273189090192318,0,-0.018148060888051987,0.9998270273208618,0.004066134337335825,0,0.02280210703611374,-0.0036518657580018044,0.9997329711914062,0,0,0.33383500576019287,0,1
B4,mixamorig_Neck,3,0.9850689768791199,-0.03412232920527458,-0.16874200105667114,0,0.027000680565834045,0.9986519813537598,-0.044320911169052124,0,0.1700269728899002,0.039103031158447266,0.9846630096435547,0,0,0.37556400895118713,0,1
B5,mixamorig_Head,4,0.9123839735984802,-0.11264362186193466,-0.39353108406066895,0,0.07962527871131897,0.9918659329414368,-0.09930230677127838,0,0.401515930891037,0.0592668280005455,0.9139320254325867,0,0,0.331481009721756,0.043396998196840286,1
B6,mixamorig_HeadTop_End,5,1,0,0,0,0,1,0,0,0,0,1,0,0,1.4954619407653809,0.19578300416469574,1
B7,mixamorig_LeftShoulder,3,0.17137834429740906,-0.04140308499336243,-0.9843349456787109,0,0.9828510880470276,-0.06185217201709747,0.17372161149978638,0,-0.06807582080364227,-0.9972259998321533,0.030092930421233177,0,0.232587993144989,0.32559698820114136,0.00003600000127335079,1
B8,mixamorig_LeftArm,7,0.9629901051521301,0.2536008656024933,0.09130682796239853,0,-0.2411942332983017,0.6595659852027893,0.7118980288505554,0,0.12031499296426773,-0.7075729966163635,0.6963220834732056,0,0,0.4881260097026825,0,1
B9,mixamorig_LeftForeArm,8,-0.05744285508990288,0.8432760238647461,0.5344030261039734,0,-0.9983190298080444,-0.04441501572728157,-0.03722315654158592,0,-0.007653897628188133,-0.5356430411338806,0.8444100022315979,0,0,0.7001680135726929,0,1
B10,mixamorig_LeftHand,9,-0.9795839190483093,-0.01573084481060505,0.20042090117931366,0,-0.004790141712874174,0.9984769821166992,0.05495704710483551,0,-0.20098009705543518,0.05287497863173485,-0.978166937828064,0,0,0.6535320281982422,0,1
B11,mixamorig_LeftHandIndex1,10,-0.8723332285881042,0.45822274684906006,-0.170489102602005,0,0.2623758912086487,0.14451096951961517,-0.9540841579437256,0,-0.41254523396492004,-0.8770108819007874,-0.2462882548570633,0,0,0.060575999319553375,0,1
B12,mixamorig_LeftHandIndex2,11,0.9419130086898804,0.32208409905433655,0.0951959416270256,0,-0.28584998846054077,0.6199840903282166,0.7306908965110779,0,0.17632396519184113,-0.7154591083526611,0.676038920879364,0,0,0.03868899866938591,0,1
B13,mixamorig_LeftHandIndex3,12,0.9374898672103882,0.34799036383628845,0.0037782611325383186,0,-0.1198306679725647,0.3125942349433899,0.9422979950904846,0,0.32672974467277527,-0.8838480710983276,0.3347540497779846,0,-0.005224000196903944,0.03941100090742111,0.009723999537527561,1
B14,mixamorig_LeftHandIndex4,13,1,0,0,0,0,1,0,0,0,0,1,0,-0.0060270000249147415,0.02063699997961521,0.0030950000509619713,1
B15,mixamorig_RightShoulder,3,-0.3291557729244232,0.12067477405071259,0.9365330934524536,0,-0.9430758953094482,-0.0919828861951828,-0.3196031451225281,0,0.04757702350616455,-0.9884209036827087,0.14408224821090698,0,-0.232587993144989,0.3256010115146637,0.000699999975040555,1
B16,mixamorig_RightArm,15,0.9980760216712952,-0.03983462601900101,0.04751719534397125,0,-0.012869639322161674,0.6165645718574524,0.7871993184089661,0,-0.06065516918897629,-0.7862957715988159,0.6148653030395508,0,0,0.4881260097026825,0,1
B17,mixamorig_RightForeArm,16,0.26589933037757874,-0.9608889222145081,-0.07738994061946869,0,0.9639940857887268,0.26533782482147217,0.017640190199017525,0,0.003584219142794609,-0.07929399609565735,0.9968449473381042,0,0,0.7001389861106873,0,1
B18,mixamorig_RightHand,17,0.6815631985664368,-0.23821313679218292,-0.6919008493423462,0,0.46513813734054565,0.8709638118743896,0.1583261787891388,0,0.5649052262306213,-0.4297387897968292,0.7044188976287842,0,0,0.653423011302948,0,1
B19,mixamorig_RightHandIndex1,18,0.7381352186203003,0.6290919184684753,0.24372276663780212,0,-0.6112081408500671,0.4706157445907593,0.6363531351089478,0,0.28562477231025696,-0.6186800003051758,0.7318840622901917,0,0,0.08986800163984299,0,1
B20,mixamorig_RightHandIndex2,19,0.8306260704994202,0.5045569539070129,0.23554794490337372,0,-0.45856615900993347,0.3798620104789734,0.8033818602561951,0,0.3158761262893677,-0.7753241062164307,0.5468959212303162,0,0,0.025970999151468277,0,1
B21,mixamorig_RightHandIndex3,20,0.6509696841239929,0.7231541872024536,0.23083822429180145,0,-0.7358006834983826,0.5263354182243347,0.4261089265346527,0,0.18664416670799255,-0.44723501801490784,0.8747259378433228,0,-0.00395999988541007,0.03376400098204613,-0.00380200007930398,1
B22,mixamorig_RightHandIndex4,21,1,0,0,0,0,1,0,0,0,0,1,0,0.0014750000555068254,0.020062999799847603,0.003019999945536256,1
B23,mixamorig_LeftUpLeg,0,-0.6263560652732849,-0.047967784106731415,0.7780599594116211,0,0.6938990354537964,-0.4891259968280792,0.5284497737884521,0,0.35522088408470154,0.8708929419517517,0.33965203166007996,0,0.4328779876232147,-0.13918200135231018,0.009201000444591045,1
B24,mixamorig_LeftLeg,23,0.9524389505386353,-0.18287044763565063,-0.24375993013381958,0,-0.09238734096288681,0.5889859199523926,-0.8028449416160583,0,0.29038771986961365,0.78718101978302,0.5440781116485596,0,0,0.9276059865951538,0,1
B25,mixamorig_LeftFoot,24,0.9446720480918884,-0.13385292887687683,-0.29946497082710266,0,0.286746084690094,-0.1063489317893982,0.9520849585533142,0,-0.15928709506988525,-0.9852779507637024,-0.06208302453160286,0,0,0.7254940271377563,0,1
B26,mixamorig_LeftToeBase,25,0.9893500208854675,0.12148088961839676,-0.08017703890800476,0,-0.11491411924362183,0.989986002445221,0.08199484646320343,0,0.08933498710393906,-0.07190816104412079,0.9934029579162598,0,0,0.05606900155544281,0,1
B27,mixamorig_LeftToe_End,26,1,0,0,0,0,1,0,0,0,0,1,0,0,0.06156900152564049,0,1
B28,mixamorig_RightUpLeg,0,-0.7004880309104919,0.45146918296813965,-0.5527129173278809,0,-0.618802011013031,-0.7700530886650085,0.15524908900260925,0,-0.3555280864238739,0.4507700502872467,0.8187829256057739,0,-0.4328779876232147,-0.13918200135231018,0.011939999647438526,1
B29,mixamorig_RightLeg,28,0.9935729503631592,-0.033518821001052856,0.10811834782361984,0,0.10245485603809357,0.6723870635032654,-0.7330739498138428,0,-0.04812563210725784,0.7394400238990784,0.6715000867843628,0,0,0.9277700185775757,0,1
B30,mixamorig_RightFoot,29,0.8473602533340454,0.4533078074455261,0.27657467126846313,0,-0.028620202094316483,-0.48109400272369385,0.8762019872665405,0,0.5302472710609436,-0.7503738403320312,-0.39468589425086975,0,0,0.7266560196876526,0,1
B31,mixamorig_RightToeBase,30,0.9966049790382385,-0.07982105761766434,0.020190056413412094,0,0.07845594733953476,0.9950379729270935,0.06118789315223694,0,-0.024973947554826736,-0.059396110475063324,0.9979220032691956,0,0,0.08409100025892258,0,1
B32,mixamorig_RightToe_End,31,1,0,0,0,0,1,0,0,0,0,1,0,0,0.06898599863052368,0,1
@28,0,1,2,3,4,5,7,8,9,10,11,12,13,15,16,17,18,19,20,21,23,24,25,26,28,29,30,31
K0,-0.09337993711233139,-0.001349903061054647,-0.1299167275428772,0,0.019921457394957542,0.15795071423053741,-0.01596008986234665,0,0.1283874213695526,-0.025490524247288704,-0.09201584756374359,0,-0.002203097566962242,0.24809551239013672,0.007230348885059357,1,0.9965710639953613,-0.05160295218229294,-0.0646747276186943,0,0.059853050857782364,0.9893189668655396,0.13291190564632416,0,0.057125274091959,-0.1363270878791809,0.9890149235725403,0,0,0.25036901235580444,0.0018439999548718333,1,0.9988700747489929,0.04090586677193642,-0.024212917312979698,0,-0.04037313535809517,0.9989399909973145,0.02209525555372238,0,0.025091083720326424,-0.021092742681503296,0.9994629621505737,0,0,0.2921049892902374,0,1,0.9995750188827515,0.018235936760902405,-0.02273189276456833,0,-0.018148062750697136,0.9998270273208618,0.004066134337335825,0,0.022802108898758888,-0.003651865990832448,0.9997329711914062,0,0,0.33383500576019287,0,1,0.9850689768791199,-0.03412232920527458,-0.16874201595783234,0,0.02700067311525345,0.9986519813537598,-0.04432094097137451,0,0.1700269877910614,0.03910306096076965,0.9846630096435547,0,0,0.37556400895118713,0,1,0.9123839735984802,-0.11264365911483765,-0.39353105425834656,0,0.07962534576654434,0.9918659329414368,-0.0993022471666336,0,0.4015159010887146,0.059266746044158936,0.9139320254325867,0,0,0.331481009721756,0.043396998196840286,1,0.17137855291366577,-0.04140292853116989,-0.9843348264694214,0,0.9828510284423828,-0.06185232102870941,0.1737217903137207,0,-0.0680759847164154,-0.9972259402275085,0.030092772096395493,0,0.232587993144989,0.32559698820114136,0.00003600000127335079,1,0.9629901051521301,0.2536008059978485,0.0913069024682045,0,-0.2411942332983017,0.6595659852027893,0.7118980288505554,0,0.12031490355730057,-0.7075729966163635,0.6963220834732056,0,0,0.4881260097026825,0,1,-0.05744290351867676,0.8432759046554565,0.5344031453132629,0,-0.9983189702033997,-0.04441506043076515,-0.03722318261861801,0,-0.00765386875718832,-0.5356431603431702,0.8444098830223083,0,0,0.7001680135726929,0,1,-0.9795839190483093,-0.015730850398540497,0.20042090117931366,0,-0.004790149163454771,0.9984769821166992,0.054957035928964615,0,-0.20098009705543518,0.052874963730573654,-0.978166937828064,0,0,0.6535320281982422,0,1,-0.8723328113555908,0.4582228362560272,-0.1704893410205841,0,0.262376070022583,0.14451083540916443,-0.954084038734436,0,-0.4125453233718872,-0.8770107626914978,-0.24628803133964539,0,0,0.060575999319553375,0,1,0.9419130086898804,0.3220840394496918,0.09519591927528381,0,-0.285849928855896,0.6199840903282166,0.7306908965110779,0,0.17632393538951874,-0.7154591083526611,0.676038920879364,0,0,0.03868899866938591,0,1,0.9374898076057434,0.3479905426502228,0.003777997801080346,0,-0.11983045935630798,0.3125942349433899,0.9422979354858398,0,0.32673001289367676,-0.8838479518890381,0.33475399017333984,0,-0.005224000196903944,0.03941100090742111,0.009723999537527561,1,-0.32915565371513367,0.12067500501871109,0.9365330934524536,0,-0.943075954914093,-0.09198284149169922,-0.31960299611091614,0,0.0475769117474556,-0.9884209036827087,0.14408241212368011,0,-0.232587993144989,0.3256010115146637,0.000699999975040555,1,0.9980760812759399,-0.03983454778790474,0.04751700907945633,0,-0.012869546189904213,0.6165645718574524,0.7871992588043213,0,-0.06065499037504196,-0.7862957119941711,0.6148653030395508,0,0,0.4881260097026825,0,1,0.2658991813659668,-0.9608889818191528,-0.07738979160785675,0,0.9639940857887268,0.2653377056121826,0.017640145495533943,0,0.0035842107608914375,-0.07929384708404541,0.9968449473381042,0,0,0.7001389861106873,0,1,0.6815633177757263,-0.23821300268173218,-0.6919007897377014,0,0.4651379883289337,0.8709638714790344,0.15832623839378357,0,0.5649052262306213,-0.42973873019218445,0.704418957233429,0,0,0.653423011302948,0,1,0.7381352186203003,0.6290918588638306,0.24372278153896332,0,-0.6112081408500671,0.4706157445907593,0.636353075504303,0,0.28562474250793457,-0.618679940700531,0.7318840622901917,0,0,0.08986800163984299,0,1,0.8306261301040649,0.5045568943023682,0.2355480045080185,0,-0.45856615900993347,0.37986207008361816,0.8033818602561951,0,0.3158760070800781,-0.7753241062164307,0.5468959212303162,0,0,0.025970999151468277,0,1,0.6509696245193481,0.7231542468070984,0.23083820939064026,0,-0.7358006834983826,0.5263354182243347,0.4261089563369751,0,0.18664422631263733,-0.44723498821258545,0.8747259378433228,0,-0.00395999988541007,0.03376400098204613,-0.00380200007930398,1,-0.6263560056686401,-0.04796772822737694,0.7780600786209106,0,0.6938991546630859,-0.48912590742111206,0.5284497737884521,0,0.35522088408470154,0.8708930611610413,0.33965185284614563,0,0.4328779876232147,-0.13918200135231018,0.009201000444591045,1,0.9524388909339905,-0.18287049233913422,-0.2437601387500763,0,-0.09238748252391815,0.5889859199523926,-0.8028449416160583,0,0.290387898683548,0.78718101978302,0.5440780520439148,0,0,0.9276059865951538,0,1,0.9446720480918884,-0.13385285437107086,-0.2994650602340698,0,0.28674614429473877,-0.10634911060333252,0.952085018157959,0,-0.15928703546524048,-0.9852780103683472,-0.06208321079611778,0,0,0.7254940271377563,0,1,0.9893500208854675,0.12148088961839676,-0.08017703145742416,0,-0.11491411924362183,0.989986002445221,0.08199483901262283,0,0.08933497965335846,-0.07190815359354019,0.9934029579162598,0,0,0.05606900155544281,0,1,-0.7004880309104919,0.4514690935611725,-0.5527128577232361,0,-0.6188018918037415,-0.7700530886650085,0.15524908900260925,0,-0.3555280864238739,0.45076993107795715,0.8187829852104187,0,-0.4328779876232147,-0.13918200135231018,0.011939999647438526,1,0.9935728907585144,-0.03351898118853569,0.10811842978000641,0,0.1024550199508667,0.6723870038986206,-0.7330740094184875,0,-0.04812556505203247,0.7394400835037231,0.6715000867843628,0,0,0.9277700185775757,0,1,0.8473601937294006,0.45330798625946045,0.2765745222568512,0,-0.028620075434446335,-0.48109379410743713,0.8762021064758301,0,0.5302473306655884,-0.7503738403320312,-0.3946857452392578,0,0,0.7266560196876526,0,1,0.9966049790382385,-0.07982105761766434,0.020190054550766945,0,0.07845594733953476,0.9950379729270935,0.06118789315223694,0,-0.024973945692181587,-0.059396110475063324,0.9979220032691956,0,0,0.08409100025892258,0,1
K0.033,-0.08535967767238617,-0.0019015895668417215,-0.13531485199928284,0,0.017737211659550667,0.15844687819480896,-0.013415701687335968,0,0.13416075706481934,-0.022157924249768257,-0.08432025462388992,0,-0.0038712634705007076,0.2484315037727356,0.007793932221829891,1,0.9969900250434875,-0.04728270322084427,-0.06143706664443016,0,0.05498503893613815,0.9899320006370544,0.13042409718036652,0,0.054651763290166855,-0.1334097534418106,0.9895530343055725,0,0,0.25036901235580444,0.0018439999548718333,1,0.9989080429077148,0.04423996061086655,-0.015050140209496021,0,-0.04383622854948044,0.9986960887908936,0.02617327868938446,0,0.016188407316803932,-0.02548493817448616,0.999544084072113,0,0,0.2921049892902374,0,1,0.9996539950370789,0.022332821041345596,-0.013878010213375092,0,-0.02221139334142208,0.9997140169143677,0.008843273855745792,0,0.01407154742628336,-0.008531970903277397,0.999864935874939,0,0,0.33383500576019287,0,1,0.9839819669723511,-0.03873928636312485,-0.17401014268398285,0,0.036363039165735245,0.9991970062255859,-0.016824325546622276,0,0.17452211678028107,0.010227289982140064,0.9846000075340271,0,0,0.37556400895118713,0,1,0.9112359881401062,-0.1327783167362213,-0.38989588618278503,0,0.11317785829305649,0.9908939599990845,-0.07293614745140076,0,0.3960299491882324,0.022334463894367218,0.9179660677909851,0,0,0.331481009721756,0.043396998196840286,1,0.17107751965522766,-0.041479967534542084,-0.9843838810920715,0,0.9828490614891052,-0.06263131648302078,0.17344994843006134,0,-0.06884793937206268,-0.9971740245819092,0.030053719878196716,0,0.232587993144989,0.32559698820114136,0.00003600000127335079,1,0.9709621071815491,0.22445645928382874,0.08277767896652222,0,-0.19459089636802673,0.5397082567214966,0.8190538287162781,0,0.13916610181331635,-0.8113778829574585,0.5677133798599243,0,0,0.4881260097026825,0,1,-0.0968843400478363,0.851402997970581,0.5154864192008972,0,-0.9532548785209656,0.06956107914447784,-0.2940523028373718,0,-0.2862149477005005,-0.5198793411254883,0.8048651814460754,0,0,0.7001680135726929,0,1,-0.9036913514137268,0.06484325230121613,0.42324644327163696,0,0.10661192983388901,0.9914112687110901,0.07574296742677689,0,-0.4147000312805176,0.11357143521308899,-0.9028432369232178,0,0,0.6535320281982422,0,1,-0.8780922293663025,0.4541231095790863,-0.15075497329235077,0,0.2566627562046051,0.1811181753873825,-0.9493789076805115,0,-0.40383028984069824,-0.8723350763320923,-0.27559494972229004,0,0,0.060575999319553375,0,1,0.9431349635124207,0.31928715109825134,0.09247197955846786,0,-0.2839677333831787,0.6292832493782043,0.7234388589859009,0,0.17279395461082458,-0.7085606455802917,0.6841673254966736,0,0,0.03868899866938591,0,1,0.9399742484092712,0.3412333130836487,-0.002995393006131053,0,-0.11761344969272614,0.33219751715660095,0.9358486533164978,0,0.3203376531600952,-0.8793208599090576,0.3523905575275421,0,-0.005224000196903944,0.03941100090742111,0.009723999537527561,1,-0.2589079737663269,0.13075223565101624,0.9570115804672241,0,-0.9639783501625061,-0.09747955948114395,-0.24747450649738312,0,0.06093113496899605,-0.986611008644104,0.15128041803836823,0,-0.232587993144989,0.3256010115146637,0.000699999975040555,1,0.9995619654655457,-0.02343050390481949,-0.018058616667985916,0,0.028711725026369095,0.6214150190353394,0.7829549908638,0,-0.007123138289898634,-0.7831310033798218,0.6218159198760986,0,0,0.4881260097026825,0,1,0.32849761843681335,-0.9444757699966431,0.007356638088822365,0,0.9393455982208252,0.3275064527988434,0.10182821750640869,0,-0.09858367592096329,-0.026539916172623634,0.9947747588157654,0,0,0.7001389861106873,0,1,0.6472862958908081,-0.26060232520103455,-0.7163147330284119,0,0.5144518613815308,0.8427887558937073,0.15826135873794556,0,0.5624584555625916,-0.47094962000846863,0.6795926094055176,0,0,0.653423011302948,0,1,0.7381340861320496,0.6290918588638306,0.24372290074825287,0,-0.6112090349197388,0.47061556577682495,0.6363531947135925,0,0.2856248915195465,-0.6186797618865967,0.7318841814994812,0,0,0.08986800163984299,0,1,0.8306261301040649,0.5045568943023682,0.2355480045080185,0,-0.45856615900993347,0.37986207008361816,0.8033818602561951,0,0.3158760070800781,-0.7753241062164307,0.5468959212303162,0,0,0.025970999151468277,0,1,0.6509696245193481,0.7231542468070984,0.23083820939064026,0,-0.7358006834983826,0.5263354182243347,0.4261089563369751,0,0.18664422631263733,-0.44723498821258545,0.8747259378433228,0,-0.00395999988541007,0.03376400098204613,-0.00380200007930398,1,-0.6144446730613708,-0.10392311215400696,0.7820855379104614,0,0.7075768113136292,-0.5110722780227661,0.487995982170105,0,0.3489880859851837,0.8532319664955139,0.38755911588668823,0,0.4328779876232147,-0.13918200135231018,0.009201000444591045,1,0.964981198310852,-0.14657144248485565,-0.21755072474479675,0,-0.09446080029010773,0.5795393586158752,-0.8094518184661865,0,0.24472153186798096,0.8016552329063416,0.5453988909721375,0,0,0.9276059865951538,0,1,0.9409909248352051,-0.1600124090909958,-0.2982148230075836,0,0.27751681208610535,-0.13951076567173004,0.9505372047424316,0,-0.19370199739933014,-0.9772070646286011,-0.08687228709459305,0,0,0.7254940271377563,0,1,0.9838340878486633,0.1790808141231537,0,0,-0.17891716957092285,0.9829350113868713,0.04274600371718407,0,0.007654995657503605,-0.04205499216914177,0.9990859627723694,0,0,0.05606900155544281,0,1,-0.697905957698822,0.4430042803287506,-0.562738835811615,0,-0.6324200630187988,-0.749954879283905,0.193938210606575,0,-0.336113303899765,0.4912380278110504,0.8035628795623779,0,-0.4328779876232147,-0.13918200135231018,0.011939999647438526,1,0.9868049621582031,0.02057509869337082,0.16059929132461548,0,0.10710913687944412,0.6608869433403015,-0.7428029775619507,0,-0.1214212104678154,0.7502032518386841,0.6499626636505127,0,0,0.9277700185775757,0,1,0.8682470917701721,0.42289260029792786,0.2594412863254547,0,-0.03494726121425629,-0.46949756145477295,0.8822416663169861,0,0.4949001967906952,-0.7750699520111084,-0.39286065101623535,0,0,0.7266560196876526,0,1,0.9961080551147461,-0.08814623206853867,0,0,0.0880797803401947,0.9953569769859314,0.03880300000309944,0,-0.0034201694652438164,-0.03865199536085129,0.9992470145225525,0,0,0.08409100025892258,0,1
K0.067,-0.08468138426542282,0.0007946814293973148,-0.1357513964176178,0,0.017592333257198334,0.15871231257915497,-0.010044961236417294,0,0.1346089243888855,-0.02024253085255623,-0.08408721536397934,0,-0.005559125915169716,0.24823999404907227,0.007986927404999733,1,0.9980409741401672,-0.035343803465366364,-0.0516141802072525,0,0.04150645062327385,0.991454005241394,0.12367497384548187,0,0.04680200293660164,-0.12557518482208252,0.9909800291061401,0,0,0.25036901235580444,0.0018439999548718333,1,0.9985730051994324,0.05281912162899971,0.007907514460384846,0,-0.0530737042427063,0.9979240298271179,0.036484088748693466,0,-0.005964038893580437,-0.03685169667005539,0.9993029236793518,0,0,0.2921049892902374,0,1,0.9994230270385742,0.03292420506477356,0.008335663005709648,0,-0.03309258073568344,0.999233067035675,0.020937994122505188,0,-0.007639903575181961,-0.021201761439442635,0.9997460246086121,0,0,0.33383500576019287,0,1,0.9808710813522339,-0.04878123849630356,-0.18844559788703918,0,0.05924243479967117,0.9969760775566101,0.05028221756219864,0,0.1854231357574463,-0.060484420508146286,0.9807960391044617,0,0,0.37556400895118713,0,1,0.9063490629196167,-0.17844559252262115,-0.38299912214279175,0,0.18702222406864166,0.9822401404380798,-0.015062686055898666,0,0.3788851201534271,-0.05797731876373291,0.9236260056495667,0,0,0.331481009721756,0.043396998196840286,1,0.17003558576107025,-0.041552428156137466,-0.98456209897995,0,0.9829179644584656,-0.06425343453884125,0.17246340215206146,0,-0.07042770832777023,-0.9970680475234985,0.029917225241661072,0,0.232587993144989,0.32559698820114136,0.00003600000127335079,1,0.978289008140564,0.15144380927085876,0.14147523045539856,0,-0.20334286987781525,0.569577693939209,0.796387255191803,0,0.04002679884433746,-0.8078652024269104,0.5880067944526672,0,0,0.4881260097026825,0,1,0.18906523287296295,0.8217388391494751,0.5375868082046509,0,-0.9042157530784607,0.35918739438056946,-0.231036975979805,0,-0.38294631242752075,-0.44241321086883545,0.8109386563301086,0,0,0.7001680135726929,0,1,-0.9199457764625549,-0.048372782766819,0.3890484869480133,0,-0.06328840553760529,0.9976670742034912,-0.025605997070670128,0,-0.38690218329429626,-0.04817838594317436,-0.9208608865737915,0,0,0.6535320281982422,0,1,-0.8932229280471802,0.4387970268726349,-0.0980343148112297,0,0.23974429070949554,0.2803690731525421,-0.9294703006744385,0,-0.38036301732063293,-0.8537273406982422,-0.3556312322616577,0,0,0.060575999319553375,0,1,0.9464789628982544,0.31134817004203796,0.08509213477373123,0,-0.278516948223114,0.654596745967865,0.7028022408485413,0,0.16311515867710114,-0.6888871788978577,0.7062778472900391,0,0,0.03868899866938591,0,1,0.9465429782867432,0.32190489768981934,-0.02082994394004345,0,-0.11086629331111908,0.3852764666080475,0.9161171913146973,0,0.30292806029319763,-0.8648353815078735,0.4003693163394928,0,-0.005224000196903944,0.03941100090742111,0.009723999537527561,1,-0.10827761143445969,0.14895689487457275,0.9828978180885315,0,-0.990018904209137,-0.10588304698467255,-0.0930156260728836,0,0.09021680057048798,-0.9831580519676208,0.15893475711345673,0,-0.232587993144989,0.3256010115146637,0.000699999975040555,1,0.9888782501220703,0.02455829456448555,-0.146683469414711,0,0.09946906566619873,0.6240180730819702,0.7750539779663086,0,0.11056710034608841,-0.781024158000946,0.6146348714828491,0,0,0.4881260097026825,0,1,0.36098918318748474,-0.9131392240524292,0.18937447667121887,0,0.8654991984367371,0.40366485714912415,0.29658904671669006,0,-0.3472713232040405,0.05683809518814087,0.9360410571098328,0,0,0.7001389861106873,0,1,0.6797898411750793,-0.26205387711524963,-0.6849912405014038,0,0.4252600073814392,0.9017864465713501,0.07703862339258194,0,0.5975277423858643,-0.3436695337295532,0.7244665026664734,0,0,0.653423011302948,0,1,0.7381339073181152,0.6290920972824097,0.2437230795621872,0,-0.611208975315094,0.4706149399280548,0.636353075504303,0,0.28562507033348083,-0.618679940700531,0.7318840026855469,0,0,0.08986800163984299,0,1,0.8306261301040649,0.5045568943023682,0.2355480045080185,0,-0.45856615900993347,0.37986207008361816,0.8033818602561951,0,0.3158760070800781,-0.7753241062164307,0.5468959212303162,0,0,0.025970999151468277,0,1,0.6509698629379272,0.7231542468070984,0.23083771765232086,0,-0.7357998490333557,0.5263351798057556,0.4261090159416199,0,0.18664471805095673,-0.44723495841026306,0.8747259974479675,0,-0.00395999988541007,0.03376400098204613,-0.00380200007930398,1,-0.6497036814689636,-0.12982073426246643,0.7490202784538269,0,0.680642306804657,-0.5381426215171814,0.49712100625038147,0,0.3385430872440338,0.832796037197113,0.43799465894699097,0,0.4328779876232147,-0.13918200135231018,0.009201000444591045,1,0.9764388799667358,-0.10748852044343948,-0.18712058663368225,0,-0.09025917947292328,0.5841980576515198,-0.8065769076347351,0,0.1960132122039795,0.804462194442749,0.5607317686080933,0,0,0.9276059865951538,0,1,0.9375222325325012,-0.17877058684825897,-0.29848551750183105,0,0.2746092975139618,-0.14657804369926453,0.9503178596496582,0,-0.21364034712314606,-0.9729111790657043,-0.08832810819149017,0,0,0.7254940271377563,0,1,0.9838340878486633,0.1790808141231537,0,0,-0.17891716957092285,0.9829350113868713,0.04274600371718407,0,0.007654995657503605,-0.04205499216914177,0.9990859627723694,0,0,0.05606900155544281,0,1,-0.6784622669219971,0.45248687267303467,-0.5787448287010193,0,-0.6545397639274597,-0.7300321459770203,0.19654704630374908,0,-0.3335670530796051,0.5121607780456543,0.7914692163467407,0,-0.4328779876232147,-0.13918200135231018,0.011939999647438526,1,0.9819149971008301,0.03213891759514809,0.18657571077346802,0,0.12170489132404327,0.6477289795875549,-0.7520869970321655,0,-0.14502176642417908,0.761192798614502,0.632103443145752,0,0,0.9277700185775757,0,1,0.8696169853210449,0.4203539788722992,0.25897786021232605,0,-0.03482804074883461,-0.47100168466567993,0.8814441561698914,0,0.49249783158302307,-0.7755389213562012,-0.3949511647224426,0,0,0.7266560196876526,0,1,0.9961079955101013,-0.08814672380685806,0,0,0.0880802720785141,0.9953569769859314,0.03880300372838974,0,-0.00342017924413085,-0.038651999086141586,0.9992470145225525,0,0,0.08409100025892258,0,1
K0.100,-0.08452814072370529,0.00406606262549758,-0.13578830659389496,0,0.017092978581786156,0.15897569060325623,-0.0058799805119633675,0,0.1347695142030716,-0.017612814903259277,-0.08442134410142899,0,-0.006837352178990841,0.2477027028799057,0.007097824476659298,1,0.9991169571876526,-0.01819794438779354,-0.03787880763411522,0,0.022396055981516838,0.9932810068130493,0.11353594064712524,0,0.03555819019675255,-0.11428406089544296,0.992811918258667,0,0,0.25036901235580444,0.0018439999548718333,1,0.9971920251846313,0.06452582031488419,0.03800693526864052,0,-0.06639617681503296,0.9965299963951111,0.05019672214984894,0,-0.03463606536388397,-0.05257928743958473,0.9980160593986511,0,0,0.2921049892902374,0,1,0.998166024684906,0.04748495668172836,0.03753902018070221,0,-0.048876043409109116,0.9981170296669006,0.037051085382699966,0,-0.03570898622274399,-0.03881791606545448,0.9986079931259155,0,0,0.33383500576019287,0,1,0.976064145565033,-0.058573171496391296,-0.20944659411907196,0,0.08795282989740372,0.9870930314064026,0.1338309645652771,0,0.1989043802022934,-0.14904902875423431,0.968617856502533,0,0,0.37556400895118713,0,1,0.8991460204124451,-0.2275530993938446,-0.37383997440338135,0,0.26162290573120117,0.9642420411109924,0.04232005029916763,0,0.3508419990539551,-0.13585694134235382,0.9265270233154297,0,0,0.331481009721756,0.043396998196840286,1,0.16804370284080505,-0.041380807757377625,-0.9849111437797546,0,0.9831671118736267,-0.06566032022237778,0.1705048829317093,0,-0.07172513753175735,-0.9969840049743652,0.02965039573609829,0,0.232587993144989,0.32559698820114136,0.00003600000127335079,1,0.9693449139595032,0.08425027877092361,0.2308090329170227,0,-0.23587068915367126,0.5821808576583862,0.7780941128730774,0,-0.06881794333457947,-0.8086827397346497,0.5842062830924988,0,0,0.4881260097026825,0,1,0.5381779074668884,0.683742105960846,0.4928090274333954,0,-0.742625892162323,0.6612021923065186,-0.10638376325368881,0,-0.3985860049724579,-0.3087197542190552,0.8636101484298706,0,0,0.7001680135726929,0,1,-0.9324499368667603,-0.16582514345645905,0.3209971487522125,0,-0.22091786563396454,0.9646960496902466,-0.1433781534433365,0,-0.2858888506889343,-0.20460687577724457,-0.9361640810966492,0,0,0.6535320281982422,0,1,-0.913891077041626,0.4052446484565735,-0.024062806740403175,0,0.21117937564849854,0.42394715547561646,-0.8807228207588196,0,-0.3467067778110504,-0.8099662065505981,-0.47302067279815674,0,0,0.060575999319553375,0,1,0.9513871073722839,0.2989118695259094,0.07426679134368896,0,-0.26962611079216003,0.6917238831520081,0.6699399948120117,0,0.14888079464435577,-0.6573960185050964,0.7386910319328308,0,0,0.03868899866938591,0,1,0.9556801319122314,0.2908717393875122,-0.045489829033613205,0,-0.09885026514530182,0.46256908774375916,0.8810548782348633,0,0.2773161828517914,-0.8375099897384644,0.4708208441734314,0,-0.005224000196903944,0.03941100090742111,0.009723999537527561,1,0.025682829320430756,0.15544156730175018,0.9875108599662781,0,-0.9928550124168396,-0.11118686199188232,0.04332346469163895,0,0.11653251200914383,-0.9815679788589478,0.15147536993026733,0,-0.232587993144989,0.3256010115146637,0.000699999975040555,1,0.9512150883674622,0.023124877363443375,-0.30765989422798157,0,0.22963090240955353,0.6129263043403625,0.7560368776321411,0,0.2060561627149582,-0.7898021340370178,0.577714741230011,0,0,0.4881260097026825,0,1,0.42561429738998413,-0.8391679525375366,0.33859768509864807,0,0.7115949988365173,0.5415290594100952,0.44763684272766113,0,-0.5590032935142517,0.05042384937405586,0.8276307582855225,0,0,0.7001389861106873,0,1,0.7652077078819275,-0.2274872362613678,-0.6022512316703796,0,0.32454079389572144,0.9442309737205505,0.05569206178188324,0,0.5559947490692139,-0.23807093501091003,0.7963612079620361,0,0,0.653423011302948,0,1,0.7381342053413391,0.6290916800498962,0.24372200667858124,0,-0.6112082600593567,0.47061583399772644,0.6363529562950134,0,0.28562504053115845,-0.6186791062355042,0.7318839430809021,0,0,0.08986800163984299,0,1,0.8306258320808411,0.5045573115348816,0.2355489432811737,0,-0.45856669545173645,0.37986132502555847,0.8033810257911682,0,0.31587591767311096,-0.7753241062164307,0.5468959212303162,0,0,0.025970999151468277,0,1,0.6509701609611511,0.7231540679931641,0.23083731532096863,0,-0.7358000874519348,0.5263360738754272,0.42610883712768555,0,0.18664433062076569,-0.44723430275917053,0.8747260570526123,0,-0.00395999988541007,0.03376400098204613,-0.00380200007930398,1,-0.6996981501579285,-0.16656099259853363,0.6947517991065979,0,0.6428869962692261,-0.5709689855575562,0.510578989982605,0,0.3116391897201538,0.80389803647995,0.5065858364105225,0,0.4328779876232147,-0.13918200135231018,0.009201000444591045,1,0.9880939722061157,-0.0564739964902401,-0.14310812950134277,0,-0.0840039849281311,0.5812439322471619,-0.8093810081481934,0,0.12888982892036438,0.8117669224739075,0.5695801377296448,0,0,0.9276059865951538,0,1,0.9323940873146057,-0.20332808792591095,-0.29882869124412537,0,0.26843389868736267,-0.16410478949546814,0.9492170810699463,0,-0.2420416921377182,-0.9652600884437561,-0.09843017905950546,0,0,0.7254940271377563,0,1,0.9838340878486633,0.1790808141231537,0,0,-0.17891716957092285,0.9829350113868713,0.04274600371718407,0,0.007654995657503605,-0.04205499216914177,0.9990859627723694,0,0,0.05606900155544281,0,1,-0.6537718772888184,0.47025972604751587,-0.5928223133087158,0,-0.6798481941223145,-0.7090297937393188,0.18730312585830688,0,-0.33224770426750183,0.5254828929901123,0.7832493185997009,0,-0.4328779876232147,-0.13918200135231018,0.011939999647438526,1,0.9756710529327393,0.041620030999183655,0.21525394916534424,0,0.13972002267837524,0.6385719180107117,-0.756771981716156,0,-0.16895203292369843,0.7684358954429626,0.6172210574150085,0,0,0.9277700185775757,0,1,0.8676318526268005,0.4248780608177185,0.2582502067089081,0,-0.0303360503166914,-0.4731980562210083,0.8804330229759216,0,0.49628081917762756,-0.7717270851135254,-0.3976731598377228,0,0,0.7266560196876526,0,1,0.9961080551147461,-0.08814623206853867,0,0,0.0880797803401947,0.9953570365905762,0.03880400210618973,0,-0.003420213470235467,-0.038652993738651276,0.9992469549179077,0,0,0.08409100025892258,0,1
K0.133,-0.0869300439953804,0.007620622403919697,-0.13410837948322296,0,0.014800605364143848,0.1593131124973297,-0.0005409994046203792,0,0.13350684940814972,-0.01269946526736021,-0.08726175874471664,0,-0.007174548227339983,0.2465047836303711,0.005885596852749586,1,0.9997479319572449,0.002125791972503066,-0.02233610488474369,0,0.00013934687012806535,0.9948940277099609,0.10092401504516602,0,0.022436603903770447,-0.10090170055627823,0.9946430325508118,0,0,0.25036901235580444,0.0018439999548718333,1,0.9946249127388,0.07767859846353531,0.06846746057271957,0,-0.08211372047662735,0.9945309162139893,0.06453551352024078,0,-0.06307999044656754,-0.06981076300144196,0.9955639839172363,0,0,0.2921049892902374,0,1,0.9956880211830139,0.06396852433681488,0.0671871080994606,0,-0.06764385104179382,0.9962509870529175,0.05393105000257492,0,-0.06348532438278198,-0.0582432821393013,0.9962819814682007,0,0,0.33383500576019287,0,1,0.9706519246101379,-0.06451792269945145,-0.23167107999324799,0,0.11482826620340347,0.9707708954811096,0.21075637638568878,0,0.21130211651325226,-0.23117363452911377,0.9496897459030151,0,0,0.37556400895118713,0,1,0.8919021487236023,-0.2745101749897003,-0.3593817353248596,0,0.3261769711971283,0.9409409761428833,0.09076718240976334,0,0.3132404386997223,-0.19817747175693512,0.9287660717964172,0,0,0.331481009721756,0.043396998196840286,1,0.16489560902118683,-0.04071291908621788,-0.9854700565338135,0,0.9837160110473633,-0.06563980877399445,0.16731387376785278,0,-0.07149793207645416,-0.9970119595527649,0.029226267710328102,0,0.232587993144989,0.32559698820114136,0.00003600000127335079,1,0.9434695839881897,0.052200306206941605,0.3273233473300934,0,-0.3004310727119446,0.5518482327461243,0.7779491543769836,0,-0.1400236040353775,-0.832309365272522,0.5363345742225647,0,0,0.4881260097026825,0,1,0.8389240503311157,0.42995139956474304,0.3336881697177887,0,-0.4606737196445465,0.8874472379684448,0.014717737212777138,0,-0.2898028790950775,-0.16606852412223816,0.9425687193870544,0,0,0.7001680135726929,0,1,-0.9267393350601196,-0.2261580377817154,0.3000119924545288,0,-0.29628995060920715,0.9309357404708862,-0.2134746015071869,0,-0.23101291060447693,-0.28672587871551514,-0.9297431707382202,0,0,0.6535320281982422,0,1,-0.9358311295509338,0.34786131978034973,0.056678708642721176,0,0.17099647223949432,0.5887446999549866,-0.7900258302688599,0,-0.30818864703178406,-0.7296388149261475,-0.61044842004776,0,0,0.060575999319553375,0,1,0.9573411345481873,0.2823497951030731,0.06145591288805008,0,-0.257302850484848,0.7361654043197632,0.6259846091270447,0,0.1315048635005951,-0.6150932908058167,0.7774105072021484,0,0,0.03868899866938591,0,1,0.9657402634620667,0.24918028712272644,-0.07249635457992554,0,-0.08070900291204453,0.5538930296897888,0.8286663889884949,0,0.246642604470253,-0.7944254875183105,0.555027961730957,0,-0.005224000196903944,0.03941100090742111,0.009723999537527561,1,0.06354403495788574,0.13290627300739288,0.9890900254249573,0,-0.9898229241371155,-0.11805571615695953,0.07945454865694046,0,0.12732763588428497,-0.9840720891952515,0.12405183911323547,0,-0.232587993144989,0.3256010115146637,0.000699999975040555,1,0.8970494866371155,-0.10744015127420425,-0.4286699593067169,0,0.4035970866680145,0.5943229794502258,0.6956223845481873,0,0.1800307333469391,-0.7970181107521057,0.5764999985694885,0,0,0.4881260097026825,0,1,0.5051652193069458,-0.7263361811637878,0.4660940170288086,0,0.5225782990455627,0.6872460842132568,0.5045833587646484,0,-0.6868185997009277,-0.011327335610985756,0.7267404794692993,0,0,0.7001389861106873,0,1,0.8146663904190063,-0.22890104353427887,-0.5328444838523865,0,0.2948533892631531,0.9546757936477661,0.04068891331553459,0,0.4993797540664673,-0.19025878608226776,0.8452341556549072,0,0,0.653423011302948,0,1,0.7381347417831421,0.6290923357009888,0.2437230497598648,0,-0.6112086772918701,0.4706152379512787,0.636353075504303,0,0.28562501072883606,-0.6186798810958862,0.7318840026855469,0,0,0.08986800163984299,0,1,0.8306257128715515,0.5045573711395264,0.23554839193820953,0,-0.45856669545173645,0.3798615336418152,0.8033819794654846,0,0.31587639451026917,-0.7753241062164307,0.5468957424163818,0,0,0.025970999151468277,0,1,0.6509701609611511,0.7231538891792297,0.23083803057670593,0,-0.7358002066612244,0.5263358354568481,0.4261089861392975,0,0.186644047498703,-0.44723501801490784,0.8747259378433228,0,-0.00395999988541007,0.03376400098204613,-0.00380200007930398,1,-0.7567804455757141,-0.20723414421081543,0.6199492812156677,0,0.5964306592941284,-0.6070264577865601,0.5251566171646118,0,0.26749518513679504,0.767184853553772,0.5829864740371704,0,0.4328779876232147,-0.13918200135231018,0.009201000444591045,1,0.9951540231704712,-0.009451688267290592,-0.0978718101978302,0,-0.07473179697990417,0.5741722583770752,-0.8153168559074402,0,0.06390142440795898,0.8186802864074707,0.5706836581230164,0,0,0.9276059865951538,0,1,0.9267669320106506,-0.22664763033390045,-0.2995549440383911,0,0.2623825669288635,-0.1800779402256012,0.9480121731758118,0,-0.2688080966472626,-0.9571850299835205,-0.10742197185754776,0,0,0.7254940271377563,0,1,0.9838340878486633,0.1790808141231537,0,0,-0.17891716957092285,0.9829350113868713,0.04274600371718407,0,0.007654995657503605,-0.04205499216914177,0.9990859627723694,0,0,0.05606900155544281,0,1,-0.619013786315918,0.5158199071884155,-0.5922426581382751,0,-0.713192343711853,-0.6849849820137024,0.1488359123468399,0,-0.328904926776886,0.514514684677124,0.791894257068634,0,-0.4328779876232147,-0.13918200135231018,0.011939999647438526,1,0.9604017734527588,0.08307360857725143,0.2659456729888916,0,0.15544000267982483,0.6324059963226318,-0.7588809132575989,0,-0.23122888803482056,0.7701700329780579,0.5944515466690063,0,0,0.9277700185775757,0,1,0.8651321530342102,0.43014565110206604,0.2579180896282196,0,-0.02536182291805744,-0.4760700464248657,0.879041850566864,0,0.5009027719497681,-0.7670280933380127,-0.40095388889312744,0,0,0.7266560196876526,0,1,0.9961080551147461,-0.08814623206853867,0,0,0.0880797803401947,0.9953570365905762,0.038803502917289734,0,-0.0034201915841549635,-0.03865249454975128,0.9992469549179077,0,0,0.08409100025892258,0,1
