3.800,30,113,25
B0,mixamorig_Hips,-1,-0.9582489728927612,0.050033122301101685,-0.28152281045913696,0,-0.03726822882890701,0.9543178677558899,0.2964581847190857,0,0.28349509835243225,0.29457277059555054,-0.9126099348068237,0,0.033969998359680176,0.24806000292301178,-0.009990000165998936,1
B1,mixamorig_Spine,0,0.9973130226135254,0.02482481300830841,0.06892076134681702,0,-0.009944124147295952,0.9779989719390869,-0.20837312936782837,0,-0.07257726043462753,0.2071278691291809,0.9756180047988892,0,0,0.03688599914312363,-0.00039000000106170774,1
B2,mixamorig_Spine1,1,0.9988919496536255,0.00008589591016061604,0.047059204429388046,0,0.007437860127538443,0.9871410727500916,-0.15967993438243866,0,-0.04646780714392662,0.15985307097434998,0.9860470294952393,0,0,0.043035998940467834,0,1
B3,mixamorig_Spine2,2,0.9990729689598083,0.00030910896020941436,0.043055836111307144,0,0.006619131192564964,0.9869849681854248,-0.1606769561767578,0,-0.0425451286137104,0.16081300377845764,0.9860679507255554,0,0,0.04918399825692177,0,1
B4,mixamorig_Neck,3,0.9993119239807129,0.033837150782346725,-0.015205008909106255,0,-0.03283284604549408,0.9975330233573914,0.062046974897384644,0,0.017266979441046715,-0.061505019664764404,0.9979569911956787,0,0,0.055332001298666,0,1
B5,mixamorig_Head,4,0.9968450665473938,-0.030611926689743996,-0.07323314994573593,0,0.07679393142461777,0.60527104139328,0.7923070788383484,0,0.020071858540177345,-0.7954310178756714,0.6057120561599731,0,0,0.03725099936127663,-0.006796000059694052,1
B6,mixamorig_HeadTop_End,5,1,0,0,0,0,1,0,0,0,0,1,0,0,0.23069800436496735,-0.04208900034427643,1
B7,mixamorig_LeftShoulder,3,0.018284032121300697,0.01563115045428276,0.9997109770774841,0,-0.9933729767799377,-0.11319401115179062,0.01993797905743122,0,0.11347289383411407,-0.9934499263763428,0.013457909226417542,0,-0.034717999398708344,0.048197999596595764,-0.00013800000306218863,1
B8,mixamorig_LeftArm,7,-0.9283298254013062,-0.25309404730796814,-0.2722971439361572,0,-0.3715327978134155,0.6570040583610535,0.6559789776802063,0,0.0128759341314435,0.710132896900177,-0.7039498686790466,0,0,0.07304099947214127,0,1
B9,mixamorig_LeftForeArm,8,0.13426467776298523,-0.9909010529518127,-0.009430092759430408,0,0.9909119606018066,0.13417525589466095,0.00955211091786623,0,-0.008199905045330524,-0.010626896284520626,0.9999100565910339,0,0,0.10576599836349487,0,1
B10,mixamorig_LeftHand,9,1,0,0,0,0,1,0,0,0,0,1,0,0,0.09361699968576431,0,1
B11,mixamorig_RightShoulder,3,-0.014054813422262669,-0.025193285197019577,-0.9995840191841125,0,0.9948169589042664,-0.1010390892624855,-0.01144125871360302,0,-0.10070875287055969,-0.9945629835128784,0.02648281492292881,0,0.034717999398708344,0.04819599911570549,-0.000012999999853491317,1
B12,mixamorig_RightArm,11,-0.8037081360816956,0.5298817157745361,0.27070021629333496,0,0.46702203154563904,0.27985110878944397,0.8387929201126099,0,0.3687053322792053,0.8005677461624146,-0.47238510847091675,0,0,0.07304099947214127,0,1
B13,mixamorig_RightForeArm,12,-0.01743140257894993,0.9998480677604675,0.00026289591914974153,0,-0.9998480677604675,-0.0174315944314003,0.0007312652305699885,0,0.0007357368594966829,-0.0002501090639270842,1,0,0,0.10576099902391434,0,1
B14,mixamorig_RightHand,13,1,0,0,0,0,1,0,0,0,0,1,0,0,0.09362000226974487,0,1
B15,mixamorig_LeftUpLeg,0,-0.8441131114959717,0.34124916791915894,0.41354891657829285,0,-0.5322810411453247,-0.44067707657814026,-0.7228279113769531,0,-0.06442292034626007,-0.8302731513977051,0.5536218881607056,0,-0.06624100357294083,-0.0212009996175766,-0.002002999885007739,1
B16,mixamorig_LeftLeg,15,0.9848049283027649,0.1511760950088501,-0.0854652151465416,0,0.0036967601627111435,0.4737745225429535,0.8806387186050415,0,0.17362277209758759,-0.8675732612609863,0.46601662039756775,0,0,0.13943900167942047,0,1
B17,mixamorig_LeftFoot,16,-0.9346820712089539,-0.28912627696990967,0.20682191848754883,0,-0.06178227812051773,-0.4408268630504608,-0.8954631686210632,0,0.3500748872756958,-0.8497519493103027,0.39417028427124023,0,0,0.1111380010843277,0,1
B18,mixamorig_LeftToeBase,17,0.9946230053901672,-0.10339699685573578,-0.005787814036011696,0,0.10351300239562988,0.9942920207977295,0.025847939774394035,0,0.0030821789987385273,-0.026308078318834305,0.9996489882469177,0,0,0.007980000227689743,0,1
B19,mixamorig_LeftToe_End,18,1,0,0,0,0,1,0,0,0,0,1,0,0,0.007400999777019024,0,1
B20,mixamorig_RightUpLeg,0,-0.8783261179924011,-0.22081370651721954,-0.4240107834339142,0,0.4693262577056885,-0.5670619606971741,-0.6768848299980164,0,-0.09097491204738617,-0.793524980545044,0.6016989946365356,0,0.06624100357294083,-0.0212009996175766,-0.001699000014923513,1
B21,mixamorig_RightLeg,20,0.9739159941673279,-0.20783881843090057,0.09105298668146133,0,0.014945119619369507,0.45915913581848145,0.8882279396057129,0,-0.2264161854982376,-0.8636990785598755,0.45028892159461975,0,0,0.13945400714874268,0,1
B22,mixamorig_RightFoot,21,-0.942736029624939,0.22718095779418945,-0.2442101091146469,0,0.09359487146139145,-0.5225729942321777,-0.8474419713020325,0,-0.32013997435569763,-0.8217700719833374,0.4713849425315857,0,0,0.11119399964809418,0,1
B23,mixamorig_RightToeBase,22,0.9988049864768982,0.04872381314635277,0.003939265385270119,0,-0.04880217835307121,0.9985399842262268,0.023146705701947212,0,-0.0028057165909558535,-0.023311277851462364,0.9997239708900452,0,0,0.010448000393807888,0,1
B24,mixamorig_RightToe_End,23,1,0,0,0,0,1,0,0,0,0,1,0,0,0.01117900013923645,0,1
@20,0,1,2,3,4,5,7,8,9,11,12,13,15,16,17,18,20,21,22,23
K0,0.9579346179962158,0.05003318563103676,0.2825903594493866,0,0.037598490715026855,0.9543178677558899,-0.2964164912700653,0,-0.28451183438301086,0.2945728003978729,0.9122933745384216,0,-0.03398110717535019,0.24806000292301178,0.009952140972018242,1,0.9973130226135254,0.0248248428106308,0.06892074644565582,0,-0.009944156743586063,0.9779989719390869,-0.20837312936782837,0,-0.07257724553346634,0.2071278691291809,0.9756180047988892,0,0,0.03688599914312363,-0.00039000000106170774,1,0.9988919496536255,0.0000858772182255052,0.04705919697880745,0,0.00743787782266736,0.9871410727500916,-0.15967993438243866,0,-0.046467795968055725,0.15985307097434998,0.9860470294952393,0,0,0.043035998940467834,0,1,0.9990729689598083,0.00030912153306417167,0.04305584728717804,0,0.0066191209480166435,0.9869849681854248,-0.1606769561767578,0,-0.0425451435148716,0.16081300377845764,0.9860679507255554,0,0,0.04918399825692177,0,1,0.9993119239807129,0.033837150782346725,-0.015205014497041702,0,-0.03283284604549408,0.9975330233573914,0.06204697862267494,0,0.017266985028982162,-0.0615050233900547,0.9979569911956787,0,0,0.055332001298666,0,1,0.9968450665473938,-0.030611993744969368,-0.07323318719863892,0,0.07679400593042374,0.6052709817886353,0.7923070192337036,0,0.020071817561984062,-0.7954310178756714,0.6057119965553284,0,0,0.03725099936127663,-0.006796000059694052,1,0.018283866345882416,0.015631165355443954,0.9997109770774841,0,-0.993372917175293,-0.11319376528263092,0.019937770441174507,0,0.11347268521785736,-0.9934499263763428,0.01345799583941698,0,-0.034717999398708344,0.048197999596595764,-0.00013800000306218863,1,-0.9283298254013062,-0.2530941367149353,-0.27229711413383484,0,-0.3715328276157379,0.6570040583610535,0.6559789776802063,0,0.012875871732831001,0.710132896900177,-0.7039498686790466,0,0,0.07304099947214127,0,1,0.13426467776298523,-0.9909010529518127,-0.009429995901882648,0,0.9909119606018066,0.13417525589466095,0.009552190080285072,0,-0.008199996314942837,-0.010626810602843761,0.9999100565910339,0,0,0.10576599836349487,0,1,-0.014054843224585056,-0.025193283334374428,-0.9995840191841125,0,0.9948169589042664,-0.1010395884513855,-0.011441253125667572,0,-0.1007092297077179,-0.9945629239082336,0.02648279257118702,0,0.034717999398708344,0.04819599911570549,-0.000012999999853491317,1,-0.803708016872406,0.5298817753791809,0.2707004249095917,0,0.4670221209526062,0.2798507511615753,0.8387929201126099,0,0.3687054216861725,0.8005678057670593,-0.47238484025001526,0,0,0.07304099947214127,0,1,-0.01743140257894993,0.9998480081558228,0.0002626259811222553,0,-0.9998480081558228,-0.0174315944314003,0.0007311590597964823,0,0.0007356260321103036,-0.0002498409303370863,1,0,0,0.10576099902391434,0,1,-0.8441130518913269,0.3412490487098694,0.41354885697364807,0,-0.5322809815406799,-0.44067707657814026,-0.7228279113769531,0,-0.0644228532910347,-0.8302730917930603,0.5536219477653503,0,-0.06624100357294083,-0.0212009996175766,-0.002002999885007739,1,0.9848049283027649,0.15117593109607697,-0.08546531945466995,0,0.0036969322245568037,0.4737745523452759,0.8806387186050415,0,0.17362266778945923,-0.8675732612609863,0.46601662039756775,0,0,0.13943900167942047,0,1,-0.9346818327903748,-0.28912633657455444,0.2068219929933548,0,-0.061782337725162506,-0.4408267140388489,-0.8954631090164185,0,0.35007497668266296,-0.849751889705658,0.39417025446891785,0,0,0.1111380010843277,0,1,0.9946230053901672,-0.10339699685573578,-0.00578781682997942,0,0.10351300239562988,0.9942920207977295,0.02584793046116829,0,0.0030821827240288258,-0.02630806900560856,0.9996489882469177,0,0,0.007980000227689743,0,1,-0.8783262372016907,-0.22081364691257477,-0.4240109622478485,0,0.469326376914978,-0.5670619606971741,-0.6768848896026611,0,-0.09097503125667572,-0.7935250997543335,0.6016988158226013,0,0.06624100357294083,-0.0212009996175766,-0.001699000014923513,1,0.9739159941673279,-0.20783880352973938,0.09105288982391357,0,0.014945203438401222,0.45915913581848145,0.8882279396057129,0,-0.22641614079475403,-0.8636990785598755,0.45028892159461975,0,0,0.13945400714874268,0,1,-0.942736029624939,0.22718088328838348,-0.24421007931232452,0,0.09359488636255264,-0.5225729942321777,-0.8474419116973877,0,-0.32013991475105286,-0.8217700719833374,0.4713849723339081,0,0,0.11119399964809418,0,1,0.9988049864768982,0.048723816871643066,0.003939274698495865,0,-0.04880218207836151,0.9985399842262268,0.02314671315252781,0,-0.0028057254385203123,-0.02331128530204296,0.9997239708900452,0,0,0.010448000393807888,0,1
K0.034,0.9557936787605286,0.05072681978344917,0.28962770104408264,0,0.03695204108953476,0.9564746618270874,-0.2894662022590637,0,-0.29170528054237366,0.287372350692749,0.9123180508613586,0,-0.03461535647511482,0.24845202267169952,0.010345607064664364,1,0.9977202415466309,0.025770965963602066,0.0623728446662426,0,-0.012383445166051388,0.9784359931945801,-0.20617987215518951,0,-0.06634125858545303,0.20493735373020172,0.9765241146087646,0,0,0.03688599914312363,-0.00039000000106170774,1,0.9991068243980408,0.0011571533977985382,0.04223709926009178,0,0.005521933548152447,0.9874759912490845,-0.15767331421375275,0,-0.04189057648181915,0.157765731215477,0.9865877628326416,0,0,0.043035998940467834,0,1,0.9992656707763672,0.0013656807132065296,0.03829864412546158,0,0.004727806430310011,0.987338125705719,-0.1585623323917389,0,-0.0380302257835865,0.15862680971622467,0.9866056442260742,0,0,0.04918399825692177,0,1,0.9994404315948486,0.03033038042485714,-0.014119734987616539,0,-0.029375355690717697,0.9975468516349792,0.06353217363357544,0,0.016012057662010193,-0.06308188289403915,0.9978800415992737,0,0,0.055332001298666,0,1,0.9971952438354492,-0.030333196744322777,-0.06841689348220825,0,0.07260745018720627,0.613726794719696,0.7861729264259338,0,0.01814214698970318,-0.7889353632926941,0.6142078638076782,0,0,0.03725099936127663,-0.006796000059694052,1,0.017457298934459686,0.01587151177227497,0.9997210502624512,0,-0.9932894706726074,-0.11405616253614426,0.019155705347657204,0,0.11432847380638123,-0.9933472871780396,0.013773936778306961,0,-0.034717999398708344,0.048197999596595764,-0.00013800000306218863,1,-0.9271431565284729,-0.2662034034729004,-0.26370787620544434,0,-0.3746901750564575,0.6517823934555054,0.6593838930130005,0,-0.0036500906571745872,0.7101517915725708,-0.7040391564369202,0,0,0.07304099947214127,0,1,0.139362633228302,-0.9901968240737915,-0.009380733594298363,0,0.990207850933075,0.1392737478017807,0.009544695727527142,0,-0.008144636638462543,-0.010619047097861767,0.9999100565910339,0,0,0.10576599836349487,0,1,-0.01021766010671854,-0.024237383157014847,-0.9996537566184998,0,0.9946668744087219,-0.10285616666078568,-0.007672884035855532,0,-0.10263460129499435,-0.9944007396697998,0.025159096345305443,0,0.034717999398708344,0.04819599911570549,-0.000012999999853491317,1,-0.8069579005241394,0.5262902975082397,0.2680266201496124,0,0.4608433246612549,0.2772586941719055,0.8430602550506592,0,0.3693815767765045,0.8038320541381836,-0.4662732779979706,0,0,0.07304099947214127,0,1,-0.00994244497269392,0.9999509453773499,0.00025788453058339655,0,-0.9999498724937439,-0.009942622855305672,0.0007313915994018316,0,0.0007339200819842517,-0.0002505999291315675,1,0,0,0.10576099902391434,0,1,-0.8431112766265869,0.34002062678337097,0.41659069061279297,0,-0.5350021123886108,-0.45235347747802734,-0.7135463953018188,0,-0.0541742704808712,-0.8244768977165222,0.5632967948913574,0,-0.06624100357294083,-0.0212009996175766,-0.002002999885007739,1,0.9844805002212524,0.15165354311466217,-0.0883115828037262,0,0.0044587054289877415,0.4814431667327881,0.8764657378196716,0,0.17543622851371765,-0.863257646560669,0.4732954800128937,0,0,0.13943900167942047,0,1,-0.9354406595230103,-0.286642849445343,0.2068508118391037,0,-0.060553546994924545,-0.44658249616622925,-0.8926912546157837,0,0.3482593894004822,-0.8475848436355591,0.4003939628601074,0,0,0.1111380010843277,0,1,0.9945395588874817,-0.1043240949511528,-0.0026323227211833,0,0.10435198992490768,0.9944263100624084,0.015029161237180233,0,0.0010497482726350427,-0.015221799723803997,0.9998838305473328,0,0,0.007980000227689743,0,1,-0.8837918043136597,-0.21830788254737854,-0.4138282239437103,0,0.4589283764362335,-0.5766672492027283,-0.675899088382721,0,-0.09108707308769226,-0.7872716188430786,0.6098414063453674,0,0.06624100357294083,-0.0212009996175766,-0.001699000014923513,1,0.9752545356750488,-0.19820037484169006,0.09795770049095154,0,0.006519362796097994,0.4686633050441742,0.8833526968955994,0,-0.22099004685878754,-0.8608551025390625,0.45835819840431213,0,0,0.13945400714874268,0,1,-0.943407416343689,0.22974960505962372,-0.23915784060955048,0,0.08588384091854095,-0.5272902250289917,-0.8453336358070374,0,-0.320320725440979,-0.8180339336395264,0.4777178466320038,0,0,0.11119399964809418,0,1,0.9987557530403137,0.04984669014811516,0.0012967984657734632,0,-0.04985646903514862,0.9987143874168396,0.009119999594986439,0,-0.0008405300322920084,-0.009173313155770302,0.9999576807022095,0,0,0.010448000393807888,0,1
K0.067,0.9540503025054932,0.05043762922286987,0.2953713536262512,0,0.036526165902614594,0.9588051438331604,-0.28170517086982727,0,-0.29741209745407104,0.2795496881008148,0.9129059314727783,0,-0.03539511188864708,0.24937386810779572,0.010821949690580368,1,0.99806809425354,0.02765178121626377,0.05563860386610031,0,-0.01569034904241562,0.978653073310852,-0.20492002367973328,0,-0.06011725217103958,0.20365101099014282,0.9771956205368042,0,0,0.03688599914312363,-0.00039000000106170774,1,0.9993031024932861,0.002696800511330366,0.037226419895887375,0,0.0031596589833498,0.9876936078071594,-0.15636931359767914,0,-0.037189990282058716,0.15637794137001038,0.9869966506958008,0,0,0.043035998940467834,0,1,0.9994396567344666,0.0028899016324430704,0.033358462154865265,0,0.002389556262642145,0.9875718355178833,-0.157147616147995,0,-0.033398017287254333,0.15713925659656525,0.9870114922523499,0,0,0.04918399825692177,0,1,0.9995846748352051,0.025977570563554764,-0.012506218627095222,0,-0.02510155737400055,0.9975216388702393,0.0657319650053978,0,0.014182773418724537,-0.0653906986117363,0.9977588653564453,0,0,0.055332001298666,0,1,0.9976520538330078,-0.030175333842635155,-0.06148429587483406,0,0.06690231710672379,0.6215236186981201,0.7805334329605103,0,0.014661083929240704,-0.7828142046928406,0.6220830678939819,0,0,0.03725099936127663,-0.006796000059694052,1,0.01639554835855961,0.01615176349878311,0.9997348189353943,0,-0.993227481842041,-0.1147630363702774,0.018142998218536377,0,0.1150256097316742,-0.9932617545127869,0.014160716906189919,0,-0.034717999398708344,0.048197999596595764,-0.00013800000306218863,1,-0.9248527884483337,-0.27982068061828613,-0.2575822174549103,0,-0.37975823879241943,0.642429769039154,0.6656331419944763,0,-0.020779429003596306,0.7134312987327576,-0.7004168629646301,0,0,0.07304099947214127,0,1,0.15003371238708496,-0.9886377453804016,-0.009278246201574802,0,0.9886486530303955,0.149945929646492,0.009530559182167053,0,-0.008031032048165798,-0.010602827183902264,0.9999120235443115,0,0,0.10576599836349487,0,1,-0.004571795463562012,-0.022974476218223572,-0.9997251033782959,0,0.9943968057632446,-0.10569477081298828,-0.0021184980869293213,0,-0.10561705380678177,-0.9941331148147583,0.023328980430960655,0,0.034717999398708344,0.04819599911570549,-0.000012999999853491317,1,-0.8112574219703674,0.5209539532661438,0.2654588520526886,0,0.45366591215133667,0.2744330167770386,0.8478635549545288,0,0.36884748935699463,0.8082658648490906,-0.4589751362800598,0,0,0.07304099947214127,0,1,-0.000028514870791696012,0.9999999403953552,0.0002504614240024239,0,-0.9999999403953552,-0.0000286978483927669,0.0007305601611733437,0,0.0007305674371309578,-0.00025044058565981686,1,0,0,0.10576099902391434,0,1,-0.8433952927589417,0.3388560712337494,0.41696697473526,0,-0.5354545712471008,-0.46592432260513306,-0.7044168710708618,0,-0.04442089423537254,-0.8173684477806091,0.5744000673294067,0,-0.06624100357294083,-0.0212009996175766,-0.002002999885007739,1,0.9846594333648682,0.1505473256111145,-0.0882144644856453,0,0.0026679791044443846,0.49251076579093933,0.8703020215034485,0,0.17446821928024292,-0.8571863770484924,0.4845536947250366,0,0,0.13943900167942047,0,1,-0.936880350112915,-0.2829291820526123,0.20543958246707916,0,-0.06235101819038391,-0.4429532587528229,-0.8943742513656616,0,0.3440447747707367,-0.8507311940193176,0.39735350012779236,0,0,0.1111380010843277,0,1,0.9944940209388733,-0.10478958487510681,-0.0010004271753132343,0,0.10479433834552765,0.9944489598274231,0.009447673335671425,0,0.000004855979568674229,-0.009500494226813316,0.9999549984931946,0,0,0.007980000227689743,0,1,-0.8894868493080139,-0.217939093708992,-0.4016416668891907,0,0.44821450114250183,-0.5872527360916138,-0.6739727854728699,0,-0.08898012340068817,-0.7795113325119019,0.6200369000434875,0,0.06624100357294083,-0.0212009996175766,-0.001699000014923513,1,0.9777337908744812,-0.18303295969963074,0.10264117270708084,0,-0.002154097193852067,0.48034125566482544,0.8770790696144104,0,-0.20983722805976868,-0.8577712178230286,0.46925175189971924,0,0,0.13945400714874268,0,1,-0.9431719183921814,0.23593097925186157,-0.23401808738708496,0,0.07963202893733978,-0.5232374668121338,-0.8484584093093872,0,-0.32262444496154785,-0.8188768625259399,0.47471484541893005,0,0,0.11119399964809418,0,1,0.9987248182296753,0.05047808587551117,-0.0002361946681048721,0,-0.05047784745693207,0.9987248778343201,0.0010210765758529305,0,0.0002874353958759457,-0.001007851562462747,0.9999990463256836,0,0,0.010448000393807888,0,1
K0.101,0.9527410268783569,0.04908366501331329,0.29979127645492554,0,0.036364443600177765,0.9613367915153503,-0.27296262979507446,0,-0.3015986382961273,0.27096471190452576,0.9141208529472351,0,-0.03638084605336189,0.25079402327537537,0.011418016627430916,1,0.9983360171318054,0.030038096010684967,0.04922522231936455,0,-0.01932608336210251,0.9785361886024475,-0.2051679491996765,0,-0.05433148890733719,0.20387513935565948,0.9774880409240723,0,0,0.03688599914312363,-0.00039000000106170774,1,0.9994648694992065,0.00437807384878397,0.03240368887782097,0,0.0007388516678474844,0.9877190589904785,-0.1562403291463852,0,-0.032689791172742844,0.1561807543039322,0.9871877431869507,0,0,0.043035998940467834,0,1,0.9995793104171753,0.00455486262217164,0.02865133062005043,0,-0.0000025366450699948473,0.9876112341880798,-0.15691760182380676,0,-0.029011117294430733,0.15685154497623444,0.9871959090232849,0,0,0.04918399825692177,0,1,0.9996705055236816,0.023297976702451706,-0.010740025900304317,0,-0.02249443717300892,0.9973151087760925,0.0696830302476883,0,0.012334668077528477,-0.06941850483417511,0.9975109696388245,0,0,0.055332001298666,0,1,0.998085081577301,-0.030407913029193878,-0.05387525632977486,0,0.06101152300834656,0.6279160380363464,0.7758862972259521,0,0.010236040689051151,-0.7776865363121033,0.6285680532455444,0,0,0.03725099936127663,-0.006796000059694052,1,0.01722331903874874,0.016185881569981575,0.9997203350067139,0,-0.9927831888198853,-0.1184084415435791,0.019020844250917435,0,0.11868321895599365,-0.9928330183029175,0.014029733836650848,0,-0.034717999398708344,0.048197999596595764,-0.00013800000306218863,1,-0.9217846393585205,-0.2951545715332031,-0.25139182806015015,0,-0.3856573700904846,0.6315127015113831,0.6726519465446472,0,-0.039779141545295715,0.7169911861419678,-0.6959471106529236,0,0,0.07304099947214127,0,1,0.16091784834861755,-0.9869256615638733,-0.009172985330224037,0,0.9869356751441956,0.16083106398582458,0.009513535536825657,0,-0.007913853041827679,-0.010584047064185143,0.9999130368232727,0,0,0.10576599836349487,0,1,0.002609184244647622,-0.02155301347374916,-0.9997643232345581,0,0.9940131902694702,-0.10914719849824905,0.0049471743404865265,0,-0.10922808945178986,-0.9937916398048401,0.021139198914170265,0,0.034717999398708344,0.04819599911570549,-0.000012999999853491317,1,-0.8166331648826599,0.5140218138694763,0.2624707818031311,0,0.44497013092041016,0.27110081911087036,0.8535256385803223,0,0.3675747811794281,0.8138089179992676,-0.45011433959007263,0,0,0.07304099947214127,0,1,0.009647105820477009,0.9999534487724304,0.00024279071658384055,0,-0.9999534487724304,0.009646927937865257,0.0007311669760383666,0,0.0007287907064892352,-0.000249833072302863,0.9999999403953552,0,0,0.10576099902391434,0,1,-0.8450447916984558,0.33787038922309875,0.4144185781478882,0,-0.5335001945495605,-0.480989933013916,-0.6957200765609741,0,-0.035732053220272064,-0.8090072870254517,0.5867121815681458,0,-0.06624100357294083,-0.0212009996175766,-0.002002999885007739,1,0.9853523373603821,0.148034930229187,-0.084654301404953,0,-0.0019440422765910625,0.5061356425285339,0.8624509572982788,0,0.17051959037780762,-0.8496542572975159,0.4990101754665375,0,0,0.13943900167942047,0,1,-0.9390807151794434,-0.27763935923576355,0.20259088277816772,0,-0.06723898649215698,-0.42965033650398254,-0.9004881381988525,0,0.33705419301986694,-0.8592530488967896,0.384808212518692,0,0,0.1111380010843277,0,1,0.9944942593574524,-0.10478431731462479,-0.0010196168441325426,0,0.10478929430246353,0.9944489598274231,0.009512660093605518,0,0.00001717938903311733,-0.009567136876285076,0.9999547004699707,0,0,0.007980000227689743,0,1,-0.8955900073051453,-0.2200336754322052,-0.38665586709976196,0,0.43694189190864563,-0.59849613904953,-0.6714795827865601,0,-0.08366396278142929,-0.7703169584274292,0.6321494579315186,0,0.06624100357294083,-0.0212009996175766,-0.001699000014923513,1,0.9810556769371033,-0.16222554445266724,0.10588696599006653,0,-0.012152578681707382,0.4939725697040558,0.8693923950195312,0,-0.1933429092168808,-0.8542091250419617,0.48264312744140625,0,0,0.13945400714874268,0,1,-0.9415404200553894,0.2471153736114502,-0.2289903461933136,0,0.07467770576477051,-0.5097052454948425,-0.8571019768714905,0,-0.32852038741111755,-0.8240959048271179,0.4614536762237549,0,0,0.11119399964809418,0,1,0.9987168908119202,0.05064459890127182,-0.00064699980430305,0,-0.050645288079977036,0.998715877532959,-0.001141574583016336,0,0.0005883541307412088,0.0011728769168257713,0.9999989867210388,0,0,0.010448000393807888,0,1
K0.135,0.9523350596427917,0.04791700839996338,0.3012668490409851,0,0.035167157649993896,0.963756799697876,-0.26445409655570984,0,-0.30301979184150696,0.2624436318874359,0.9161341786384583,0,-0.03789341449737549,0.2522832751274109,0.012208306230604649,1,0.9985899329185486,0.030844638124108315,0.043211571872234344,0,-0.02126266248524189,0.9781438708305359,-0.20683841407299042,0,-0.048646993935108185,0.20562797784805298,0.9774205088615417,0,0,0.03688599914312363,-0.00039000000106170774,1,0.9996026754379272,0.00477555999532342,0.027788229286670685,0,-0.00034570079878903925,0.9875541925430298,-0.1572810262441635,0,-0.02819347009062767,0.15720883011817932,0.9871628880500793,0,0,0.043035998940467834,0,1,0.9996979832649231,0.004936411511152983,0.0240896325558424,0,-0.001071999897249043,0.9874608516693115,-0.15786197781562805,0,-0.024566836655139923,0.1577884554862976,0.9871677756309509,0,0,0.04918399825692177,0,1,0.9997277855873108,0.021722106263041496,-0.008517526090145111,0,-0.02102334052324295,0.9969642162322998,0.07496844977140427,0,0.010120140388607979,-0.07476897537708282,0.9971494078636169,0,0,0.055332001298666,0,1,0.9985042214393616,-0.03181566670536995,-0.04446658119559288,0,0.05456742271780968,0.6311933398246765,0.7737038135528564,0,0.00345110846683383,-0.7749727368354797,0.6319852471351624,0,0,0.03725099936127663,-0.006796000059694052,1,0.018511390313506126,0.016135992482304573,0.9996989369392395,0,-0.992215096950531,-0.12286336719989777,0.02035594917833805,0,0.12315472960472107,-0.9922924041748047,0.013735976070165634,0,-0.034717999398708344,0.048197999596595764,-0.00013800000306218863,1,-0.9166717529296875,-0.31849798560142517,-0.24139659106731415,0,-0.394138365983963,0.6205965280532837,0.6778751611709595,0,-0.06609199941158295,0.716532826423645,-0.6944158673286438,0,0,0.07304099947214127,0,1,0.1658347249031067,-0.9861117005348206,-0.009125683456659317,0,0.9861217737197876,0.1657484471797943,0.009506134316325188,0,-0.007861540652811527,-0.01057548075914383,0.9999129772186279,0,0,0.10576599836349487,0,1,0.008880482986569405,-0.0203679371625185,-0.9997529983520508,0,0.9937967658042908,-0.11065937578678131,0.011082074604928493,0,-0.11085768789052963,-0.993649423122406,0.019258830696344376,0,0.034717999398708344,0.04819599911570549,-0.000012999999853491317,1,-0.8250685334205627,0.5036993622779846,0.25602424144744873,0,0.43403562903404236,0.27487996220588684,0.8579355478286743,0,0.36176589131355286,0.8189798593521118,-0.4454185664653778,0,0,0.07304099947214127,0,1,0.011548229493200779,0.9999335408210754,0.00024190315161831677,0,-0.9999335408210754,0.011548052541911602,0.0007307101041078568,0,0.0007278677076101303,-0.0002503253344912082,0.9999999403953552,0,0,0.10576099902391434,0,1,-0.848321259021759,0.3343541622161865,0.4105595350265503,0,-0.5287240743637085,-0.4934408366680145,-0.6906279921531677,0,-0.028327487409114838,-0.8029468655586243,0.5953773260116577,0,-0.06624100357294083,-0.0212009996175766,-0.002002999885007739,1,0.9859322905540466,0.14563383162021637,-0.08202137798070908,0,-0.005333516746759415,0.517889142036438,0.8554316163063049,0,0.1670578271150589,-0.84296053647995,0.5113806128501892,0,0,0.13943900167942047,0,1,-0.9422169923782349,-0.2694806754589081,0.1990157663822174,0,-0.07369359582662582,-0.4127902388572693,-0.9078393578529358,0,0.32679715752601624,-0.8700485229492188,0.36907920241355896,0,0,0.1111380010843277,0,1,0.9945052862167358,-0.10468073934316635,-0.001385077484883368,0,0.1046895906329155,0.9944469332695007,0.010763262398540974,0,0.0002506797609385103,-0.010849122889339924,0.9999415874481201,0,0,0.007980000227689743,0,1,-0.9008929133415222,-0.22237548232078552,-0.3727481961250305,0,0.4267611801624298,-0.610450029373169,-0.6672520637512207,0,-0.07916367799043655,-0.7601974010467529,0.644851565361023,0,0.06624100357294083,-0.0212009996175766,-0.001699000014923513,1,0.9840160608291626,-0.13952820003032684,0.1106538400053978,0,-0.02417299896478653,0.5109645128250122,0.8592614531517029,0,-0.17643150687217712,-0.8482025265693665,0.4994248151779175,0,0,0.13945400714874268,0,1,-0.9386296272277832,0.26214104890823364,-0.2241792380809784,0,0.07022105157375336,-0.4910966753959656,-0.8682702779769897,0,-0.33770304918289185,-0.8307264447212219,0.4425502121448517,0,0,0.11119399964809418,0,1,0.9987117648124695,0.050736863166093826,-0.0008745256927795708,0,-0.05073875933885574,0.9987087249755859,-0.002342789201065898,0,0.0007545309490524232,0.0023841443471610546,0.9999969005584717,0,0,0.010448000393807888,0,1
K0.168,0.9515582323074341,0.04757910594344139,0.3037635087966919,0,0.03359479457139969,0.9659501910209656,-0.2565365135669708,0,-0.30562660098075867,0.25431469082832336,0.9175605773925781,0,-0.040153536945581436,0.25399044156074524,0.013335290364921093,1,0.9988718628883362,0.03109600394964218,0.035883720964193344,0,-0.022855445742607117,0.9772875308990479,-0.21068258583545685,0,-0.04162011295557022,0.20962482690811157,0.9768960475921631,0,0,0.03688599914312363,-0.00039000000106170774,1,0.9997469782829285,0.004489799961447716,0.022028258070349693,0,-0.0009033580427058041,0.9870854616165161,-0.16018909215927124,0,-0.022463008761405945,0.16012878715991974,0.9868404865264893,0,0,0.043035998940467834,0,1,0.9998219013214111,0.004625937435775995,0.01828763447701931,0,-0.0016282574506476521,0.9870101809501648,-0.1606484204530716,0,-0.01879323646426201,0.16059008240699768,0.986842155456543,0,0,0.04918399825692177,0,1,0.9998447299003601,0.016670407727360725,-0.005768904462456703,0,-0.01615353487432003,0.9966381192207336,0.08031626790761948,0,0.007088415324687958,-0.0802106112241745,0.9967527389526367,0,0,0.055332001298666,0,1,0.998997151851654,-0.03064187429845333,-0.03264521434903145,0,0.04465939849615097,0.6300166249275208,0.7752966284751892,0,-0.0031895111314952374,-0.7759769558906555,0.630753219127655,0,0,0.03725099936127663,-0.006796000059694052,1,0.015059087425470352,0.016666457056999207,0.9997479915618896,0,-0.9928180575370789,-0.11843264102935791,0.016929002478718758,0,0.11868497729301453,-0.9928226470947266,0.014763327315449715,0,-0.034717999398708344,0.048197999596595764,-0.00013800000306218863,1,-0.9064927697181702,-0.3514859080314636,-0.2339402288198471,0,-0.41084620356559753,0.606556236743927,0.6806574463844299,0,-0.09734366834163666,0.7131250500679016,-0.6942459940910339,0,0,0.07304099947214127,0,1,0.1685793548822403,-0.9856463074684143,-0.00909949466586113,0,0.985657274723053,0.16849352419376373,0.009501532651484013,0,-0.007831936702132225,-0.010570734739303589,0.9999129772186279,0,0,0.10576599836349487,0,1,0.009624830447137356,-0.020013296976685524,-0.9997534155845642,0,0.9943539500236511,-0.10547040402889252,0.011684221215546131,0,-0.10567820072174072,-0.9942213296890259,0.018885118886828423,0,0.034717999398708344,0.04819599911570549,-0.000012999999853491317,1,-0.8352728486061096,0.4903818368911743,0.24868738651275635,0,0.42442095279693604,0.2874927818775177,0.8586126565933228,0,0.3495519459247589,0.822723388671875,-0.4482628107070923,0,0,0.07304099947214127,0,1,0.010557224974036217,0.9999437928199768,0.00024329956795554608,0,-0.9999437928199768,0.010557047091424465,0.0007309970096684992,0,0.0007283880258910358,-0.0002510033955331892,0.9999999403953552,0,0,0.10576099902391434,0,1,-0.8523755669593811,0.326212614774704,0.4087068736553192,0,-0.5226218104362488,-0.504573404788971,-0.6872208118438721,0,-0.01795746572315693,-0.7993692755699158,0.600571870803833,0,-0.06624100357294083,-0.0212009996175766,-0.002002999885007739,1,0.9867034554481506,0.1414703130722046,-0.08001357316970825,0,-0.006898798514157534,0.528311550617218,0.8490225672721863,0,0.1623835563659668,-0.8371813893318176,0.522262692451477,0,0,0.13943900167942047,0,1,-0.946152925491333,-0.2585862874984741,0.19475029408931732,0,-0.08138643205165863,-0.3922666013240814,-0.9162437915802002,0,0.31332236528396606,-0.8827574849128723,0.35009899735450745,0,0,0.1111380010843277,0,1,0.9945141673088074,-0.10458594560623169,-0.0017203958705067635,0,0.10459905862808228,0.9944429397583008,0.011909371241927147,0,0.00046528290840797126,-0.01202399656176567,0.9999276995658875,0,0,0.007980000227689743,0,1,-0.9058576822280884,-0.22324779629707336,-0.359976202249527,0,0.4165439009666443,-0.6237765550613403,-0.6613569855690002,0,-0.0768982470035553,-0.7490413784980774,0.6580454707145691,0,0.06624100357294083,-0.0212009996175766,-0.001699000014923513,1,0.986058235168457,-0.11617230623960495,0.11913185566663742,0,-0.038154978305101395,0.5390135645866394,0.841433048248291,0,-0.1619648039340973,-0.8342469930648804,0.5270659327507019,0,0,0.13945400714874268,0,1,-0.9355667233467102,0.2775135338306427,-0.21840743720531464,0,0.06801992654800415,-0.46526962518692017,-0.8825514316558838,0,-0.34653836488723755,-0.8405418395996094,0.41641440987586975,0,0,0.11119399964809418,0,1,0.9987068772315979,0.05082881450653076,-0.0011023391271010041,0,-0.05083240941166878,0.998700737953186,-0.00354235852137208,0,0.000920852879062295,0.0035938117653131485,0.9999929070472717,0,0,0.010448000393807888,0,1
K0.202,0.9463103413581848,0.049505408853292465,0.31944745779037476,0,0.03464527055621147,0.9669799208641052,-0.2524856626987457,0,-0.3213987350463867,0.24999722838401794,0.9133480787277222,0,-0.04341190680861473,0.2561291754245758,0.015207820571959019,1,0.9990568161010742,0.032779511064291,0.028461331501603127,0,-0.025859666988253593,0.9759793877601624,-0.21632330119609833,0,-0.03486865013837814,0.21538329124450684,0.9759066104888916,0,0,0.03688599914312363,-0.00039000000106170774,1,0.9998591542243958,0.004956344608217478,0.016062401235103607,0,-0.00224072253331542,0.986314058303833,-0.16486358642578125,0,-0.0166596882045269,0.16480430960655212,0.9861859679222107,0,0,0.043035998940467834,0,1,0.9999103546142578,0.005048559047281742,0.012369017116725445,0,-0.002936003264039755,0.9862543940544128,-0.16520501673221588,0,-0.013033055700361729,0.16515401005744934,0.9861815571784973,0,0,0.04918399825692177,0,1,0.9999074339866638,0.012471931986510754,-0.005355006083846092,0,-0.011990105733275414,0.996548593044281,0.08214566111564636,0,0.006361039821058512,-0.0820738673210144,0.9966060519218445,0,0,0.055332001298666,0,1,0.999218225479126,-0.02503165230154991,-0.030603894963860512,0,0.039531443268060684,0.6194514036178589,0.7840390801429749,0,-0.0006681664963252842,-0.7846357226371765,0.6199564337730408,0,0,0.03725099936127663,-0.006796000059694052,1,0.010235300287604332,0.017263438552618027,0.9997987151145935,0,-0.9936787486076355,-0.11161034554243088,0.012099825777113438,0,0.11179672181606293,-0.9936022162437439,0.016011929139494896,0,-0.034717999398708344,0.048197999596595764,-0.00013800000306218863,1,-0.8877043128013611,-0.3931247591972351,-0.23965516686439514,0,-0.44631263613700867,0.6069096922874451,0.657621443271637,0,-0.11307821422815323,0.6907343864440918,-0.7142128348350525,0,0,0.07304099947214127,0,1,0.15858784317970276,-0.9873020648956299,-0.009195070713758469,0,0.9873132109642029,0.15850099921226501,0.009517361409962177,0,-0.007939083501696587,-0.010587753728032112,0.9999127984046936,0,0,0.10576599836349487,0,1,-0.0029746924992650747,-0.021779201924800873,-0.999758780002594,0,0.9963330030441284,-0.08555588871240616,-0.0011006880085915327,0,-0.0855112075805664,-0.9960954785346985,0.021953804418444633,0,0.034717999398708344,0.04819599911570549,-0.000012999999853491317,1,-0.8389174938201904,0.48530343174934387,0.24637003242969513,0,0.42639070749282837,0.3047192692756653,0.8516674041748047,0,0.3382433354854584,0.8195284008979797,-0.46256306767463684,0,0,0.07304099947214127,0,1,0.015541872940957546,0.9998788833618164,0.00023974345822352916,0,-0.9998788833618164,0.015541697852313519,0.0007308758213184774,0,0.0007270617061294615,-0.0002510737394914031,0.9999999403953552,0,0,0.10576099902391434,0,1,-0.8545423150062561,0.31194546818733215,0.41526633501052856,0,-0.5193799138069153,-0.5148285031318665,-0.6820530891418457,0,0.001027595717459917,-0.7985242009162903,0.6019610166549683,0,-0.06624100357294083,-0.0212009996175766,-0.002002999885007739,1,0.9888293743133545,0.12754210829734802,-0.07713606208562851,0,-0.0034351712092757225,0.5368686318397522,0.8436592221260071,0,0.1490139365196228,-0.8339696526527405,0.5313093662261963,0,0,0.13943900167942047,0,1,-0.9481916427612305,-0.25353848934173584,0.19144415855407715,0,-0.08735345304012299,-0.3713100850582123,-0.9243907332420349,0,0.30545392632484436,-0.8932232856750488,0.3299258053302765,0,0,0.1111380010843277,0,1,0.9945186376571655,-0.10454487800598145,-0.0018636735621839762,0,0.10455995798110962,0.9944410920143127,0.012399939820170403,0,0.0005569635541178286,-0.012526837177574635,0.9999215006828308,0,0,0.007980000227689743,0,1,-0.9130206108093262,-0.2186005860567093,-0.3443930149078369,0,0.40120697021484375,-0.6337020397186279,-0.6614031195640564,0,-0.0736594870686531,-0.7420479655265808,0.6662875413894653,0,0.06624100357294083,-0.0212009996175766,-0.001699000014923513,1,0.9861063957214355,-0.09633135050535202,0.1353306770324707,0,-0.053603190928697586,0.586571216583252,0.8081217408180237,0,-0.15722854435443878,-0.8041481375694275,0.5732579827308655,0,0,0.13945400714874268,0,1,-0.9318238496780396,0.2953992486000061,-0.21081775426864624,0,0.07078024744987488,-0.4218217730522156,-0.9039113521575928,0,-0.3559422791004181,-0.8572080731391907,0.3721553087234497,0,0,0.11119399964809418,0,1,0.998704195022583,0.05088108032941818,-0.0012334345374256372,0,-0.05088585615158081,0.9986953735351562,-0.004230115562677383,0,0.001016592257656157,0.00428739795461297,0.9999901652336121,0,0,0.010448000393807888,0,1
