0.767,30,23,33
B0,mixamorig_Hips,-1,0.9979419708251953,0.05491223186254501,0.0331200435757637,0,-0.05328378081321716,0.997416079044342,-0.04819497838616371,0,-0.035680945962667465,0.0463310182094574,0.9982890486717224,0,-0.012652999721467495,1.6157150268554688,-0.023661000654101372,1
B1,mixamorig_Spine,0,0.9912139773368835,0.11305190622806549,0.06865932792425156,0,-0.13029985129833221,0.7453838586807251,0.653778076171875,0,0.02273329347372055,-0.6569798588752747,0.7535650730133057,0,0,0.25036901235580444,0.0018439999548718333,1
B2,mixamorig_Spine1,1,0.999098002910614,0.034775037318468094,0.02436855621635914,0,-0.03760001063346863,0.9911730289459229,0.12713174521923065,0,-0.019732432439923286,-0.12793324887752533,0.9915859699249268,0,0,0.2921049892902374,0,1
B3,mixamorig_Spine2,2,0.9992499947547913,0.03182489424943924,0.022080084308981895,0,-0.03439709171652794,0.9911710023880005,0.1280512809753418,0,-0.01780991442501545,-0.1287146955728531,0.9915220737457275,0,0,0.33383500576019287,0,1
B4,mixamorig_Neck,3,0.9981349110603333,-0.04085523262619972,-0.045367710292339325,0,0.03569773584604263,0.9933800101280212,-0.10918810963630676,0,0.049528248608112335,0.10736486315727234,0.9929850101470947,0,0,0.37556400895118713,0,1
B5,mixamorig_Head,4,0.9503749012947083,-0.24854300916194916,-0.18711848556995392,0,0.08793627470731735,0.7915439605712891,-0.6047520637512207,0,0.29841965436935425,0.5582870841026306,0.7741200923919678,0,0,0.331481009721756,0.043396998196840286,1
B6,mixamorig_HeadTop_End,5,1,0,0,0,0,1,0,0,0,0,1,0,0,1.4954619407653809,0.19578300416469574,1
B7,mixamorig_LeftShoulder,3,-0.003912824206054211,0.02853972092270851,-0.9995850324630737,0,0.9882879853248596,-0.1523769497871399,-0.00821918435394764,0,-0.15254825353622437,-0.9879099726676941,-0.027609260752797127,0,0.232587993144989,0.32559698820114136,0.00003600000127335079,1
B8,mixamorig_LeftArm,7,0.8627130389213562,0.43198680877685547,0.2628939151763916,0,-0.5053861141204834,0.7546489238739014,0.4184379279613495,0,-0.01763296127319336,-0.4938550293445587,0.8693659901618958,0,0,0.4881260097026825,0,1
B9,mixamorig_LeftForeArm,8,0.8723139762878418,0.48892101645469666,0.004955256823450327,0,-0.488940954208374,0.8723070621490479,0.004192676395177841,0,-0.00227261777035892,-0.0060801575891673565,0.9999790787696838,0,0,0.7001680135726929,0,1
B10,mixamorig_LeftHand,9,-0.7135569453239441,-0.19594289362430573,-0.6726390719413757,0,-0.1891922801733017,0.9783160090446472,-0.08428682386875153,0,0.6745689511299133,0.06711466610431671,-0.7351550459861755,0,0,0.6535320281982422,0,1
B11,mixamorig_LeftHandIndex1,10,-0.9869949817657471,-0.02516785077750683,0.15876807272434235,0,-0.007616200018674135,0.9938799738883972,0.11020272225141525,0,-0.1605699211359024,0.10756029933691025,-0.9811459183692932,0,0,0.060575999319553375,0,1
B12,mixamorig_LeftHandIndex2,11,0.9985219836235046,0.05264196917414665,-0.013506065122783184,0,-0.03985803946852684,0.8782818913459778,0.47647926211357117,0,0.03694494441151619,-0.4752367436885834,0.8790821433067322,0,0,0.03868899866938591,0,1
B13,mixamorig_LeftHandIndex3,12,0.9933120012283325,-0.05617719143629074,-0.10086973756551743,0,0.08789891749620438,0.9344099164009094,0.34518304467201233,0,0.07486231625080109,-0.3517409861087799,0.9330989718437195,0,-0.005224000196903944,0.03941100090742111,0.009723999537527561,1
B14,mixamorig_LeftHandIndex4,13,1,0,0,0,0,1,0,0,0,0,1,0,-0.0060270000249147415,0.02063699997961521,0.0030950000509619713,1
B15,mixamorig_RightShoulder,3,-0.011691809631884098,-0.015801621600985527,0.9998070597648621,0,-0.9922430515289307,-0.12357187271118164,-0.013556338846683502,0,0.12376219779253006,-0.9922099709510803,-0.014234301634132862,0,-0.232587993144989,0.3256010115146637,0.000699999975040555,1
B16,mixamorig_RightArm,15,0.4291403591632843,-0.37255194783210754,-0.8228268623352051,0,0.8240870237350464,0.5344161987304688,0.18782952427864075,0,0.3697557747364044,-0.7586862444877625,0.5363548398017883,0,0,0.4881260097026825,0,1
B17,mixamorig_RightForeArm,16,0.8581241369247437,-0.5134408473968506,-0.00119399290997535,0,0.5134401321411133,0.8581249117851257,-0.0008460391545668244,0,0.001458986196666956,0.00011296279262751341,0.999998927116394,0,0,0.7001389861106873,0,1
B18,mixamorig_RightHand,17,0.1348060816526413,-0.009768877178430557,-0.9908239245414734,0,0.31480127573013306,0.9485669136047363,0.03347787633538246,0,0.9395360946655273,-0.31642577052116394,0.13094788789749146,0,0,0.653423011302948,0,1
B19,mixamorig_RightHandIndex1,18,0.9714060425758362,-0.2356506586074829,0.02895791083574295,0,0.23649534583091736,0.9496129155158997,-0.20568080246448517,0,0.020970026031136513,0.20664817094802856,0.9781909584999084,0,0,0.08986800163984299,0,1
B20,mixamorig_RightHandIndex2,19,0.9987289905548096,0.049089182168245316,-0.011428850702941418,0,-0.04461878538131714,0.9665660262107849,0.25250691175460815,0,0.0234421007335186,-0.251676082611084,0.9675279855728149,0,0,0.025970999151468277,0,1
B21,mixamorig_RightHandIndex3,20,0.9261739253997803,0.37702423334121704,-0.007424802519381046,0,-0.3762757480144501,0.9226780533790588,-0.08414939790964127,0,-0.02487565204501152,0.08073071390390396,0.9964250326156616,0,-0.00395999988541007,0.03376400098204613,-0.00380200007930398,1
B22,mixamorig_RightHandIndex4,21,1,0,0,0,0,1,0,0,0,0,1,0,0.0014750000555068254,0.020062999799847603,0.003019999945536256,1
B23,mixamorig_LeftUpLeg,0,-0.98701012134552,-0.08241905272006989,0.13790689408779144,0,0.14628005027770996,-0.8159729242324829,0.5592771768569946,0,0.0664331391453743,0.5721848607063293,0.8174290657043457,0,0.4328779876232147,-0.13918200135231018,0.009201000444591045,1
B24,mixamorig_LeftLeg,23,0.9952620267868042,0.09573709964752197,-0.016996491700410843,0,-0.0056485203094780445,-0.11757805943489075,-0.9930481314659119,0,-0.09706985205411911,0.988438069820404,-0.11648008227348328,0,0,0.9276059865951538,0,1
B25,mixamorig_LeftFoot,24,0.9409489035606384,0.23820900917053223,-0.24056515097618103,0,0.3157428801059723,-0.3610813021659851,0.877454936504364,0,0.12215408682823181,-0.9015970230102539,-0.41497185826301575,0,0,0.7254940271377563,0,1
B26,mixamorig_LeftToeBase,25,0.9817110300064087,0.18986354768276215,-0.013974915258586407,0,-0.1855774223804474,0.9707579016685486,0.152282252907753,0,0.042479101568460464,-0.14690372347831726,0.9882379770278931,0,0,0.05606900155544281,0,1
B27,mixamorig_LeftToe_End,26,1,0,0,0,0,1,0,0,0,0,1,0,0,0.06156900152564049,0,1
B28,mixamorig_RightUpLeg,0,-0.9467818737030029,0.20155863463878632,-0.2509552240371704,0,-0.3025820553302765,-0.8232141137123108,0.4803777039051056,0,-0.10976555943489075,0.5307471752166748,0.8403918743133545,0,-0.4328779876232147,-0.13918200135231018,0.011939999647438526,1
B29,mixamorig_RightLeg,28,0.9937670230865479,0.09191480278968811,0.06307429820299149,0,0.04321666434407234,0.2039029747247696,-0.9780370593070984,0,-0.10275712609291077,0.9746670126914978,0.19865983724594116,0,0,0.9277700185775757,0,1
B30,mixamorig_RightFoot,29,0.9866459965705872,-0.07466194033622742,0.14475910365581512,0,-0.15869995951652527,-0.6406983137130737,0.751213014125824,0,0.03665987402200699,-0.7641541361808777,-0.6439909934997559,0,0,0.7266560196876526,0,1
B31,mixamorig_RightToeBase,30,0.9952539801597595,-0.09670919179916382,0.01078969705849886,0,0.09442076086997986,0.9865719676017761,0.13327011466026306,0,-0.023533258587121964,-0.13161884248256683,0.9910210371017456,0,0,0.08409100025892258,0,1
B32,mixamorig_RightToe_End,31,1,0,0,0,0,1,0,0,0,0,1,0,0,0.06898599863052368,0,1
@28,0,1,2,3,4,5,7,8,9,10,11,12,13,15,16,17,18,19,20,21,23,24,25,26,28,29,30,31
K0,-0.14968566596508026,0.008236834779381752,-0.005134800914674997,0,0.007984505966305733,0.1496124118566513,0.007238149177283049,0,0.005518993828445673,0.006949653383344412,-0.14973729848861694,0,0.0018939940491691232,0.2423572689294815,0.003551262663677335,1,0.9912139773368835,0.11305202543735504,0.06865935027599335,0,-0.13029995560646057,0.7453838586807251,0.653778076171875,0,0.022733353078365326,-0.6569798588752747,0.7535650730133057,0,0,0.25036901235580444,0.0018439999548718333,1,0.999098002910614,0.034775011241436005,0.024368559941649437,0,-0.03759998455643654,0.9911730289459229,0.12713174521923065,0,-0.019732439890503883,-0.12793324887752533,0.9915859699249268,0,0,0.2921049892902374,0,1,0.9992499947547913,0.03182489797472954,0.022080086171627045,0,-0.03439709544181824,0.9911710023880005,0.128051295876503,0,-0.0178099162876606,-0.12871471047401428,0.9915220737457275,0,0,0.33383500576019287,0,1,0.9981349110603333,-0.040855251252651215,-0.04536772519350052,0,0.03569775074720383,0.9933800101280212,-0.10918812453746796,0,0.04952826723456383,0.10736487805843353,0.9929850101470947,0,0,0.37556400895118713,0,1,0.9503749012947083,-0.24854283034801483,-0.18711848556995392,0,0.0879361480474472,0.7915440201759338,-0.6047519445419312,0,0.2984195649623871,0.5582870841026306,0.7741201519966125,0,0,0.331481009721756,0.043396998196840286,1,-0.003912906162440777,0.02853969670832157,-0.999584972858429,0,0.9882880449295044,-0.15237630903720856,-0.008219262585043907,0,-0.15254764258861542,-0.9879100322723389,-0.0276092067360878,0,0.232587993144989,0.32559698820114136,0.00003600000127335079,1,0.8627130389213562,0.4319867789745331,0.2628939747810364,0,-0.5053861141204834,0.7546489238739014,0.4184379279613495,0,-0.01763300970196724,-0.4938550591468811,0.8693659901618958,0,0,0.4881260097026825,0,1,0.8723139762878418,0.48892107605934143,0.00495534110814333,0,-0.4889410138130188,0.8723070025444031,0.004192742984741926,0,-0.0022726585157215595,-0.006080257706344128,0.9999790787696838,0,0,0.7001680135726929,0,1,-0.7135569453239441,-0.19594277441501617,-0.6726390719413757,0,-0.18919223546981812,0.978316068649292,-0.08428671211004257,0,0.6745689511299133,0.06711471080780029,-0.7351549863815308,0,0,0.6535320281982422,0,1,-0.9869949817657471,-0.02516782283782959,0.15876807272434235,0,-0.007616173010319471,0.9938799738883972,0.11020270735025406,0,-0.1605699211359024,0.10756028443574905,-0.9811459183692932,0,0,0.060575999319553375,0,1,0.9985219836235046,0.052641965448856354,-0.013506060466170311,0,-0.03985803574323654,0.8782818913459778,0.47647926211357117,0,0.03694493696093559,-0.4752367436885834,0.8790821433067322,0,0,0.03868899866938591,0,1,0.9933120012283325,-0.05617714300751686,-0.10086970031261444,0,0.0878988578915596,0.9344099164009094,0.34518304467201233,0,0.0748622938990593,-0.3517409861087799,0.9330989718437195,0,-0.005224000196903944,0.03941100090742111,0.009723999537527561,1,-0.011691770516335964,-0.01580161787569523,0.9998070001602173,0,-0.9922431111335754,-0.12357112020254135,-0.013556333258748055,0,0.12376148253679276,-0.9922100305557251,-0.014234262518584728,0,-0.232587993144989,0.3256010115146637,0.000699999975040555,1,0.4291401207447052,-0.3725517690181732,-0.8228270411491394,0,0.8240870833396912,0.5344160795211792,0.18782947957515717,0,0.3697558045387268,-0.7586864829063416,0.5363545417785645,0,0,0.4881260097026825,0,1,0.8581241369247437,-0.5134409070014954,-0.001194003620184958,0,0.5134401917457581,0.8581249117851257,-0.0008460410754196346,0,0.0014589964412152767,0.00011295885633444414,0.999998927116394,0,0,0.7001389861106873,0,1,0.13480626046657562,-0.009768661111593246,-0.9908239245414734,0,0.31480133533477783,0.9485668540000916,0.033478159457445145,0,0.9395360946655273,-0.3164258897304535,0.13094797730445862,0,0,0.653423011302948,0,1,0.9714060425758362,-0.2356506586074829,0.028957972303032875,0,0.23649534583091736,0.9496129155158997,-0.20568080246448517,0,0.020969970151782036,0.20664820075035095,0.9781909584999084,0,0,0.08986800163984299,0,1,0.9987289905548096,0.049089204519987106,-0.011428872123360634,0,-0.04461880028247833,0.9665660262107849,0.25250691175460815,0,0.02344212681055069,-0.251676082611084,0.9675279855728149,0,0,0.025970999151468277,0,1,0.9261739253997803,0.37702423334121704,-0.00742471544072032,0,-0.3762757480144501,0.9226780533790588,-0.08414936065673828,0,-0.024875715374946594,0.08073063939809799,0.9964250326156616,0,-0.00395999988541007,0.03376400098204613,-0.00380200007930398,1,-0.98701012134552,-0.0824190080165863,0.13790684938430786,0,0.14627999067306519,-0.8159728646278381,0.5592771768569946,0,0.0664331391453743,0.5721848607063293,0.8174290657043457,0,0.4328779876232147,-0.13918200135231018,0.009201000444591045,1,0.9952619671821594,0.09573764353990555,-0.016996387392282486,0,-0.005648360587656498,-0.11757790297269821,-0.9930480718612671,0,-0.09707038104534149,0.9884379506111145,-0.11647993326187134,0,0,0.9276059865951538,0,1,0.940949022769928,0.23820869624614716,-0.24056516587734222,0,0.31574276089668274,-0.3610813319683075,0.8774549961090088,0,0.12215382605791092,-0.9015971422195435,-0.4149717688560486,0,0,0.7254940271377563,0,1,0.9817110300064087,0.18986356258392334,-0.013974905014038086,0,-0.18557743728160858,0.9707579016685486,0.15228226780891418,0,0.042479097843170166,-0.14690373837947845,0.9882379770278931,0,0,0.05606900155544281,0,1,-0.9467819333076477,0.20155875384807587,-0.25095537304878235,0,-0.3025822341442108,-0.8232141137123108,0.480377733707428,0,-0.10976561158895493,0.5307472944259644,0.8403918147087097,0,-0.4328779876232147,-0.13918200135231018,0.011939999647438526,1,0.9937670826911926,0.09191455692052841,0.06307414174079895,0,0.04321654886007309,0.20390312373638153,-0.9780369400978088,0,-0.10275685787200928,0.974666953086853,0.1986600160598755,0,0,0.9277700185775757,0,1,0.9866459369659424,-0.0746619775891304,0.14475911855697632,0,-0.15870001912117004,-0.6406981348991394,0.7512129545211792,0,0.0366598479449749,-0.7641541361808777,-0.6439908146858215,0,0,0.7266560196876526,0,1,0.9952539801597595,-0.09670921415090561,0.010789717547595501,0,0.09442077577114105,0.9865719676017761,0.13327014446258545,0,-0.023533282801508904,-0.13161885738372803,0.9910210371017456,0,0,0.08409100025892258,0,1
K0.033,-0.14920161664485931,0.010801230557262897,-0.01105520036071539,0,0.010493647307157516,0.1495647132396698,0.004505869932472706,0,0.011347576044499874,0.003708491101861,-0.1495242416858673,0,0.0021547088399529457,0.24327075481414795,0.004879505839198828,1,0.9939319491386414,0.10971617698669434,0.007809427101165056,0,-0.08893325924873352,0.7598162293434143,0.6440268754959106,0,0.06472644954919815,-0.6408136487007141,0.7649633288383484,0,0,0.25036901235580444,0.0018439999548718333,1,0.9996439814567566,0.025261197239160538,0.008568836376070976,0,-0.026089530438184738,0.9928180575370789,0.116756871342659,0,-0.00555787980556488,-0.11693890392780304,0.9931240677833557,0,0,0.2921049892902374,0,1,0.9997239708900452,0.022529996931552887,0.0066246408969163895,0,-0.02315273880958557,0.9927999973297119,0.11752589792013168,0,-0.0039290874265134335,-0.11764689534902573,0.9930480718612671,0,0,0.33383500576019287,0,1,0.9979169368743896,-0.05269811674952507,-0.03721129149198532,0,0.04925112426280975,0.9948890805244446,-0.0881519615650177,0,0.04166654869914055,0.0861356258392334,0.9954119920730591,0,0,0.37556400895118713,0,1,0.9602891802787781,-0.23780058324337006,-0.1459284871816635,0,0.10350214689970016,0.7893348336219788,-0.605175256729126,0,0.259097695350647,0.5660398006439209,0.7826032042503357,0,0,0.331481009721756,0.043396998196840286,1,0.025427022948861122,0.03261421248316765,-0.999144971370697,0,0.9908539056777954,-0.13331525027751923,0.02086428925395012,0,-0.13252080976963043,-0.9905369877815247,-0.035705674439668655,0,0.232587993144989,0.32559698820114136,0.00003600000127335079,1,0.9283784627914429,0.32585737109184265,0.17869295179843903,0,-0.3708444833755493,0.780895471572876,0.5026693940162659,0,0.02425801195204258,-0.5329345464706421,0.8458086848258972,0,0,0.4881260097026825,0,1,0.8327634930610657,0.5536037683486938,0.005294181406497955,0,-0.5536262392997742,0.8327518701553345,0.0047469367273151875,0,-0.0017808170523494482,-0.006884074304252863,0.9999750852584839,0,0,0.7001680135726929,0,1,-0.8019709587097168,-0.16349875926971436,-0.5745530724525452,0,-0.16007471084594727,0.9854580760002136,-0.0569937564432621,0,0.5755166411399841,0.046264100819826126,-0.8164811134338379,0,0,0.6535320281982422,0,1,-0.9866819381713867,-0.051670949906110764,0.15423713624477386,0,-0.015636341646313667,0.973942756652832,0.22625191509723663,0,-0.161908820271492,0.22082701325416565,-0.961779773235321,0,0,0.060575999319553375,0,1,0.999297022819519,0.03350219503045082,-0.016818983480334282,0,-0.02374350279569626,0.9128473401069641,0.40760931372642517,0,0.029008977115154266,-0.4069235324859619,0.9130012392997742,0,0,0.03868899866938591,0,1,0.9933120012283325,-0.05617714300751686,-0.10086970031261444,0,0.0878988578915596,0.9344099164009094,0.34518304467201233,0,0.0748622938990593,-0.3517409861087799,0.9330989718437195,0,-0.005224000196903944,0.03941100090742111,0.009723999537527561,1,-0.011017337441444397,-0.015044045634567738,0.9998260140419006,0,-0.9955229759216309,-0.09370577335357666,-0.012379860505461693,0,0.09387568384408951,-0.9954860210418701,-0.013944323174655437,0,-0.232587993144989,0.3256010115146637,0.000699999975040555,1,0.40328532457351685,-0.42964115738868713,-0.807941734790802,0,0.831054151058197,0.5415328741073608,0.12684962153434753,0,0.3830271363258362,-0.7225997447967529,0.5754472017288208,0,0,0.4881260097026825,0,1,0.8505869507789612,-0.5258330702781677,-0.0011813432211056352,0,0.5258324146270752,0.850587785243988,-0.0008668541559018195,0,0.0014606567565351725,0.00011614634422585368,0.9999990463256836,0,0,0.7001389861106873,0,1,0.0598844550549984,-0.018340056762099266,-0.9980370402336121,0,0.3306640088558197,0.9437450170516968,0.0024981852620840073,0,0.9418468475341797,-0.3301646113395691,0.06258006393909454,0,0,0.653423011302948,0,1,0.966793954372406,-0.25342199206352234,0.03296909108757973,0,0.25433024764060974,0.9414829015731812,-0.22119203209877014,0,0.0250150915235281,0.2222321778535843,0.9746729731559753,0,0,0.08986800163984299,0,1,0.9996299743652344,0.024321580305695534,-0.012217998504638672,0,-0.02083205059170723,0.9725770950317383,0.2316475659608841,0,0.017516963183879852,-0.23130711913108826,0.9727230072021484,0,0,0.025970999151468277,0,1,0.9261739253997803,0.37702426314353943,-0.0074242157861590385,0,-0.3762757182121277,0.9226780533790588,-0.08414945751428604,0,-0.024876214563846588,0.08073054254055023,0.9964250326156616,0,-0.00395999988541007,0.03376400098204613,-0.00380200007930398,1,-0.9893490672111511,-0.05385301634669304,0.13523174822330475,0,0.13258998095989227,-0.7167760729789734,0.684581995010376,0,0.06006407365202904,0.6952208876609802,0.716282069683075,0,0.4328779876232147,-0.13918200135231018,0.009201000444591045,1,0.9920319318771362,0.12501342594623566,0.015611610375344753,0,0.009323375299572945,0.05072842165827751,-0.9986689686775208,0,-0.1256389617919922,0.9908570051193237,0.04915866255760193,0,0,0.9276059865951538,0,1,0.9491531848907471,0.18952803313732147,-0.25137004256248474,0,0.30443230271339417,-0.3492128849029541,0.8862123489379883,0,0.08018039911985397,-0.9176760911941528,-0.3891548216342926,0,0,0.7254940271377563,0,1,0.9836941361427307,0.1798475980758667,-0.001102063455618918,0,-0.17955739796161652,0.9824199676513672,0.05108889564871788,0,0.010270906612277031,-0.05005797743797302,0.9986940026283264,0,0,0.05606900155544281,0,1,-0.9326977729797363,0.2555916905403137,-0.2544550895690918,0,-0.3363252282142639,-0.8711485266685486,0.3577505648136139,0,-0.1302301585674286,0.4192529320716858,0.8984804153442383,0,-0.4328779876232147,-0.13918200135231018,0.011939999647438526,1,0.9876299500465393,0.12597021460533142,0.09336957335472107,0,0.06659940630197525,0.20207956433296204,-0.9771018624305725,0,-0.14195390045642853,0.9712339639663696,0.19119039177894592,0,0,0.9277700185775757,0,1,0.9874799847602844,-0.07302594929933548,0.13982321321964264,0,-0.15138408541679382,-0.6878706216812134,0.7098702788352966,0,0.04434135928750038,-0.7221500873565674,-0.6903138756752014,0,0,0.7266560196876526,0,1,0.9942960143089294,-0.10487189888954163,0.01940707489848137,0,0.09833425283432007,0.9718947410583496,0.21389584243297577,0,-0.04129330441355705,-0.21076743304729462,0.9766637086868286,0,0,0.08409100025892258,0,1
K0.067,-0.1485825479030609,0.012695248238742352,-0.016188258305191994,0,0.01270641665905714,0.14945970475673676,0.0005853608599863946,0,0.016179487109184265,-0.0007914687739685178,-0.1491227149963379,0,0.0016294880770146847,0.24351106584072113,0.005086816381663084,1,0.9936800599098206,0.09754402190446854,-0.0555502288043499,0,-0.042671557515859604,0.7859585881233215,0.6168054938316345,0,0.10382574796676636,-0.6105361580848694,0.7851528525352478,0,0,0.25036901235580444,0.0018439999548718333,1,0.9998999238014221,0.012567243538796902,-0.006496247369796038,0,-0.011810023337602615,0.9943220019340515,0.10576031357049942,0,0.007788470480591059,-0.1056729182600975,0.9943700432777405,0,0,0.2921049892902374,0,1,0.9999189972877502,0.010081307962536812,-0.007766717579215765,0,-0.009197953157126904,0.9942799806594849,0.10640714317560196,0,0.008795013651251793,-0.10632707178592682,0.9942920207977295,0,0,0.33383500576019287,0,1,0.9975300431251526,-0.06389360874891281,-0.029186833649873734,0,0.061818160116672516,0.9958229660987854,-0.06719633936882019,0,0.03335833176970482,0.06522608548402786,0.9973130226135254,0,0,0.37556400895118713,0,1,0.9714099764823914,-0.21059732139110565,-0.10960022360086441,0,0.10385996103286743,0.7921000123023987,-0.6014910340309143,0,0.21348661184310913,0.5729109048843384,0.7913259863853455,0,0,0.331481009721756,0.043396998196840286,1,0.0457255020737648,0.037713129073381424,-0.9982420802116394,0,0.9931150078773499,-0.1096016988158226,0.04135001450777054,0,-0.10784954577684402,-0.9932600855827332,-0.04246513545513153,0,0.232587993144989,0.32559698820114136,0.00003600000127335079,1,0.9680917263031006,0.2304137498140335,0.09852709621191025,0,-0.24532446265220642,0.7911878824234009,0.5602115392684937,0,0.05112702399492264,-0.5665076375007629,0.822469174861908,0,0,0.4881260097026825,0,1,0.7951052784919739,0.6064456701278687,0.005617902148514986,0,-0.6064704060554504,0.7950895428657532,0.00520019605755806,0,-0.0013130989391356707,-0.007541792932897806,0.9999709129333496,0,0,0.7001680135726929,0,1,-0.8840822577476501,-0.1306380331516266,-0.4487014710903168,0,-0.13644054532051086,0.9904559254646301,-0.019537582993507385,0,0.44697120785713196,0.043948229402303696,-0.89346843957901,0,0,0.6535320281982422,0,1,-0.9862509965896606,-0.07353442907333374,0.14799509942531586,0,-0.022252293303608894,0.946482241153717,0.32198822498321533,0,-0.16375195980072021,0.31426799297332764,-0.9351053237915039,0,0,0.060575999319553375,0,1,0.9996820092201233,0.017149096354842186,-0.018464934080839157,0,-0.009667206555604935,0.9376476407051086,0.34745198488235474,0,0.023272104561328888,-0.34716320037841797,0.9375158548355103,0,0,0.03868899866938591,0,1,0.9933120012283325,-0.05617714300751686,-0.10086970031261444,0,0.0878988578915596,0.9344099164009094,0.34518304467201233,0,0.0748622938990593,-0.3517409861087799,0.9330989718437195,0,-0.005224000196903944,0.03941100090742111,0.009723999537527561,1,-0.012457156553864479,-0.0143243707716465,0.9998199939727783,0,-0.9980829358100891,-0.06044991314411163,-0.01330162025988102,0,0.060629550367593765,-0.9980679750442505,-0.013543815352022648,0,-0.232587993144989,0.3256010115146637,0.000699999975040555,1,0.40210577845573425,-0.46295976638793945,-0.7899243235588074,0,0.8272929787635803,0.5533649325370789,0.09681124240159988,0,0.39229685068130493,-0.6924273371696472,0.6055147051811218,0,0,0.4881260097026825,0,1,0.8383340239524841,-0.5451550483703613,-0.0011607600608840585,0,0.5451545715332031,0.8383352160453796,-0.0008990711648948491,0,0.0014632396632805467,0.0001209283436764963,0.9999990463256836,0,0,0.7001389861106873,0,1,-0.004606190603226423,-0.020343616604804993,-0.9997819662094116,0,0.3377092778682709,0.9410228729248047,-0.020703887566924095,0,0.9412389397621155,-0.3377310335636139,0.0025357005652040243,0,0,0.653423011302948,0,1,0.9630889296531677,-0.2667402923107147,0.03619179502129555,0,0.26769641041755676,0.9349521994590759,-0.2328159660100937,0,0.028263794258236885,0.23391076922416687,0.9718470573425293,0,0,0.08986800163984299,0,1,0.9999070763587952,0.005596125032752752,-0.012461014091968536,0,-0.0027752388268709183,0.9764310121536255,0.2158130556344986,0,0.013375026173889637,-0.21575824916362762,0.9763549566268921,0,0,0.025970999151468277,0,1,0.926173985004425,0.37702304124832153,-0.007425160612910986,0,-0.376274973154068,0.9226790070533752,-0.08414927124977112,0,-0.024875160306692123,0.08073071390390396,0.9964249730110168,0,-0.00395999988541007,0.03376400098204613,-0.00380200007930398,1,-0.9898250102996826,-0.04951094090938568,0.13339489698410034,0,0.13526608049869537,-0.6182842254638672,0.7742269039154053,0,0.04414328560233116,0.7843933701515198,0.6186907291412354,0,0.4328779876232147,-0.13918200135231018,0.009201000444591045,1,0.9890279769897461,0.1377042829990387,0.053483858704566956,0,0.01680130325257778,0.25484445691108704,-0.9668363928794861,0,-0.1467675417661667,0.9571267366409302,0.24973466992378235,0,0,0.9276059865951538,0,1,0.9620956778526306,0.13155068457126617,-0.23888657987117767,0,0.27034348249435425,-0.34483909606933594,0.8988887667655945,0,0.03587199002504349,-0.9293980598449707,-0.3673318922519684,0,0,0.7254940271377563,0,1,0.983802080154419,0.17925873398780823,-0.0002572736993897706,0,-0.17906826734542847,0.9828209280967712,0.04468902572989464,0,0.008263754658401012,-0.043919097632169724,0.9990010261535645,0,0,0.05606900155544281,0,1,-0.9155693054199219,0.31304630637168884,-0.2524561882019043,0,-0.36989179253578186,-0.9018838405609131,0.22312843799591064,0,-0.1578366607427597,0.2976711094379425,0.9415306448936462,0,-0.4328779876232147,-0.13918200135231018,0.011939999647438526,1,0.9837409853935242,0.12896212935447693,0.12498974800109863,0,0.0893419161438942,0.25231969356536865,-0.963511049747467,0,-0.15579381585121155,0.9590121507644653,0.23669551312923431,0,0,0.9277700185775757,0,1,0.9835220575332642,-0.06076229363679886,0.170272558927536,0,-0.16688767075538635,-0.6673150658607483,0.7258368730545044,0,0.06952190399169922,-0.7422927021980286,-0.666459321975708,0,0,0.7266560196876526,0,1,0.9925510287284851,-0.11790791898965836,0.0306739192456007,0,0.10139592736959457,0.9390264749526978,0.3285536766052246,0,-0.06754271686077118,-0.3229961693286896,0.9439874291419983,0,0,0.08409100025892258,0,1
K0.100,-0.14810629189014435,0.013083898462355137,-0.01983231119811535,0,0.013813917525112629,0.14928945899009705,-0.0046711815521121025,0,0.019330935552716255,-0.006438629236072302,-0.14860980212688446,0,0.00031766746542416513,0.2428407073020935,0.003798656165599823,1,0.9903070330619812,0.07607396692037582,-0.11621204763650894,0,0.003993965685367584,0.8207331895828247,0.5712977051734924,0,0.1388399451971054,-0.566224217414856,0.8124738931655884,0,0,0.25036901235580444,0.0018439999548718333,1,0.9997860193252563,-0.0021085627377033234,-0.020590849220752716,0,0.004051436670124531,0.9954900145530701,0.09477590769529343,0,0.020298153162002563,-0.09483910351991653,0.9952859878540039,0,0,0.2921049892902374,0,1,0.9997720122337341,-0.004266755189746618,-0.02092287875711918,0,0.006244245450943708,0.9954209327697754,0.09537903219461441,0,0.020420121029019356,-0.09548795968294144,0.9952210187911987,0,0,0.33383500576019287,0,1,0.9969619512557983,-0.07483913004398346,-0.021597087383270264,0,0.07366086542606354,0.9959790706634521,-0.05098487809300423,0,0.025325912982225418,0.049239128828048706,0.9984660148620605,0,0,0.37556400895118713,0,1,0.9834281206130981,-0.16301068663597107,-0.07935483753681183,0,0.0854923278093338,0.8029359579086304,-0.5899020433425903,0,0.15987718105316162,0.5733420252799988,0.8035659193992615,0,0,0.331481009721756,0.043396998196840286,1,0.05836254358291626,0.04360504075884819,-0.9973430633544922,0,0.9950169920921326,-0.0834457129240036,0.054578110575675964,0,-0.08084403723478317,-0.9955580234527588,-0.048257868736982346,0,0.232587993144989,0.32559698820114136,0.00003600000127335079,1,0.9874680042266846,0.15415708720684052,0.033815667033195496,0,-0.14377492666244507,0.7903158664703369,0.595592200756073,0,0.06508967280387878,-0.5929898023605347,0.8025751709938049,0,0,0.4881260097026825,0,1,0.7735940217971802,0.6336540579795837,0.005801757797598839,0,-0.6336800456047058,0.773576021194458,0.005433340556919575,0,-0.001045242534019053,-0.007879659533500671,0.9999679923057556,0,0,0.7001680135726929,0,1,-0.940371036529541,-0.10869219899177551,-0.322317898273468,0,-0.1214878037571907,0.9923960566520691,0.01978762075304985,0,0.31771615147590637,0.057765379548072815,-0.9464249014854431,0,0,0.6535320281982422,0,1,-0.9860219359397888,-0.08260397613048553,0.14469408988952637,0,-0.02499702014029026,0.9319588541984558,0.36170029640197754,0,-0.16472689807415009,0.35302767157554626,-0.920997142791748,0,0,0.060575999319553375,0,1,0.999770998954773,0.0101823341101408,-0.018841996788978577,0,-0.0035856650210916996,0.9469159245491028,0.32146114110946655,0,0.021115001291036606,-0.3213198184967041,0.9467350840568542,0,0,0.03868899866938591,0,1,0.9933120012283325,-0.05617714300751686,-0.10086970031261444,0,0.0878988578915596,0.9344099164009094,0.34518304467201233,0,0.0748622938990593,-0.3517409861087799,0.9330989718437195,0,-0.005224000196903944,0.03941100090742111,0.009723999537527561,1,-0.01923896186053753,-0.012836803682148457,0.9997329711914062,0,-0.9993540048599243,-0.03010942041873932,-0.019618269056081772,0,0.030353186652064323,-0.9994639754295349,-0.012249239720404148,0,-0.232587993144989,0.3256010115146637,0.000699999975040555,1,0.44219106435775757,-0.4582020044326782,-0.7710489630699158,0,0.809005856513977,0.5749362111091614,0.12229857593774796,0,0.38726702332496643,-0.6778632998466492,0.6249206066131592,0,0,0.4881260097026825,0,1,0.8197180032730103,-0.5727670788764954,-0.0011301058111712337,0,0.5727658867835999,0.8197181224822998,-0.0009437100379727781,0,0.0014668941730633378,0.00012628998956643045,0.9999990463256836,0,0,0.7001389861106873,0,1,-0.044533055275678635,-0.01876290701329708,-0.9988319873809814,0,0.3376811146736145,0.9406909346580505,-0.03272628411650658,0,0.9402069449424744,-0.33874431252479553,-0.035555992275476456,0,0,0.653423011302948,0,1,0.961093008518219,-0.27360913157463074,0.03792769834399223,0,0.274589866399765,0.9314340353012085,-0.2388109415769577,0,0.03001369908452034,0.2399340718984604,0.9703249931335449,0,0,0.08986800163984299,0,1,0.9999140501022339,-0.004116026218980551,-0.012468128465116024,0,0.0066149733029305935,0.9781959652900696,0.20757919549942017,0,0.01134187076240778,-0.2076437920331955,0.9781389832496643,0,0,0.025970999151468277,0,1,0.926173985004425,0.3770240545272827,-0.007424104493111372,0,-0.376275897026062,0.9226790070533752,-0.08414895087480545,0,-0.024876104667782784,0.08073005080223083,0.996425986289978,0,-0.00395999988541007,0.03376400098204613,-0.00380200007930398,1,-0.9870940446853638,-0.06292787939310074,0.14725713431835175,0,0.15794910490512848,-0.5341460704803467,0.8305059671401978,0,0.026394855231046677,0.8430470824241638,0.5371919870376587,0,0.4328779876232147,-0.13918200135231018,0.009201000444591045,1,0.988851010799408,0.11914686113595963,0.0893159806728363,0,0.020558854565024376,0.48482590913772583,-0.8743690252304077,0,-0.1474810242652893,0.8664568662643433,0.4769710600376129,0,0,0.9276059865951538,0,1,0.976502001285553,0.0905199721455574,-0.19557616114616394,0,0.21460796892642975,-0.32557395100593567,0.9208390712738037,0,0.01967984437942505,-0.9411739706993103,-0.33735013008117676,0,0,0.7254940271377563,0,1,0.983919084072113,0.17861086130142212,0.0006847978220321238,0,-0.17851011455059052,0.9832199811935425,0.037585075944662094,0,0.00603979779407382,-0.03710292652249336,0.9992930293083191,0,0,0.05606900155544281,0,1,-0.9009348750114441,0.36172395944595337,-0.23973111808300018,0,-0.389396995306015,-0.9177008271217346,0.07870034873485565,0,-0.1915338635444641,0.16425463557243347,0.9676440954208374,0,-0.4328779876232147,-0.13918200135231018,0.011939999647438526,1,0.9796079397201538,0.11718800663948059,0.16320453584194183,0,0.11182700097560883,0.3568390905857086,-0.9274488687515259,0,-0.16692346334457397,0.926785945892334,0.3364572525024414,0,0,0.9277700185775757,0,1,0.9797199368476868,-0.03728590905666351,0.19687195122241974,0,-0.17936208844184875,-0.6011803150177002,0.7787248492240906,0,0.08932002633810043,-0.7982432246208191,-0.5956757664680481,0,0,0.7266560196876526,0,1,0.9900429844856262,-0.13446705043315887,0.041631996631622314,0,0.10100394487380981,0.8846139907836914,0.4552551209926605,0,-0.09804500639438629,-0.44651690125465393,0.8893870115280151,0,0,0.08409100025892258,0,1
K0.133,-0.14791426062583923,0.011939123272895813,-0.021881861612200737,0,0.013719458132982254,0.14892946183681488,-0.011480581015348434,0,0.020811902359128,-0.013322324492037296,-0.14795054495334625,0,-0.0019292254000902176,0.2409481406211853,0.00017376088362652808,1,0.983851969242096,0.04441129043698311,-0.17338873445987701,0,0.05044924095273018,0.8606423735618591,0.5067043900489807,0,0.17172910273075104,-0.5072695016860962,0.8445042967796326,0,0,0.25036901235580444,0.0018439999548718333,1,0.9992979764938354,-0.016203708946704865,-0.033777087926864624,0,0.019040526822209358,0.9961619973182678,0.08543189615011215,0,0.03226313367486,-0.08601504564285278,0.9957709908485413,0,0,0.2921049892902374,0,1,0.9992859959602356,-0.01801111176609993,-0.03321092575788498,0,0.02081511728465557,0.9960679411888123,0.08611509203910828,0,0.03152928873896599,-0.08674483001232147,0.9957310557365417,0,0,0.33383500576019287,0,1,0.9961569309234619,-0.08642026036977768,-0.014246082864701748,0,0.0857509896159172,0.9954180121421814,-0.04231612756848335,0,0.017837775871157646,0.040931884199380875,0.9990030527114868,0,0,0.37556400895118713,0,1,0.9940590858459473,-0.09592025727033615,-0.05142806097865105,0,0.04964748024940491,0.8201324939727783,-0.5700154304504395,0,0.09685392677783966,0.5640761256217957,0.8200230002403259,0,0,0.331481009721756,0.043396998196840286,1,0.06501989811658859,0.049860212951898575,-0.9966380000114441,0,0.9963520765304565,-0.058567799627780914,0.062071189284324646,0,-0.055275946855545044,-0.9970369338989258,-0.053486328572034836,0,0.232587993144989,0.32559698820114136,0.00003600000127335079,1,0.9941759705543518,0.1074749082326889,-0.007966762408614159,0,-0.08021490275859833,0.7873259782791138,0.6112959980964661,0,0.07197144627571106,-0.6070969700813293,0.7913619875907898,0,0,0.4881260097026825,0,1,0.7738561034202576,0.633334755897522,0.005799137055873871,0,-0.6333608031272888,0.7738381624221802,0.005431138910353184,0,-0.0010478636249899864,-0.00787585973739624,0.9999679923057556,0,0,0.7001680135726929,0,1,-0.9676660299301147,-0.10314279049634933,-0.23018299043178558,0,-0.11764133721590042,0.991788923740387,0.05014118179678917,0,0.22312140464782715,0.07559901475906372,-0.9718550443649292,0,0,0.6535320281982422,0,1,-0.9863119721412659,-0.07087966799736023,0.14888036251068115,0,-0.021449116989970207,0.9503762125968933,0.31036219000816345,0,-0.1634906530380249,0.302920401096344,-0.9388872981071472,0,0,0.060575999319553375,0,1,0.9996479749679565,0.01916700415313244,-0.018319997936487198,0,-0.011419223621487617,0.9348198175430298,0.3549394905567169,0,0.023929033428430557,-0.35460543632507324,0.934709906578064,0,0,0.03868899866938591,0,1,0.9933120012283325,-0.05617714300751686,-0.10086970031261444,0,0.0878988578915596,0.9344099164009094,0.34518304467201233,0,0.0748622938990593,-0.3517409861087799,0.9330989718437195,0,-0.005224000196903944,0.03941100090742111,0.009723999537527561,1,-0.03736317530274391,-0.008418615907430649,0.9992660284042358,0,-0.9990169405937195,-0.02355738915503025,-0.0375523641705513,0,0.023856282234191895,-0.9996869564056396,-0.00753012066707015,0,-0.232587993144989,0.3256010115146637,0.000699999975040555,1,0.49800336360931396,-0.4162362515926361,-0.760749101638794,0,0.7851628065109253,0.5888370275497437,0.1918087750673294,0,0.3681194484233856,-0.6928332448005676,0.6200559735298157,0,0,0.4881260097026825,0,1,0.8129801750183105,-0.5822898149490356,-0.001119278953410685,0,0.5822890996932983,0.8129810094833374,-0.0009596043382771313,0,0.0014687213115394115,0.00012839554983656853,0.9999990463256836,0,0,0.7001389861106873,0,1,-0.0006873159436509013,-0.014122028835117817,-0.9999000430107117,0,0.3323539197444916,0.9430580735206604,-0.01354766171425581,0,0.9431551098823547,-0.33232995867729187,0.0040453290566802025,0,0,0.653423011302948,0,1,0.9642561078071594,-0.2626255750656128,0.035176027566194534,0,0.2635669410228729,0.9370100498199463,-0.22922475636005402,0,0.027240024879574776,0.2303028553724289,0.9727380275726318,0,0,0.08986800163984299,0,1,0.9998580813407898,0.011396449990570545,-0.012418163940310478,0,-0.008375161327421665,0.9753000140190125,0.220723956823349,0,0.014626900665462017,-0.2205885797739029,0.9752568006515503,0,0,0.025970999151468277,0,1,0.926173985004425,0.3770230710506439,-0.007424661889672279,0,-0.3762749433517456,0.9226790070533752,-0.08414936810731888,0,-0.024875661358237267,0.0807306244969368,0.9964250326156616,0,-0.00395999988541007,0.03376400098204613,-0.00380200007930398,1,-0.983397901058197,-0.08192102611064911,0.1619199812412262,0,0.1813761442899704,-0.4714698791503906,0.8630290031433105,0,0.0056401812471449375,0.8780690431594849,0.47850093245506287,0,0.4328779876232147,-0.13918200135231018,0.009201000444591045,1,0.9892929196357727,0.09172870218753815,0.11351465433835983,0,0.016018953174352646,0.7048467397689819,-0.7091782093048096,0,-0.14506244659423828,0.7034034729003906,0.6958306431770325,0,0,0.9276059865951538,0,1,0.9854990839958191,0.06086474284529686,-0.15838880836963654,0,0.16918273270130157,-0.2810075283050537,0.9446752667427063,0,0.012988976202905178,-0.9577730298042297,-0.28722983598709106,0,0,0.7254940271377563,0,1,0.9839820861816406,0.17826487123966217,0.0011949775507673621,0,-0.17820312082767487,0.9834150075912476,0.033753834664821625,0,0.004841959103941917,-0.033426083624362946,0.9994289875030518,0,0,0.05606900155544281,0,1,-0.8918560147285461,0.39515233039855957,-0.22010667622089386,0,-0.3915187418460846,-0.9180909991264343,-0.06182209402322769,0,-0.22650723159313202,0.03103950247168541,0.9735150337219238,0,-0.4328779876232147,-0.13918200135231018,0.011939999647438526,1,0.973708987236023,0.10236368328332901,0.20350240170955658,0,0.1267390251159668,0.49887731671333313,-0.8573552966117859,0,-0.18928483128547668,0.8606064319610596,0.472788006067276,0,0,0.9277700185775757,0,1,0.9768659472465515,-0.018166398629546165,0.21308130025863647,0,-0.19699986279010773,-0.4641540050506592,0.8635692000389099,0,0.08321457356214523,-0.8855681419372559,-0.4569949209690094,0,0,0.7266560196876526,0,1,0.9864138960838318,-0.15597835183143616,0.05156637355685234,0,0.09500177949666977,0.7976831197738647,0.5955472588539124,0,-0.13402600586414337,-0.5825568437576294,0.8016633987426758,0,0,0.08409100025892258,0,1
