4.133,30,124,25
B0,mixamorig_Hips,-1,0.9998049736022949,0.015383999794721603,0.012350999750196934,0,-0.015413999557495117,0.9998779892921448,0.002340999897569418,0,-0.012312999926507473,-0.0025309999473392963,0.9999210238456726,0,0.002566999988630414,1.0930110216140747,0.27126601338386536,1
B1,mixamorig_Spine,0,0.9996539950370789,-0.025481000542640686,-0.0064690001308918,0,0.026233000680804253,0.9830350279808044,0.181535005569458,0,0.0017340000486001372,-0.18164199590682983,0.9833629727363586,0,0,0.29948899149894714,0.00018099999579135329,1
B2,mixamorig_Spine1,1,0.9999750256538391,-0.0062049999833106995,-0.003464000066742301,0,0.006192999891936779,0.9999750256538391,-0.0035000001080334187,0,0.0034860000014305115,0.0034779999405145645,0.9999880194664001,0,0,0.3494040071964264,0,1
B3,mixamorig_Spine2,2,0.9999769926071167,-0.005270000081509352,-0.004315999802201986,0,0.005255000200122595,0.9999799728393555,-0.0035059999208897352,0,0.004333999939262867,0.0034829999785870314,0.9999849796295166,0,0,0.39931899309158325,0,1
B4,mixamorig_Neck,3,0.9997149705886841,0.008597999811172485,0.022261999547481537,0,-0.008191999979317188,0.9998000264167786,-0.018269000574946404,0,-0.02241400070488453,0.01808200031518936,0.999584972858429,0,0,0.4492340087890625,0,1
B5,mixamorig_Head,4,0.992851972579956,-0.08003199845552444,0.08854600042104721,0,0.09248100221157074,0.9848269820213318,-0.1468459963798523,0,-0.07545000314712524,0.15398499369621277,0.9851880073547363,0,0,0.11782799661159515,0.004838000051677227,1
B6,mixamorig_HeadTop_End,5,1,0,0,0,0,1,0,0,0,0,1,0,0,0.6140270233154297,0.025211000815033913,1
B7,mixamorig_LeftShoulder,3,0.12550100684165955,0.03487600013613701,-0.9914799928665161,0,0.9381800293922424,-0.32913801074028015,0.1071769967675209,0,-0.32259601354599,-0.943638026714325,-0.07402700185775757,0,0.18284499645233154,0.4145039916038513,-0.02615799941122532,1
B8,mixamorig_LeftArm,7,0.8912180066108704,0.4323830008506775,-0.13701899349689484,0,-0.18997099995613098,0.6301460266113281,0.7528790235519409,0,0.41187500953674316,-0.6449499726295471,0.6437379717826843,0,0,0.3761259913444519,0,1
B9,mixamorig_LeftForeArm,8,0.4678089916706085,0.8835049867630005,-0.023969000205397606,0,-0.880299985408783,0.468190997838974,0.07661499828100204,0,0.07891199737787247,-0.014740999788045883,0.9967730045318604,0,0,0.6138870120048523,0,1
B10,mixamorig_LeftHand,9,1,0,0,0,0,1,0,0,0,0,1,0,0,0.5499849915504456,0,1
B11,mixamorig_RightShoulder,3,0.06528999656438828,-0.03198299929499626,0.9973539710044861,0,-0.937034010887146,-0.3456040024757385,0.05025799944996834,0,0.3430820107460022,-0.9378349781036377,-0.05253300070762634,0,-0.18284499645233154,0.4145349860191345,0.026429999619722366,1
B12,mixamorig_RightArm,11,0.8500810265541077,-0.5217800140380859,0.07147199660539627,0,0.2509639859199524,0.5206500291824341,0.8160510063171387,0,-0.4630109965801239,-0.675773024559021,0.5735430121421814,0,0,0.37619099020957947,0,1
B13,mixamorig_RightForeArm,12,0.5727249979972839,-0.8168920278549194,0.06836900115013123,0,0.8193600177764893,0.5730239748954773,-0.01710600033402443,0,-0.025203999131917953,0.0658160001039505,0.9975129961967468,0,0,0.6125609874725342,0,1
B14,mixamorig_RightHand,13,1,0,0,0,0,1,0,0,0,0,1,0,0,0.5499799847602844,0,1
B15,mixamorig_LeftUpLeg,0,-0.9643459916114807,-0.13042399287223816,0.23027600347995758,0,0.25573399662971497,-0.23534299433231354,0.9376639723777771,0,-0.0680989995598793,0.9631220102310181,0.2603060007095337,0,0.34693899750709534,-0.1664070039987564,-0.004308000206947327,1
B16,mixamorig_LeftLeg,15,0.9988440275192261,0.04806999862194061,0.00006399999983841553,0,0.000024000000848900527,0.0008290000259876251,-1,0,-0.0480710007250309,0.9988440275192261,0.0008270000107586384,0,0,0.8518970012664795,0,1
B17,mixamorig_LeftFoot,16,0.9838340282440186,-0.13699300587177277,-0.11534299701452255,0,0.15862099826335907,0.36763501167297363,0.9163429737091064,0,-0.08312900364398956,-0.91982501745224,0.38342198729515076,0,0,0.6398289799690247,0,1
B18,mixamorig_LeftToeBase,17,0.9996520280838013,-0.000029999999242136255,-0.02639099955558777,0,0.015468000434339046,0.8109049797058105,0.5849729776382446,0,0.021383000537753105,-0.585178017616272,0.8106229901313782,0,0,0.18985499441623688,0,1
B19,mixamorig_LeftToe_End,18,1,0,0,0,0,1,0,0,0,0,1,0,0,0.12133000046014786,0,1
B20,mixamorig_RightUpLeg,0,-0.9736480116844177,0.15095199644565582,-0.17094799876213074,0,-0.20180900394916534,-0.22115899622440338,0.9541289806365967,0,0.10622099786996841,0.9634850025177002,0.24579399824142456,0,-0.34693899750709534,-0.1664070039987564,0.0015069999499246478,1
B21,mixamorig_RightLeg,20,0.9987350106239319,-0.04190399870276451,0.02780500054359436,0,0.026794999837875366,-0.02448599971830845,-0.9993410110473633,0,0.0425570011138916,0.9988219738006592,-0.02333199977874756,0,0,0.8518779873847961,0,1
B22,mixamorig_RightFoot,21,0.9832050204277039,0.18250200152397156,-0.0013770000077784061,0,-0.06363599747419357,0.3498789966106415,0.9346309900283813,0,0.17105400562286377,-0.9188460111618042,0.3556160032749176,0,0,0.6397020220756531,0,1
B23,mixamorig_RightToeBase,22,0.9996690154075623,-0.000037999998312443495,0.025715000927448273,0,-0.014752999879419804,0.8182240128517151,0.5747110247612,0,-0.02106199972331524,-0.5748999714851379,0.8179519772529602,0,0,0.19417700171470642,0,1
B24,mixamorig_RightToe_End,23,1,0,0,0,0,1,0,0,0,0,1,0,0,0.1213729977607727,0,1
@20,0,1,2,3,4,5,7,8,9,11,12,13,15,16,17,18,20,21,22,23
K0,0.9998049736022949,0.015383977442979813,0.01235075481235981,0,-0.015414020977914333,0.9998779892921448,0.002341039478778839,0,-0.012313244864344597,-0.0025309601332992315,0.9999209642410278,0,0.002566999988630414,1.0930110216140747,0.27126601338386536,1,0.9996539950370789,-0.025481408461928368,-0.006469260901212692,0,0.02623259276151657,0.9830350279808044,0.18153508007526398,0,0.0017337390454486012,-0.18164190649986267,0.9833629727363586,0,0,0.29948899149894714,0.00018099999579135329,1,0.9999749660491943,-0.006205061916261911,-0.0034641858655959368,0,0.006192938424646854,0.9999750852584839,-0.0034997714683413506,0,0.0034858142025768757,0.0034782288130372763,0.9999880194664001,0,0,0.3494040071964264,0,1,0.9999770522117615,-0.005270058289170265,-0.004315804690122604,0,0.005254942458122969,0.9999799728393555,-0.0035058793146163225,0,0.004334195517003536,0.003483120584860444,0.9999850392341614,0,0,0.39931899309158325,0,1,0.9997149705886841,0.008598044514656067,0.022261690348386765,0,-0.008191955275833607,0.9998000264167786,-0.018269291147589684,0,-0.022414308041334152,0.018081707879900932,0.999584972858429,0,0,0.4492340087890625,0,1,0.992851972579956,-0.08003182709217072,0.08854596316814423,0,0.09248118102550507,0.9848269820213318,-0.1468459963798523,0,-0.07545004040002823,0.15398503839969635,0.9851880073547363,0,0,0.11782799661159515,0.004838000051677227,1,0.12550097703933716,0.03487581014633179,-0.9914800524711609,0,0.938180148601532,-0.329137921333313,0.1071767583489418,0,-0.32259589433670044,-0.9436381459236145,-0.07402701675891876,0,0.18284499645233154,0.4145039916038513,-0.02615799941122532,1,0.8912178874015808,0.43238306045532227,-0.13701939582824707,0,-0.18997091054916382,0.6301460862159729,0.7528789639472961,0,0.4118746519088745,-0.6449500322341919,0.6437381505966187,0,0,0.3761259913444519,0,1,0.46780917048454285,0.8835048079490662,-0.023969201371073723,0,-0.8803000450134277,0.4681908190250397,0.07661493122577667,0,0.07891178876161575,-0.014741068705916405,0.9967729449272156,0,0,0.6138870120048523,0,1,0.0652894377708435,-0.03198302164673805,0.9973540306091309,0,-0.937034010887146,-0.3456040918827057,0.05025794357061386,0,0.34308192133903503,-0.9378349781036377,-0.052533432841300964,0,-0.18284499645233154,0.4145349860191345,0.026429999619722366,1,0.8500811457633972,-0.5217798352241516,0.0714719370007515,0,0.25096413493156433,0.5206499695777893,0.8160509467124939,0,-0.4630110263824463,-0.6757729649543762,0.5735430717468262,0,0,0.37619099020957947,0,1,0.5727249979972839,-0.8168919086456299,0.06836939603090286,0,0.819360077381134,0.573023796081543,-0.017105910927057266,0,-0.02520359866321087,0.06581608951091766,0.9975129961967468,0,0,0.6125609874725342,0,1,-0.9643459916114807,-0.1304236650466919,0.23027658462524414,0,0.25573429465293884,-0.2353430837392807,0.9376638531684875,0,-0.06809956580400467,0.9631220102310181,0.2603059411048889,0,0.34693899750709534,-0.1664070039987564,-0.004308000206947327,1,0.9988440871238708,0.04807056114077568,0.00006438660057028756,0,0.000024559683879488148,0.000829104392323643,-1,0,-0.04807061329483986,0.9988440871238708,0.0008269654354080558,0,0,0.8518970012664795,0,1,0.9838340878486633,-0.13699299097061157,-0.11534256488084793,0,0.15862102806568146,0.3676351010799408,0.9163428544998169,0,-0.08312857151031494,-0.9198250770568848,0.383421927690506,0,0,0.6398289799690247,0,1,0.9996520280838013,-0.000030137936846585944,-0.02639102376997471,0,0.015467861667275429,0.810904860496521,0.5849732160568237,0,0.021382978186011314,-0.5851778388023376,0.8106231689453125,0,0,0.18985499441623688,0,1,-0.9736480712890625,0.1509520411491394,-0.1709480881690979,0,-0.20180897414684296,-0.22115880250930786,0.9541290402412415,0,0.10622108727693558,0.9634849429130554,0.24579431116580963,0,-0.34693899750709534,-0.1664070039987564,0.0015069999499246478,1,0.9987350106239319,-0.041904132813215256,0.027805358171463013,0,0.02679487131536007,-0.024485928937792778,-0.9993410706520081,0,0.042557355016469955,0.9988219738006592,-0.0233321376144886,0,0,0.8518779873847961,0,1,0.9832049608230591,0.1825024038553238,-0.0013769140932708979,0,-0.06363558769226074,0.34987887740135193,0.9346310496330261,0,0.17105409502983093,-0.9188459515571594,0.35561615228652954,0,0,0.6397020220756531,0,1,0.9996690154075623,-0.00003767210728256032,0.025714855641126633,0,-0.014752672053873539,0.8182239532470703,0.5747111439704895,0,-0.021062148734927177,-0.5748999118804932,0.817952036857605,0,0,0.19417700171470642,0,1
K0.033,0.9997959136962891,0.017220109701156616,0.010596729815006256,0,-0.01719389110803604,0.9998490214347839,-0.002559923566877842,0,-0.010639211162924767,0.002377202035859227,0.9999409317970276,0,0.0027900126297026873,1.089372992515564,0.26751190423965454,1,0.9996600151062012,-0.025130731984972954,-0.006879604421555996,0,0.02597724460065365,0.9817269444465637,0.18851321935653687,0,0.0020164204761385918,-0.18862803280353546,0.9820470213890076,0,0,0.29948899149894714,0.00018099999579135329,1,0.9999650120735168,-0.007352919317781925,-0.0038829739205539227,0,0.007394060492515564,0.9999160170555115,0.010687589645385742,0,0.0038040613289922476,-0.010715922340750694,0.99993497133255,0,0,0.3494040071964264,0,1,0.9999690055847168,-0.006431804969906807,-0.004465025383979082,0,0.006479176692664623,0.999921977519989,0.010676953010261059,0,0.004396005999296904,-0.01070555578917265,0.9999329447746277,0,0,0.39931899309158325,0,1,0.9996839761734009,0.008690841495990753,0.023569094017148018,0,-0.008485066704452038,0.9999250173568726,-0.008816823363304138,0,-0.023643959313631058,0.008614053949713707,0.9996830224990845,0,0,0.4492340087890625,0,1,0.9929080009460449,-0.0672134980559349,0.09806003421545029,0,0.08627814054489136,0.9748657941818237,-0.20540593564510345,0,-0.08178938180208206,0.21240979433059692,0.9737517833709717,0,0,0.11782799661159515,0.004838000051677227,1,0.11677798628807068,0.03403593599796295,-0.9925749897956848,0,0.9461871981620789,-0.30753034353256226,0.10077499598264694,0,-0.3018166422843933,-0.9509291052818298,-0.06811705976724625,0,0.18284499645233154,0.4145039916038513,-0.02615799941122532,1,0.8859830498695374,0.4491261839866638,-0.11541232466697693,0,-0.21073965728282928,0.6116697192192078,0.7625280022621155,0,0.4130655527114868,-0.651265025138855,0.6365777850151062,0,0,0.3761259913444519,0,1,0.4641888439655304,0.8854140043258667,-0.023890232667326927,0,-0.8821879029273987,0.46457305550575256,0.07692223787307739,0,0.07920677959918976,-0.014630766585469246,0.996751070022583,0,0,0.6138870120048523,0,1,0.05255749821662903,-0.03556331247091293,0.9979840517044067,0,-0.9497140645980835,-0.3106890916824341,0.03894401714205742,0,0.30867770314216614,-0.9498461484909058,-0.05010407418012619,0,-0.18284499645233154,0.4145349860191345,0.026429999619722366,1,0.8200259208679199,-0.5696571469306946,0.055210504680871964,0,0.2890355885028839,0.4954584538936615,0.8191330432891846,0,-0.4939795434474945,-0.6557525992393494,0.5709400177001953,0,0,0.37619099020957947,0,1,0.5886579155921936,-0.8056089878082275,0.06690516322851181,0,0.8079842329025269,0.5889447331428528,-0.01744595356285572,0,-0.0253488440066576,0.06432805955410004,0.9976070523262024,0,0,0.6125609874725342,0,1,-0.964866042137146,-0.12796396017074585,0.22947576642036438,0,0.25437095761299133,-0.236230731010437,0.937811017036438,0,-0.06579677015542984,0.9632339477539062,0.2604813575744629,0,0.34693899750709534,-0.1664070039987564,-0.004308000206947327,1,0.9989020228385925,0.04684096947312355,0.0004758689901791513,0,0.00045894953655079007,0.0003719376982189715,-1,0,-0.04684113711118698,0.9989020228385925,0.00035003156517632306,0,0,0.8518970012664795,0,1,0.9838939309120178,-0.1377665400505066,-0.11390281468629837,0,0.15791848301887512,0.3713320791721344,0.9149720668792725,0,-0.08375678956508636,-0.9182230234146118,0.38710731267929077,0,0,0.6398289799690247,0,1,0.9996509552001953,0,-0.02643224038183689,0,0.015467925928533077,0.8108959794044495,0.584985077381134,0,0.02143375761806965,-0.585189938545227,0.8106130957603455,0,0,0.18985499441623688,0,1,-0.9729790091514587,0.15277522802352905,-0.17312292754650116,0,-0.20429778099060059,-0.22027067840099335,0.953805148601532,0,0.10758388787508011,0.9634009003639221,0.24553035199642181,0,-0.34693899750709534,-0.1664070039987564,0.0015069999499246478,1,0.9987589120864868,-0.04043617472052574,0.029078563675284386,0,0.027968840673565865,-0.02774425968527794,-0.999224066734314,0,0.041211552917957306,0.9987969994544983,-0.026578867807984352,0,0,0.8518779873847961,0,1,0.9828910231590271,0.18418096005916595,-0.0013908353867009282,0,-0.06454096734523773,0.3514789938926697,0.9339680075645447,0,0.1725081503391266,-0.917900025844574,0.3573531210422516,0,0,0.6397020220756531,0,1,0.9996680021286011,0,0.025749152526259422,0,-0.01473283115774393,0.8201407790184021,0.5719723105430603,0,-0.02111784555017948,-0.5721620917320251,0.8198689222335815,0,0,0.19417700171470642,0,1
K0.067,0.9998199343681335,0.017360206693410873,0.007678707130253315,0,-0.01729278638958931,0.9998120069503784,-0.008760621771216393,0,-0.007829347625374794,0.008626256138086319,0.9999319911003113,0,0.004043987952172756,1.0852949619293213,0.2596450746059418,1,0.9996880292892456,-0.023609662428498268,-0.008163165301084518,0,0.024768367409706116,0.9793129563331604,0.20082812011241913,0,0.0032528096344321966,-0.20096763968467712,0.9795920848846436,0,0,0.29948899149894714,0.00018099999579135329,1,0.9999639987945557,-0.00627490971237421,-0.005687089636921883,0,0.006476110313087702,0.9993279576301575,0.03607897460460663,0,0.005456877406686544,-0.03611452132463455,0.9993330240249634,0,0,0.3494040071964264,0,1,0.999966025352478,-0.0054038288071751595,-0.006147997919470072,0,0.005622189957648516,0.9993330836296082,0.03607257455587387,0,0.005948970094323158,-0.0361059308052063,0.9993299841880798,0,0,0.39931899309158325,0,1,0.9996510148048401,0.004053918179124594,0.026102256029844284,0,-0.00398617098107934,0.9999890327453613,-0.0026470457669347525,0,-0.026112694293260574,0.002542073605582118,0.9996560215950012,0,0,0.4492340087890625,0,1,0.9918320775032043,-0.04298384487628937,0.1200898215174675,0,0.07651948183774948,0.9537823796272278,-0.29059281945228577,0,-0.10204876959323883,0.2974085211753845,0.9492811560630798,0,0,0.11782799661159515,0.004838000051677227,1,0.103354312479496,0.03188121318817139,-0.9941340088844299,0,0.9580548405647278,-0.27179253101348877,0.0908871665596962,0,-0.26730045676231384,-0.9618279337882996,-0.05863485112786293,0,0.18284499645233154,0.4145039916038513,-0.02615799941122532,1,0.867348313331604,0.4895484149456024,-0.08971621096134186,0,-0.2522957921028137,0.5878592133522034,0.7686148285865784,0,0.4290149211883545,-0.6440220475196838,0.6333900094032288,0,0,0.3761259913444519,0,1,0.4587830901145935,0.8882299661636353,-0.023771194741129875,0,-0.8849712014198303,0.45917072892189026,0.07737943530082703,0,0.0796457976102829,-0.014463559724390507,0.9967179894447327,0,0,0.6138870120048523,0,1,0.034732621163129807,-0.039234038442373276,0.9986259937286377,0,-0.9631947875022888,-0.267820805311203,0.02297814190387726,0,0.2665514051914215,-0.9626699090003967,-0.047092143446207047,0,-0.18284499645233154,0.4145349860191345,0.026429999619722366,1,0.792497992515564,-0.608769953250885,0.03669920936226845,0,0.32579827308654785,0.47345826029777527,0.818347156047821,0,-0.5155608057975769,-0.6365821361541748,0.5735510587692261,0,0,0.37619099020957947,0,1,0.5762090682983398,-0.8144649863243103,0.06805065274238586,0,0.816912829875946,0.576505184173584,-0.017182085663080215,0,-0.025237342342734337,0.06549189984798431,0.9975340366363525,0,0,0.6125609874725342,0,1,-0.9659219980239868,-0.1260317713022232,0.22607778012752533,0,0.2505042850971222,-0.2353879064321518,0.9390628337860107,0,-0.06513575464487076,0.9636949896812439,0.2589379847049713,0,0.34693899750709534,-0.1664070039987564,-0.004308000206947327,1,0.9988279938697815,0.048390358686447144,0.00019522114598657936,0,0.00004638296377379447,0.003076910274103284,-0.9999949336051941,0,-0.048390764743089676,0.9988240003585815,0.003071062732487917,0,0,0.8518970012664795,0,1,0.9841889142990112,-0.13559354841709137,-0.11395489424467087,0,0.15793047845363617,0.3805556893348694,0.9111721515655518,0,-0.08018291741609573,-0.9147628545761108,0.3959532380104065,0,0,0.6398289799690247,0,1,0.9996509552001953,0,-0.026432247832417488,0,0.015467952936887741,0.8108951449394226,0.5849867463111877,0,0.021433748304843903,-0.5851911902427673,0.8106118440628052,0,0,0.18985499441623688,0,1,-0.9724628925323486,0.15250207483768463,-0.17623603343963623,0,-0.20689286291599274,-0.21677188575267792,0.9540470242500305,0,0.107291080057621,0.9642369151115417,0.24235416948795319,0,-0.34693899750709534,-0.1664070039987564,0.0015069999499246478,1,0.9987220168113708,-0.040261175483465195,0.030563613399863243,0,0.02944181300699711,-0.028167560696601868,-0.9991699457168579,0,0.04108862578868866,0.9987919926643372,-0.02694617584347725,0,0,0.8518779873847961,0,1,0.9836118817329407,0.18025128543376923,-0.004191670101135969,0,-0.06409874558448792,0.3713204264640808,0.9262892007827759,0,0.16852134466171265,-0.9108408093452454,0.3767892122268677,0,0,0.6397020220756531,0,1,0.9996770024299622,-0.0003637507325038314,0.02540656179189682,0,-0.014922752045094967,0.8008832335472107,0.5986348390579224,0,-0.020565444603562355,-0.598820686340332,0.8006191849708557,0,0,0.19417700171470642,0,1
K0.100,0.9998210668563843,0.018810024484992027,0.0020656015258282423,0,-0.01878397725522518,0.9997519254684448,-0.011977972462773323,0,-0.0022903941571712494,0.011937023140490055,0.999925971031189,0,0.005198999773710966,1.0850019454956055,0.2511090040206909,1,0.9997169375419617,-0.02133404277265072,-0.010563978925347328,0,0.023120956495404243,0.9758150577545166,0.2173737734556198,0,0.005671021994203329,-0.21755623817443848,0.9760309457778931,0,0,0.29948899149894714,0.00018099999579135329,1,0.9999499917030334,-0.003287023399025202,-0.009468985721468925,0,0.003947974648326635,0.9974930286407471,0.0706510841846466,0,0.00921301543712616,-0.07068492472171783,0.9974560141563416,0,0,0.3494040071964264,0,1,0.9999489784240723,-0.002505905693396926,-0.009754751808941364,0,0.0031890932004898787,0.9974949359893799,0.0706632137298584,0,0.009553249925374985,-0.07069079577922821,0.9974530339241028,0,0,0.39931899309158325,0,1,0.9995410442352295,-0.005264065694063902,0.02984115108847618,0,0.005454938858747482,0.9999650120735168,-0.0063185617327690125,0,-0.02980685420334339,0.006478445138782263,0.9995350241661072,0,0,0.4492340087890625,0,1,0.9887440204620361,-0.00830900575965643,0.14938296377658844,0,0.06692098826169968,0.9175689816474915,-0.39190301299095154,0,-0.1338130086660385,0.39748910069465637,0.9077979922294617,0,0,0.11782799661159515,0.004838000051677227,1,0.09716733545064926,0.028373342007398605,-0.9948639273643494,0,0.9703439474105835,-0.22500330209732056,0.08835548907518387,0,-0.22134056687355042,-0.9739449620246887,-0.04939490556716919,0,0.18284499645233154,0.4145039916038513,-0.02615799941122532,1,0.8386651873588562,0.539989709854126,-0.0710720345377922,0,-0.301803320646286,0.5693787932395935,0.7646719813346863,0,0.4533819258213043,-0.6198539733886719,0.6404889225959778,0,0,0.3761259913444519,0,1,0.43383729457855225,0.900692880153656,-0.02319004014134407,0,-0.8972851037979126,0.43424171209335327,0.07946095615625381,0,0.08163995295763016,-0.013665040023624897,0.9965680241584778,0,0,0.6138870120048523,0,1,0.01197329442948103,-0.0420929491519928,0.9990419745445251,0,-0.9762560725212097,-0.21660378575325012,0.002573995152488351,0,0.2162879854440689,-0.9753519892692566,-0.04368700087070465,0,-0.18284499645233154,0.4145349860191345,0.026429999619722366,1,0.7707151770591736,-0.6368427872657776,0.020714901387691498,0,0.3555172383785248,0.45677614212036133,0.8154528141021729,0,-0.5287771224975586,-0.6211171746253967,0.5784527659416199,0,0,0.37619099020957947,0,1,0.5290413498878479,-0.8455147743225098,0.07224814593791962,0,0.8482372164726257,0.5293726325035095,-0.016058066859841347,0,-0.024668853729963303,0.0697789341211319,0.9972569942474365,0,0,0.6125609874725342,0,1,-0.968271017074585,-0.12151776999235153,0.2183699607849121,0,0.2415432333946228,-0.2309449315071106,0.9425078630447388,0,-0.06409994512796402,0.9653480052947998,0.2529689371585846,0,0.34693899750709534,-0.1664070039987564,-0.004308000206947327,1,0.998714029788971,0.0506950281560421,-0.0005371635779738426,0,-0.0011359680211171508,0.011783787049353123,-0.9999300837516785,0,-0.05068516731262207,0.9986450672149658,0.011826223693788052,0,0,0.8518970012664795,0,1,0.9859479665756226,-0.12326734513044357,-0.11274473369121552,0,0.1543356478214264,0.4138753116130829,0.8971558809280396,0,-0.06392773985862732,-0.9019490480422974,0.427083820104599,0,0,0.6398289799690247,0,1,0.9996609687805176,0.00039974626270122826,-0.02604249306023121,0,0.01568574644625187,0.7889791131019592,0.6142199635505676,0,0.020792504772543907,-0.6144199967384338,0.7887049913406372,0,0,0.18985499441623688,0,1,-0.9700648784637451,0.159296914935112,-0.18329690396785736,0,-0.21340109407901764,-0.19893884658813477,0.956494927406311,0,0.11590191721916199,0.9669789671897888,0.22697807848453522,0,-0.34693899750709534,-0.1664070039987564,0.0015069999499246478,1,0.9991070032119751,-0.03158913552761078,0.028048565611243248,0,0.026996860280632973,-0.03324213624000549,-0.9990829825401306,0,0.03249256685376167,0.9989479184150696,-0.03235964477062225,0,0,0.8518779873847961,0,1,0.9834800958633423,0.1804775595664978,-0.013963272795081139,0,-0.07202045619487762,0.46089693903923035,0.8845260143280029,0,0.16607272624969482,-0.8689080476760864,0.466280996799469,0,0,0.6397020220756531,0,1,0.9996950030326843,-0.0010557676432654262,0.024687903001904488,0,-0.015247766859829426,0.7598430514335632,0.649927020072937,0,-0.01944509707391262,-0.6501049995422363,0.7595949769020081,0,0,0.19417700171470642,0,1
K0.133,0.9996330142021179,0.02565228007733822,-0.008704843930900097,0,-0.025665950030088425,0.9996699690818787,-0.0014606851618736982,0,0.00866449624300003,0.001683566253632307,0.9999609589576721,0,0.005329980980604887,1.0897901058197021,0.24893110990524292,1,0.9996969699859619,-0.020702216774225235,-0.013285147957503796,0,0.023234834894537926,0.9720349907875061,0.23368310928344727,0,0.008075874298810959,-0.2339210957288742,0.9722219109535217,0,0,0.29948899149894714,0.00018099999579135329,1,0.9998900890350342,0.0004518279747571796,-0.014836360700428486,0,0.0011087775928899646,0.9944700002670288,0.10501127690076828,0,0.014801759272813797,-0.10501616448163986,0.9943599700927734,0,0,0.3494040071964264,0,1,0.9998899698257446,0.0011122730793431401,-0.014823147095739841,0,0.0004512243904173374,0.9944659471511841,0.10505816340446472,0,0.01485796645283699,-0.10505328327417374,0.9943559765815735,0,0,0.39931899309158325,0,1,0.9992740750312805,-0.016005434095859528,0.03457498550415039,0,0.016870714724063873,0.9995480179786682,-0.02488122321665287,0,-0.03416110947728157,0.0254464540630579,0.9990919828414917,0,0,0.4492340087890625,0,1,0.9837520122528076,0.028277698904275894,0.17729002237319946,0,0.062268465757369995,0.8724746704101562,-0.4846764802932739,0,-0.16838650405406952,0.48784077167510986,0.8565374612808228,0,0,0.11782799661159515,0.004838000051677227,1,0.10105331242084503,0.025527743622660637,-0.9945530295372009,0,0.9802651405334473,-0.173282191157341,0.09515380859375,0,-0.16990926861763,-0.984541118144989,-0.042534664273262024,0,0.18284499645233154,0.4145039916038513,-0.02615799941122532,1,0.8111990690231323,0.5808478593826294,-0.06761317700147629,0,-0.33924952149391174,0.5616315007209778,0.7546391487121582,0,0.4763041138648987,-0.5892246961593628,0.6526471972465515,0,0,0.3761259913444519,0,1,0.377040296792984,0.9259433746337891,-0.021685566753149033,0,-0.9221952557563782,0.37748223543167114,0.08403702080249786,0,0.08599948137998581,-0.011687016114592552,0.9962270855903625,0,0,0.6138870120048523,0,1,-0.014032885432243347,-0.04292827844619751,0.998979926109314,0,-0.9870781302452087,-0.1588984876871109,-0.020693937316536903,0,0.15962471067905426,-0.986361026763916,-0.0401436984539032,0,-0.18284499645233154,0.4145349860191345,0.026429999619722366,1,0.7543538808822632,-0.6563511490821838,0.012393529526889324,0,0.3721151351928711,0.4430779218673706,0.8156049847602844,0,-0.5408148169517517,-0.610643208026886,0.5784759521484375,0,0,0.37619099020957947,0,1,0.45597919821739197,-0.8865353465080261,0.07833920419216156,0,0.8896834254264832,0.4563652276992798,-0.01395482663065195,0,-0.023379841819405556,0.0760602056980133,0.9968289732933044,0,0,0.6125609874725342,0,1,-0.9720451831817627,-0.1083168014883995,0.20831897854804993,0,0.22759078443050385,-0.21655265986919403,0.9493721723556519,0,-0.057720884680747986,0.9702431559562683,0.2351505309343338,0,0.34693899750709534,-0.1664070039987564,-0.004308000206947327,1,0.9987780451774597,0.04941694438457489,0.00044642575085163116,0,-0.0007900013588368893,0.024997912347316742,-0.9996870160102844,0,-0.04941263422369957,0.9984650015830994,0.025006402283906937,0,0,0.8518970012664795,0,1,0.9888660311698914,-0.10411875694990158,-0.10631777346134186,0,0.14331968128681183,0.47409990429878235,0.868728518486023,0,-0.04004565626382828,-0.8742929697036743,0.48374322056770325,0,0,0.6398289799690247,0,1,0.9996690154075623,0.0007160985842347145,-0.02571316808462143,0,0.015846094116568565,0.7702774405479431,0.6375116109848022,0,0.020262811332941055,-0.6377085447311401,0.7700117230415344,0,0,0.18985499441623688,0,1,-0.9651148319244385,0.17701135575771332,-0.19292601943016052,0,-0.2210969775915146,-0.15628446638584137,0.9626480340957642,0,0.14024826884269714,0.9717210531234741,0.18996916711330414,0,-0.34693899750709534,-0.1664070039987564,0.0015069999499246478,1,0.9996629953384399,-0.01882602460682392,0.017860163003206253,0,0.01755678467452526,-0.01615864224731922,-0.9997149705886841,0,0.01910926215350628,0.9996920228004456,-0.015822678804397583,0,0,0.8518779873847961,0,1,0.9828779101371765,0.18195423483848572,-0.02904961071908474,0,-0.08681399375200272,0.5963560342788696,0.7980121970176697,0,0.16252553462982178,-0.7818262577056885,0.6019409894943237,0,0,0.6397020220756531,0,1,0.9997239708900452,-0.0020940606482326984,0.023401714861392975,0,-0.01562205608934164,0.6847116947174072,0.7286462187767029,0,-0.017549259588122368,-0.7288107872009277,0.6844900846481323,0,0,0.19417700171470642,0,1
K0.167,0.9990170001983643,0.036981984972953796,-0.024426553398370743,0,-0.036117810755968094,0.9987370371818542,0.034919917583465576,0,0.025687139481306076,-0.03400339186191559,0.9990920424461365,0,0.0034710178151726723,1.0972179174423218,0.25886592268943787,1,0.9996280074119568,-0.02296874299645424,-0.014724195003509521,0,0.02586720883846283,0.9694778919219971,0.24380934238433838,0,0.008674785494804382,-0.2440994530916214,0.9697111248970032,0,0,0.29948899149894714,0.00018099999579135329,1,0.9997850060462952,0.0033942486625164747,-0.0204395093023777,0,-0.0007897050818428397,0.9920161366462708,0.12610939145088196,0,0.020704379305243492,-0.126066192984581,0.9918059706687927,0,0,0.3494040071964264,0,1,0.9997899532318115,0.003963574767112732,-0.02012481354176998,0,-0.001392379985190928,0.9920039176940918,0.12620213627815247,0,0.020464085042476654,-0.12614746391773224,0.99180006980896,0,0,0.39931899309158325,0,1,0.9989569187164307,-0.022620046511292458,0.039672285318374634,0,0.024882813915610313,0.9980350136756897,-0.057502590119838715,0,-0.03829362243413925,0.0584297813475132,0.9975570440292358,0,0,0.4492340087890625,0,1,0.9783970713615417,0.053471408784389496,0.19970105588436127,0,0.06564861536026001,0.8356173038482666,-0.5453754663467407,0,-0.1960354894399643,0.5467033982276917,0.814054548740387,0,0,0.11782799661159515,0.004838000051677227,1,0.09860190749168396,0.023490723222494125,-0.9948500394821167,0,0.9876920580863953,-0.12428586930036545,0.09495778381824493,0,-0.12141510844230652,-0.9919679164886475,-0.035456400364637375,0,0.18284499645233154,0.4145039916038513,-0.02615799941122532,1,0.7937393188476562,0.6031656861305237,-0.07855076342821121,0,-0.3486120104789734,0.5569330453872681,0.7538539171218872,0,0.49844586849212646,-0.5709792375564575,0.6523298621177673,0,0,0.3761259913444519,0,1,0.2992517054080963,0.9539798498153687,-0.01924758031964302,0,-0.9497678279876709,0.2997455596923828,0.08996309340000153,0,0.09159238636493683,-0.00864088162779808,0.9957590699195862,0,0,0.6138870120048523,0,1,-0.04049428924918175,-0.04093112796545029,0.9983409643173218,0,-0.9941368699073792,-0.09860582649707794,-0.04436658322811127,0,0.1002582460641861,-0.99428391456604,-0.03669809177517891,0,-0.18284499645233154,0.4145349860191345,0.026429999619722366,1,0.7386451363563538,-0.6739358901977539,0.014590110629796982,0,0.37261995673179626,0.4262431859970093,0.82430100440979,0,-0.561744749546051,-0.6034291386604309,0.5659642219543457,0,0,0.37619099020957947,0,1,0.38384637236595154,-0.9195758700370789,0.08392311632633209,0,0.9231427311897278,0.3842858672142029,-0.011498373001813889,0,-0.021676836535334587,0.08188658952713013,0.9964060187339783,0,0,0.6125609874725342,0,1,-0.9759419560432434,-0.08302535116672516,0.20160233974456787,0,0.21383202075958252,-0.18392659723758698,0.9593988656997681,0,-0.04257442429661751,0.979426920413971,0.19725514948368073,0,0.34693899750709534,-0.1664070039987564,-0.004308000206947327,1,0.9987890124320984,0.04882126301527023,0.006071902345865965,0,0.004413204733282328,0.034011173993349075,-0.9994120001792908,0,-0.04899904876947403,0.998228132724762,0.03375451639294624,0,0,0.8518970012664795,0,1,0.9930809140205383,-0.07425247132778168,-0.09097707271575928,0,0.11654608696699142,0.5282096266746521,0.8410782217979431,0,-0.014397162944078445,-0.8458613753318787,0.5332084894180298,0,0,0.6398289799690247,0,1,0.9996880292892456,0.0014021216193214059,-0.024924948811531067,0,0.0161531250923872,0.7249163389205933,0.6886476278305054,0,0.019034070894122124,-0.6888353824615479,0.724667489528656,0,0,0.18985499441623688,0,1,-0.9577730298042297,0.20164765417575836,-0.20495902001857758,0,-0.22721004486083984,-0.09396827965974808,0.9693019390106201,0,0.176197811961174,0.9749399423599243,0.13581664860248566,0,-0.34693899750709534,-0.1664070039987564,0.0015069999499246478,1,0.9998950362205505,-0.01410380657762289,0.0031969426199793816,0,0.00339337857440114,0.01392593327909708,-0.9998970031738281,0,0.014057849533855915,0.9998040199279785,0.013972346670925617,0,0,0.8518779873847961,0,1,0.9809579849243164,0.189983069896698,-0.04035269096493721,0,-0.1020616888999939,0.6810042262077332,0.7251328229904175,0,0.16524319350719452,-0.7072058916091919,0.6874260306358337,0,0,0.6397020220756531,0,1,0.9997439980506897,-0.0027339730877429247,0.022439368069171906,0,-0.01575997844338417,0.6273353099822998,0.7785897850990295,0,-0.01620565541088581,-0.7787443399429321,0.6271317601203918,0,0,0.19417700171470642,0,1
K0.200,0.9978659749031067,0.04923619329929352,-0.042876213788986206,0,-0.044699810445308685,0.9938820004463196,0.10100107640028,0,0.04758680984377861,-0.09886898845434189,0.9939619898796082,0,-0.002938001649454236,1.106003999710083,0.2780880033969879,1,0.9995290040969849,-0.028283992782235146,-0.01189778558909893,0,0.030337011441588402,0.96909099817276,0.2448321282863617,0,0.0046052089892327785,-0.24507784843444824,0.9694929718971252,0,0,0.29948899149894714,0.00018099999579135329,1,0.9996780157089233,0.004678820259869099,-0.02495909295976162,0,-0.0014761799247935414,0.9919250011444092,0.1268208622932434,0,0.02535090781748295,-0.1267431229352951,0.9916120767593384,0,0,0.3494040071964264,0,1,0.999686062335968,0.005276054609566927,-0.02451380528509617,0,-0.002121945610269904,0.9919069409370422,0.12695199251174927,0,0.02498520165681839,-0.12686002254486084,0.9916060566902161,0,0,0.39931899309158325,0,1,0.9988020062446594,-0.021327780559659004,0.04404200613498688,0,0.025580208748579025,0.9948210120201111,-0.09836611896753311,0,-0.04171598702669144,0.09937490522861481,0.9941750168800354,0,0,0.4492340087890625,0,1,0.9742160439491272,0.06040804460644722,0.2173786163330078,0,0.07604705542325974,0.8191860318183899,-0.5684629082679749,0,-0.21241338551044464,0.5703371167182922,0.7934707999229431,0,0,0.11782799661159515,0.004838000051677227,1,0.06468693166971207,0.017437929287552834,-0.9977530837059021,0,0.9941830635070801,-0.08740465342998505,0.06292790919542313,0,-0.086110919713974,-0.9960200190544128,-0.022990457713603973,0,0.18284499645233154,0.4145039916038513,-0.02615799941122532,1,0.778765857219696,0.620246171951294,-0.09390109777450562,0,-0.3365428149700165,0.5394099950790405,0.7718650698661804,0,0.5293980240821838,-0.5695009231567383,0.6288141012191772,0,0,0.3761259913444519,0,1,0.23392494022846222,0.972108006477356,-0.01688714697957039,0,-0.9675061106681824,0.2344619184732437,0.09465763717889786,0,0.09597685188055038,-0.0058043641038239,0.9953669905662537,0,0,0.6138870120048523,0,1,-0.06445919722318649,-0.03623071685433388,0.9972620010375977,0,-0.9970099925994873,-0.040332719683647156,-0.06590819358825684,0,0.04261019453406334,-0.9985290765762329,-0.033522602170705795,0,-0.18284499645233154,0.4145349860191345,0.026429999619722366,1,0.7187802195549011,-0.6946558356285095,0.028431309387087822,0,0.3579753637313843,0.4048447012901306,0.8414000868797302,0,-0.5959938168525696,-0.5946041345596313,0.539664089679718,0,0,0.37619099020957947,0,1,0.33717072010040283,-0.9373841285705566,0.0873299390077591,0,0.9412229061126709,0.3376453220844269,-0.009726527146995068,0,-0.020369064062833786,0.08547647297382355,0.996131956577301,0,0,0.6125609874725342,0,1,-0.9787060618400574,-0.04825986176729202,0.19951309263706207,0,0.203929141163826,-0.11781810224056244,0.9718700051307678,0,-0.023396078497171402,0.9918621182441711,0.1251508742570877,0,0.34693899750709534,-0.1664070039987564,-0.004308000206947327,1,0.9990869760513306,0.040901489555835724,0.012317400425672531,0,0.014494496397674084,-0.05336499959230423,-0.9984700083732605,0,-0.04018159583210945,0.9977370500564575,-0.05390912666916847,0,0,0.8518970012664795,0,1,0.9964890480041504,-0.053138960152864456,-0.06469980627298355,0,0.0831560268998146,0.5382569432258606,0.8386680483818054,0,-0.009740829467773438,-0.8411039113998413,0.54078608751297,0,0,0.6398289799690247,0,1,0.9997050762176514,0.0019433116540312767,-0.02421809919178486,0,0.01634831540286541,0.6835742592811584,0.7296977639198303,0,0.017972895875573158,-0.7298782467842102,0.6833407282829285,0,0,0.18985499441623688,0,1,-0.9509568214416504,0.21913830935955048,-0.218308687210083,0,-0.23438668251037598,-0.04994310438632965,0.9708600044250488,0,0.20184966921806335,0.9744150042533875,0.09885701537132263,0,-0.34693899750709534,-0.1664070039987564,0.0015069999499246478,1,0.9996739625930786,-0.023399202153086662,-0.010241205804049969,0,-0.009254198521375656,0.04190710932016373,-0.9990789890289307,0,0.023806806653738022,0.9988470077514648,0.04167686030268669,0,0,0.8518779873847961,0,1,0.978643000125885,0.20116105675697327,-0.04233051463961601,0,-0.10984393209218979,0.6857858300209045,0.7194671630859375,0,0.17375847697257996,-0.6994518637657166,0.6932359933853149,0,0,0.6397020220756531,0,1,0.9997439980506897,-0.0027224321383982897,0.02245800569653511,0,-0.015758434310555458,0.6284521818161011,0.7776879072189331,0,-0.016230996698141098,-0.777843177318573,0.6282488107681274,0,0,0.19417700171470642,0,1
