5.900,30,176,25
B0,mixamorig_Hips,-1,0.9996632933616638,0.015772748738527298,0.02058740146458149,0,-0.01978028006851673,0.9770947694778442,0.21188437938690186,0,-0.016773849725723267,-0.21222032606601715,0.9770781397819519,0,0.009482409805059433,1.125677466392517,-0.25763723254203796,1
B1,mixamorig_Spine,0,0.9996902942657471,0.02185915596783161,0.011862536892294884,0,-0.02415630593895912,0.9669005870819092,0.2540092468261719,0,-0.005917464382946491,-0.25421708822250366,0.9671289324760437,0,0,0.29948899149894714,0.00018099999579135329,1
B2,mixamorig_Spine1,1,0.9990610480308533,0.04053623229265213,0.015299614518880844,0,-0.04303449019789696,0.8873913884162903,0.4590037167072296,0,0.00502953352406621,-0.45923104882240295,0.8883024454116821,0,0,0.3494040071964264,0,1
B3,mixamorig_Spine2,2,0.9991922378540039,0.03609129786491394,0.017658088356256485,0,-0.040169309824705124,0.8874133229255676,0.4592210650444031,0,0.0009038605494424701,-0.45955953001976013,0.8881465196609497,0,0,0.39931899309158325,0,1
B4,mixamorig_Neck,3,0.9991641640663147,-0.04053404927253723,0.005352716892957687,0,0.03899664059281349,0.9841282963752747,0.17311955988407135,0,-0.012284996919333935,-0.17276610434055328,0.9848864078521729,0,0,0.4492340087890625,0,1
B5,mixamorig_Head,4,0.9962612986564636,-0.0033386230934411287,0.08632631599903107,0,0.00863861944526434,0.9980948567390442,-0.06109447032213211,0,-0.085957832634449,0.06161176785826683,0.994391679763794,0,0,0.11782799661159515,0.004838000051677227,1
B6,mixamorig_HeadTop_End,5,1,0,0,0,0,1,0,0,0,0,1,0,0,0.6140270233154297,0.025211000815033913,1
B7,mixamorig_LeftShoulder,3,-0.16213108599185944,0.03003968670964241,-0.9863117337226868,0,0.9355964660644531,-0.3130216598510742,-0.16332797706127167,0,-0.31364333629608154,-0.9492707252502441,0.022645464166998863,0,0.18284499645233154,0.4145039916038513,-0.02615799941122532,1
B8,mixamorig_LeftArm,7,0.24638451635837555,0.8452216982841492,0.4742298722267151,0,-0.8869689702987671,-0.0005645683268085122,0.46182796359062195,0,0.39061516523361206,-0.5344149470329285,0.7495471239089966,0,0,0.3761259913444519,0,1
B9,mixamorig_LeftForeArm,8,0.31894639134407043,0.9471331238746643,0.03480644151568413,0,-0.9470986723899841,0.31711965799331665,0.049392785876989365,0,0.035743750631809235,-0.04871879518032074,0.9981729984283447,0,0,0.6138870120048523,0,1
B10,mixamorig_LeftHand,9,1,0,0,0,0,1,0,0,0,0,1,0,0,0.5499849915504456,0,1
B11,mixamorig_RightShoulder,3,0.3501300811767578,-0.03511641547083855,0.9360427260398865,0,-0.9221671223640442,-0.18827557563781738,0.337876558303833,0,0.16436892747879028,-0.9814881682395935,-0.09830408543348312,0,-0.18284499645233154,0.4145349860191345,0.026429999619722366,1
B12,mixamorig_RightArm,11,0.7695739269256592,-0.39356729388237,-0.5028534531593323,0,0.6374275088310242,0.5203190445899963,0.5682908892631531,0,0.03798353299498558,-0.7578739523887634,0.6512941718101501,0,0,0.37619099020957947,0,1
B13,mixamorig_RightForeArm,12,-0.11252398788928986,-0.9920626878738403,0.05612831190228462,0,0.9920336008071899,-0.11538103967905045,-0.050556451082229614,0,0.056631311774253845,0.04999235272407532,0.9971426725387573,0,0,0.6125609874725342,0,1
B14,mixamorig_RightHand,13,1,0,0,0,0,1,0,0,0,0,1,0,0,0.5499799847602844,0,1
B15,mixamorig_LeftUpLeg,0,-0.9942929148674011,0.029573213309049606,0.10250439494848251,0,0.10177714377641678,-0.02513342723250389,0.9944897890090942,0,0.0319865420460701,0.9992466568946838,0.02198016084730625,0,0.34693899750709534,-0.1664070039987564,-0.004308000206947327,1
B16,mixamorig_LeftLeg,15,0.9967796206474304,-0.027692461386322975,-0.07525947690010071,0,-0.07753739506006241,-0.09331774711608887,-0.9926125407218933,0,0.020464835688471794,0.9952512979507446,-0.09516443312168121,0,0,0.8518970012664795,0,1
B17,mixamorig_LeftFoot,16,0.9997912049293518,0.012479348108172417,0.01618792489171028,0,-0.020096249878406525,0.455574095249176,0.889971137046814,0,0.003731459379196167,-0.8901105523109436,0.45572972297668457,0,0,0.6398289799690247,0,1
B18,mixamorig_LeftToeBase,17,0.9998112916946411,-0.003873616922646761,-0.019053468480706215,0,0.016215646639466286,0.7068284153938293,0.7071996331214905,0,0.010728104040026665,-0.7073745727539062,0.7067573666572571,0,0,0.18985499441623688,0,1
B19,mixamorig_LeftToe_End,18,1,0,0,0,0,1,0,0,0,0,1,0,0,0.12133000046014786,0,1
B20,mixamorig_RightUpLeg,0,-0.9603784084320068,-0.06762435287237167,-0.27037107944488525,0,-0.26754292845726013,-0.048039354383945465,0.9623481631278992,0,-0.07806660979986191,0.9965540170669556,0.02804354391992092,0,-0.34693899750709534,-0.1664070039987564,0.0015069999499246478,1
B21,mixamorig_RightLeg,20,0.994117796421051,0.10814767330884933,0.005798438563942909,0,0.02355291321873665,-0.16362549364566803,-0.986241340637207,0,-0.10571092367172241,0.9805765748023987,-0.16521020233631134,0,0,0.8518779873847961,0,1
B22,mixamorig_RightFoot,21,0.9905969500541687,-0.13418398797512054,-0.026682695373892784,0,0.06825759261846542,0.31571072340011597,0.9463972449302673,0,-0.11856735497713089,-0.9393196105957031,0.3219011723995209,0,0,0.6397020220756531,0,1
B23,mixamorig_RightToeBase,22,0.9997050762176514,-0.0014285038923844695,0.02425829879939556,0,-0.015399191528558731,0.7349969148635864,0.677895724773407,0,-0.01879815012216568,-0.6780692338943481,0.7347580194473267,0,0,0.19417700171470642,0,1
B24,mixamorig_RightToe_End,23,1,0,0,0,0,1,0,0,0,0,1,0,0,0.1213729977607727,0,1
@20,0,1,2,3,4,5,7,8,9,11,12,13,15,16,17,18,20,21,22,23
K0,0.9960600733757019,0.0018367442535236478,0.08865856379270554,0,0.045866742730140686,0.8449921607971191,-0.532808780670166,0,-0.07589443773031235,0.5347761511802673,0.8415788412094116,0,0.007689000107347965,1.0714750289916992,-0.41600900888442993,1,0.9999650120735168,0.005558966193348169,-0.006208848208189011,0,-0.004491033963859081,0.9870380163192749,0.1604217141866684,0,0.00702015170827508,-0.1603882759809494,0.987028956413269,0,0,0.29948899149894714,0.00018099999579135329,1,0.9997109770774841,0.023822318762540817,-0.003239014884456992,0,-0.02172667905688286,0.9528980851173401,0.30251193046569824,0,0.01029298547655344,-0.3023540675640106,0.9531399607658386,0,0,0.3494040071964264,0,1,0.999550998210907,0.029582004994153976,-0.004788902122527361,0,-0.026754995808005333,0.952923059463501,0.30202996730804443,0,0.013498097658157349,-0.301766037940979,0.9532859325408936,0,0,0.39931899309158325,0,1,0.9997169971466064,-0.023627836257219315,-0.0026280826423317194,0,0.02376416139304638,0.9900909662246704,0.13840128481388092,0,-0.0006680828519165516,-0.13842469453811646,0.9903730750083923,0,0,0.4492340087890625,0,1,0.9996200203895569,0.010694172233343124,0.025425205007195473,0,-0.009448827244341373,0.9987729787826538,-0.048605866730213165,0,-0.025913793593645096,0.04834713786840439,0.998494029045105,0,0,0.11782799661159515,0.004838000051677227,1,-0.21643882989883423,0.037109944969415665,-0.9755909442901611,0,0.9054579734802246,-0.36606574058532715,-0.21480415761470795,0,-0.36510199308395386,-0.9298489689826965,0.04562944918870926,0,0.18284499645233154,0.4145039916038513,-0.02615799941122532,1,0.6975919604301453,0.7145209908485413,-0.053163621574640274,0,-0.42218780517578125,0.46986573934555054,0.7752312421798706,0,0.5788983106613159,-0.5183495879173279,0.6294360756874084,0,0,0.3761259913444519,0,1,0.4345993101596832,0.9001638889312744,0.028774509206414223,0,-0.9001310467720032,0.43308284878730774,0.04694284871220589,0,0.029794510453939438,-0.04630215838551521,0.9984830021858215,0,0,0.6138870120048523,0,1,0.1770215630531311,0.005278130993247032,0.9841930270195007,0,-0.9144509434700012,-0.3688800036907196,0.16645565629005432,0,0.36392760276794434,-0.9294621348381042,-0.060473039746284485,0,-0.18284499645233154,0.4145349860191345,0.026429999619722366,1,0.9589581489562988,-0.2590439021587372,-0.11530860513448715,0,0.25288909673690796,0.5974257588386536,0.7610061168670654,0,-0.12824560701847076,-0.7589328289031982,0.6384152173995972,0,0,0.37619099020957947,0,1,0.34992000460624695,-0.9362130761146545,0.032561399042606354,0,0.9361870288848877,0.3482509255409241,-0.047711316496133804,0,0.03332839906215668,0.04717868193984032,0.9983299970626831,0,0,0.6125609874725342,0,1,-0.9590700268745422,-0.10407997667789459,0.2633481025695801,0,0.2641080319881439,-0.6642220616340637,0.6993249654769897,0,0.10213591158390045,0.7402540445327759,0.6645238995552063,0,0.34693899750709534,-0.1664070039987564,-0.004308000206947327,1,0.9926319718360901,-0.1090080663561821,-0.05290503054857254,0,-0.06781407445669174,-0.13795506954193115,-0.9881139993667603,0,0.1004139706492424,0.9844220876693726,-0.14433100819587708,0,0,0.8518970012664795,0,1,0.9976570010185242,0.06565852463245392,0.01924603059887886,0,-0.04651248827576637,0.4445241093635559,0.8945590257644653,0,0.05018002912402153,-0.8933570384979248,0.44653594493865967,0,0,0.6398289799690247,0,1,0.9998689293861389,-0.00981518067419529,-0.012885105796158314,0,0.015947816893458366,0.7357161045074463,0.6771027445793152,0,0.002833892125636339,-0.6772190928459167,0.7357758283615112,0,0,0.18985499441623688,0,1,-0.965557873249054,0.07157354056835175,-0.2501501142978668,0,-0.22949042916297913,-0.6873088479042053,0.6891589760780334,0,-0.1226048544049263,0.7228299975395203,0.6800619959831238,0,-0.34693899750709534,-0.1664070039987564,0.0015069999499246478,1,0.9906249642372131,0.13620008528232574,-0.010590527206659317,0,0.00913307722657919,-0.14337803423404694,-0.989625871181488,0,-0.1363055557012558,0.9802510738372803,-0.14327774941921234,0,0,0.8518779873847961,0,1,0.9853990077972412,-0.16813570261001587,-0.026814404875040054,0,0.08703527599573135,0.3620809316635132,0.9280740022659302,0,-0.14633339643478394,-0.9168570041656494,0.3714279234409332,0,0,0.6397020220756531,0,1,0.9996999502182007,-0.0012420195853337646,0.024477282539010048,0,-0.015326020307838917,0.7476798892021179,0.6638831496238708,0,-0.019125718623399734,-0.6640588641166687,0.7474361062049866,0,0,0.19417700171470642,0,1
K0.034,0.9958739280700684,0.003302469849586487,0.09068554639816284,0,0.0458470918238163,0.8441052436828613,-0.5342147350311279,0,-0.07831237465143204,0.5361682176589966,0.8404710292816162,0,0.007926223799586296,1.0712766647338867,-0.4157680869102478,1,0.9999589920043945,0.005097595043480396,-0.007547798100858927,0,-0.003798035904765129,0.9865944981575012,0.16314414143562317,0,0.0082782581448555,-0.16310878098011017,0.986573338508606,0,0,0.29948899149894714,0.00018099999579135329,1,0.9997049570083618,0.023526394739747047,-0.005963480565696955,0,-0.02055390179157257,0.9513340592384338,0.3074750304222107,0,0.012907052412629128,-0.30726203322410583,0.9515377879142761,0,0,0.3494040071964264,0,1,0.9995408654212952,0.02934030070900917,-0.0075226896442472935,0,-0.025615684688091278,0.951366126537323,0.30699729919433594,0,0.016164224594831467,-0.3066636323928833,0.9516808390617371,0,0,0.39931899309158325,0,1,0.9997632503509521,-0.02169765904545784,-0.0014281191397458315,0,0.02168724685907364,0.9902055859565735,0.13792221248149872,0,-0.0015784582355991006,-0.13792060315608978,0.9904422760009766,0,0,0.4492340087890625,0,1,0.999533474445343,0.009684763848781586,0.02894989773631096,0,-0.008507457561790943,0.9991429448127747,-0.040517408400774,0,-0.029317490756511688,0.04025221988558769,0.9987593293190002,0,0,0.11782799661159515,0.004838000051677227,1,-0.21566148102283478,0.03655679151415825,-0.9757838845252991,0,0.9067156314849854,-0.3634087145328522,-0.21401120722293854,0,-0.36243197321891785,-0.9309126734733582,0.04522663354873657,0,0.18284499645233154,0.4145039916038513,-0.02615799941122532,1,0.6955479383468628,0.7171809077262878,-0.04317586123943329,0,-0.4289102554321289,0.46268120408058167,0.7758619785308838,0,0.5764100551605225,-0.5211306214332581,0.629423201084137,0,0,0.3761259913444519,0,1,0.43900084495544434,0.8980323672294617,0.028545405715703964,0,-0.8979994058609009,0.4374960660934448,0.046832263469696045,0,0.029568428173661232,-0.04619321972131729,0.9984950423240662,0,0,0.6138870120048523,0,1,0.17668694257736206,0.005579653196036816,0.9842514395713806,0,-0.9133927822113037,-0.3716622292995453,0.1660737842321396,0,0.36673587560653687,-0.9283517003059387,-0.06057151407003403,0,-0.18284499645233154,0.4145349860191345,0.026429999619722366,1,0.9602035880088806,-0.25209301710128784,-0.12024618685245514,0,0.2527867555618286,0.6012923121452332,0.7579877972602844,0,-0.11878032982349396,-0.7582192420959473,0.6410887837409973,0,0,0.37619099020957947,0,1,0.3416712284088135,-0.9392402172088623,0.032981403172016144,0,0.9392130374908447,0.3399805724620819,-0.04786570742726326,0,0.03374437987804413,0.047330934554338455,0.9983088970184326,0,0,0.6125609874725342,0,1,-0.958558976650238,-0.10437603294849396,0.2650841176509857,0,0.2652970552444458,-0.6661553978919983,0.6970324516296387,0,0.10383379459381104,0.738473117351532,0.6662402749061584,0,0.34693899750709534,-0.1664070039987564,-0.004308000206947327,1,0.9926793575286865,-0.10848209261894226,-0.05309443175792694,0,-0.06800566613674164,-0.13874199986457825,-0.9879903197288513,0,0.09981285780668259,0.9843685626983643,-0.14510375261306763,0,0,0.8518970012664795,0,1,0.9976862072944641,0.06519345939159393,0.019270382821559906,0,-0.046247854828834534,0.443122535943985,0.8952678442001343,0,0.049826476722955704,-0.8940877914428711,0.4451123774051666,0,0,0.6398289799690247,0,1,0.9998689889907837,-0.009907634928822517,-0.012781369499862194,0,0.015945889055728912,0.7356417775154114,0.677183210849762,0,0.0026932263281196356,-0.6772984266281128,0.7357035875320435,0,0,0.18985499441623688,0,1,-0.9666413068771362,0.07291444391012192,-0.2455340474843979,0,-0.22699309885501862,-0.6879423260688782,0.6893543601036072,0,-0.1186494529247284,0.7220933437347412,0.6815450191497803,0,-0.34693899750709534,-0.1664070039987564,0.0015069999499246478,1,0.990735650062561,0.1353367269039154,-0.011239730753004551,0,0.008413929492235184,-0.14377853274345398,-0.9895736575126648,0,-0.13554182648658752,0.9803123474121094,-0.14358536899089813,0,0,0.8518779873847961,0,1,0.9854465126991272,-0.1678667515516281,-0.0267664585262537,0,0.08691686391830444,0.36226528882980347,0.9280135035514832,0,-0.14608602225780487,-0.9168338775634766,0.37158340215682983,0,0,0.6397020220756531,0,1,0.9997000098228455,-0.0012421676656231284,0.024476896971464157,0,-0.015326160006225109,0.7476620078086853,0.6639029383659363,0,-0.01912510208785534,-0.6640781760215759,0.7474178671836853,0,0,0.19417700171470642,0,1
K0.067,0.9956777691841125,0.004873352590948343,0.0927521362900734,0,0.04576095938682556,0.8432669043540955,-0.5355424880981445,0,-0.08082470297813416,0.5374723076820374,0.8393992781639099,0,0.008142145350575447,1.071035385131836,-0.4156058728694916,1,0.9999488592147827,0.004656959790736437,-0.008918886072933674,0,-0.0031131526920944452,0.9861418008804321,0.16587601602077484,0,0.009567772038280964,-0.16583991050720215,0.9861066341400146,0,0,0.29948899149894714,0.00018099999579135329,1,0.9996907114982605,0.023304782807826996,-0.008710085414350033,0,-0.0194180216640234,0.9497377872467041,0.31244415044784546,0,0.015553737059235573,-0.3121783137321472,0.9498963356018066,0,0,0.3494040071964264,0,1,0.9995206594467163,0.029190722852945328,-0.01027847919613123,0,-0.024529848247766495,0.9497756958007812,0.3119673430919647,0,0.01886882074177265,-0.31156596541404724,0.95003741979599,0,0,0.39931899309158325,0,1,0.999803364276886,-0.019822945818305016,-0.00019797412096522748,0,0.01966194435954094,0.99031001329422,0.13747526705265045,0,-0.002529110526666045,-0.13745220005512238,0.9905056357383728,0,0,0.4492340087890625,0,1,0.9994297623634338,0.00857292115688324,0.032662972807884216,0,-0.007530440576374531,0.9994624853134155,-0.03190665319561958,0,-0.03291894122958183,0.03164248168468475,0.9989568591117859,0,0,0.11782799661159515,0.004838000051677227,1,-0.21496444940567017,0.036031294614076614,-0.9759575128555298,0,0.9078946113586426,-0.36087673902511597,-0.2132960855960846,0,-0.3598855435848236,-0.9319172501564026,0.0448630191385746,0,0.18284499645233154,0.4145039916038513,-0.02615799941122532,1,0.6924954056739807,0.7206462621688843,-0.03346046432852745,0,-0.43639910221099854,0.45538267493247986,0.7760037183761597,0,0.5744614601135254,-0.5227769017219543,0.6298397779464722,0,0,0.3761259913444519,0,1,0.44429248571395874,0.8954356908798218,0.028269194066524506,0,-0.8954026103019714,0.442801833152771,0.04669670760631561,0,0.029296252876520157,-0.04605931416153908,0.9985091686248779,0,0,0.6138870120048523,0,1,0.17637285590171814,0.005879037082195282,0.9843056201934814,0,-0.9123143553733826,-0.37446391582489014,0.1657097190618515,0,0.36956116557121277,-0.9272229075431824,-0.06068180873990059,0,-0.18284499645233154,0.4145349860191345,0.026429999619722366,1,0.9613293409347534,-0.24538566172122955,-0.12502889335155487,0,0.25272151827812195,0.6055973768234253,0.7545751333236694,0,-0.10944478958845139,-0.7569928765296936,0.6441929340362549,0,0,0.37619099020957947,0,1,0.3337708115577698,-0.94206303358078,0.03338360786437988,0,0.942035973072052,0.33205991983413696,-0.048009444028139114,0,0.03414255008101463,0.04747268557548523,0.9982887506484985,0,0,0.6125609874725342,0,1,-0.9580193758010864,-0.1047099158167839,0.2668989300727844,0,0.2665729820728302,-0.6679958701133728,0.6947808861732483,0,0.10553690046072006,0.7367613911628723,0.6678655743598938,0,0.34693899750709534,-0.1664070039987564,-0.004308000206947327,1,0.9927273988723755,-0.10804520547389984,-0.053098950535058975,0,-0.06801735609769821,-0.13944868743419647,-0.9878901839256287,0,0.09933222085237503,0.9843173027038574,-0.14578348398208618,0,0,0.8518970012664795,0,1,0.9977132081985474,0.06477949023246765,0.019293146207928658,0,-0.04601117968559265,0.4418184459209442,0.8959237337112427,0,0.04951342195272446,-0.8947628140449524,0.4437887668609619,0,0,0.6398289799690247,0,1,0.9998700022697449,-0.010001756250858307,-0.01267609279602766,0,0.01594402827322483,0.7355875968933105,0.6772424578666687,0,0.002550761681050062,-0.6773560643196106,0.735650897026062,0,0,0.18985499441623688,0,1,-0.9677740931510925,0.07438848167657852,-0.24058152735233307,0,-0.22437891364097595,-0.6884161233901978,0.6897364854812622,0,-0.11431185156106949,0.7214912176132202,0.6829230785369873,0,-0.34693899750709534,-0.1664070039987564,0.0015069999499246478,1,0.9908491373062134,0.1344347447156906,-0.012035724706947803,0,0.007542865816503763,-0.144184872508049,-0.9895215630531311,0,-0.13476158678531647,0.9803768396377563,-0.14387963712215424,0,0,0.8518779873847961,0,1,0.9855405688285828,-0.16732177138328552,-0.026698220521211624,0,0.08668558299541473,0.36252281069755554,0.9279348254203796,0,-0.1455850452184677,-0.9168322086334229,0.3717854917049408,0,0,0.6397020220756531,0,1,0.9997000098228455,-0.0012428511399775743,0.02447676472365856,0,-0.015325850807130337,0.7476517558097839,0.6639142632484436,0,-0.019125234335660934,-0.6640899181365967,0.7474080920219421,0,0,0.19417700171470642,0,1
K0.101,0.9954783320426941,0.006411548238247633,0.09477335959672928,0,0.04568169265985489,0.842456579208374,-0.5368236899375916,0,-0.08328431099653244,0.5387257933616638,0.8383544683456421,0,0.008331488817930222,1.0708105564117432,-0.4155047833919525,1,0.9999378323554993,0.00421229237690568,-0.010316042229533195,0,-0.00241272896528244,0.9856802821159363,0.16861063241958618,0,0.010878553614020348,-0.1685752123594284,0.9856289029121399,0,0,0.29948899149894714,0.00018099999579135329,1,0.9996634721755981,0.02329222857952118,-0.011463603004813194,0,-0.01845148205757141,0.9481154084205627,0.3173913061618805,0,0.018261557444930077,-0.3170727491378784,0.9482254981994629,0,0,0.3494040071964264,0,1,0.9994862675666809,0.0292656347155571,-0.013024982064962387,0,-0.023632869124412537,0.9481604695320129,0.3169132471084595,0,0.021624431014060974,-0.31644248962402344,0.9483646154403687,0,0,0.39931899309158325,0,1,0.9998343586921692,-0.018178526312112808,0.0010346362832933664,0,0.017865190282464027,0.9904013872146606,0.13706161081790924,0,-0.003516283119097352,-0.13702040910720825,0.9905619621276855,0,0,0.4492340087890625,0,1,0.999309241771698,0.007102529518306255,0.03646370768547058,0,-0.006276804022490978,0.9997223019599915,-0.022709926590323448,0,-0.03661491721868515,0.022465383633971214,0.9990772604942322,0,0,0.11782799661159515,0.004838000051677227,1,-0.2144804149866104,0.03560645878314972,-0.9760794043540955,0,0.9088233709335327,-0.3588317632675171,-0.21279168128967285,0,-0.35782477259635925,-0.9327226281166077,0.044602420181035995,0,0.18284499645233154,0.4145039916038513,-0.02615799941122532,1,0.6876205801963806,0.7256553173065186,-0.024530600756406784,0,-0.4451170563697815,0.4479970633983612,0.7753511667251587,0,0.5736274719238281,-0.5222285389900208,0.6310536861419678,0,0,0.3761259913444519,0,1,0.4511706531047821,0.892000675201416,0.027910245582461357,0,-0.8919678926467896,0.4496985673904419,0.046517375856637955,0,0.028942348435521126,-0.04588235169649124,0.9985273480415344,0,0,0.6138870120048523,0,1,0.1761234551668167,0.006154182367026806,0.984349250793457,0,-0.911285400390625,-0.37709251046180725,0.16540822386741638,0,0.3722086250782013,-0.9261552691459656,-0.060806628316640854,0,-0.18284499645233154,0.4145349860191345,0.026429999619722366,1,0.9623829126358032,-0.23893338441848755,-0.1293470710515976,0,0.25245681405067444,0.6104249358177185,0.7507649064064026,0,-0.10042605549097061,-0.75517737865448,0.6477823853492737,0,0,0.37619099020957947,0,1,0.3259632885456085,-0.9447788000106812,0.033781420439481735,0,0.9447516202926636,0.32423239946365356,-0.048147138208150864,0,0.034535348415374756,0.047609224915504456,0.998268723487854,0,0,0.6125609874725342,0,1,-0.9574357867240906,-0.1051430031657219,0.26881498098373413,0,0.2679939866065979,-0.6697386503219604,0.6925533413887024,0,0.10721857845783234,0.7351157069206238,0.6694090366363525,0,0.34693899750709534,-0.1664070039987564,-0.004308000206947327,1,0.9927625060081482,-0.10780436545610428,-0.052922867238521576,0,-0.06786733865737915,-0.1400509774684906,-0.9878154993057251,0,0.0990789383649826,0.9842579960823059,-0.14635378122329712,0,0,0.8518970012664795,0,1,0.99773108959198,0.06448525935411453,0.01931850239634514,0,-0.04583783820271492,0.4406355321407318,0.8965155482292175,0,0.049299608916044235,-0.8953667283058167,0.44259151816368103,0,0,0.6398289799690247,0,1,0.9998700618743896,-0.010072793811559677,-0.012595531530678272,0,0.0159418024122715,0.7355654239654541,0.6772666573524475,0,0.00244286865927279,-0.6773790717124939,0.7356300354003906,0,0,0.18985499441623688,0,1,-0.9689115881919861,0.07613439857959747,-0.23540037870407104,0,-0.2217968851327896,-0.6888661980628967,0.6901227235794067,0,-0.10961734503507614,0.7208792567253113,0.6843371391296387,0,-0.34693899750709534,-0.1664070039987564,0.0015069999499246478,1,0.9909473061561584,0.13359299302101135,-0.013255017809569836,0,0.006246225908398628,-0.14450833201408386,-0.9894841909408569,0,-0.13410358130931854,0.9804436564445496,-0.14403456449508667,0,0,0.8518779873847961,0,1,0.9856762290000916,-0.1665353924036026,-0.026610584929585457,0,0.08635272830724716,0.36283817887306213,0.9278424978256226,0,-0.1448632776737213,-0.9168503284454346,0.37202179431915283,0,0,0.6397020220756531,0,1,0.9997000098228455,-0.0012430163333192468,0.024476805701851845,0,-0.015326017513871193,0.7476425170898438,0.6639245748519897,0,-0.019125159829854965,-0.664100170135498,0.747398853302002,0,0,0.19417700171470642,0,1
K0.134,0.9953170418739319,0.007443026173859835,0.09637374430894852,0,0.045785658061504364,0.8417826294898987,-0.5378710627555847,0,-0.08512918651103973,0.5397651195526123,0.8375003933906555,0,0.008477523922920227,1.0707310438156128,-0.4154340326786041,1,0.999926745891571,0.0036435420624911785,-0.011505118571221828,0,-0.0016231233021244407,0.9852768182754517,0.17095810174942017,0,0.011958632618188858,-0.17092706263065338,0.9852116107940674,0,0,0.29948899149894714,0.00018099999579135329,1,0.9996261596679688,0.02359231561422348,-0.013793802820146084,0,-0.017905764281749725,0.9467087984085083,0.3215925097465515,0,0.02064584381878376,-0.3212255537509918,0.9467780590057373,0,0,0.3494040071964264,0,1,0.999442994594574,0.029649142175912857,-0.015306363813579082,0,-0.023168416693806648,0.9467578530311584,0.32111141085624695,0,0.024012111127376556,-0.32057809829711914,0.9469179511070251,0,0,0.39931899309158325,0,1,0.9998501539230347,-0.017208298668265343,0.0020182158332318068,0,0.016771260648965836,0.9904807209968567,0.13662545382976532,0,-0.0043500931933522224,-0.13657106459140778,0.9906204342842102,0,0,0.4492340087890625,0,1,0.9992039799690247,0.005336038302630186,0.03954673185944557,0,-0.004757911432534456,0.9998804926872253,-0.014698471873998642,0,-0.03962044045329094,0.014498612843453884,0.9991099834442139,0,0,0.11782799661159515,0.004838000051677227,1,-0.21436548233032227,0.035393450409173965,-0.9761117696762085,0,0.9092452526092529,-0.3578418493270874,-0.21265600621700287,0,-0.35682031512260437,-0.9331111311912537,0.04452759772539139,0,0.18284499645233154,0.4145039916038513,-0.02615799941122532,1,0.68098384141922,0.7320729494094849,-0.01818677969276905,0,-0.45422470569610596,0.4417455494403839,0.7736548185348511,0,0.574405312538147,-0.5185852646827698,0.6333467960357666,0,0,0.3761259913444519,0,1,0.4593798518180847,0.8878146409988403,0.02748204581439495,0,-0.88778156042099,0.4579295516014099,0.04629909247159958,0,0.028520183637738228,-0.04566694051027298,0.9985495209693909,0,0,0.6138870120048523,0,1,0.17601114511489868,0.006339289713650942,0.9843681454658508,0,-0.9105493426322937,-0.3789360821247101,0.16525223851203918,0,0.37405988574028015,-0.9254013895988464,-0.060924723744392395,0,-0.18284499645233154,0.4145349860191345,0.026429999619722366,1,0.9632394909858704,-0.2339734435081482,-0.1320078819990158,0,0.2518235743045807,0.6152538657188416,0.747026264667511,0,-0.09356590360403061,-0.7528074979782104,0.6515564322471619,0,0,0.37619099020957947,0,1,0.31860995292663574,-0.9472697973251343,0.034156620502471924,0,0.9472429156303406,0.3168601989746094,-0.048274945467710495,0,0.034906528890132904,0.04773549735546112,0.9982495903968811,0,0,0.6125609874725342,0,1,-0.9569461345672607,-0.10596313327550888,0.27023449540138245,0,0.2693585157394409,-0.6711136102676392,0.6906900405883789,0,0.10817030072212219,0.7337427139282227,0.6707612872123718,0,0.34693899750709534,-0.1664070039987564,-0.004308000206947327,1,0.9927896857261658,-0.10782790184020996,-0.052356865257024765,0,-0.0673486590385437,-0.14045798778533936,-0.987793505191803,0,0.09915781021118164,0.9841978549957275,-0.14670738577842712,0,0,0.8518970012664795,0,1,0.9977400302886963,0.06434774398803711,0.019341614097356796,0,-0.04574818164110184,0.43973761796951294,0.8969606757164001,0,0.04921213537454605,-0.8958178162574768,0.44168728590011597,0,0,0.6398289799690247,0,1,0.9998700022697449,-0.010108569636940956,-0.01255538035184145,0,0.015940885990858078,0.7355765104293823,0.6772544384002686,0,0.00238936860114336,-0.6773662567138672,0.7356416583061218,0,0,0.18985499441623688,0,1,-0.9698160886764526,0.0781913548707962,-0.23096048831939697,0,-0.21994546055793762,-0.6894226670265198,0.6901603937149048,0,-0.10526476800441742,0.7201270461082458,0.6858107447624207,0,-0.34693899750709534,-0.1664070039987564,0.0015069999499246478,1,0.9909623861312866,0.13325494527816772,-0.015380040742456913,0,0.004077224526554346,-0.1445261538028717,-0.9894927740097046,0,-0.13407765328884125,0.9804877042770386,-0.14376331865787506,0,0,0.8518779873847961,0,1,0.985804557800293,-0.16578994691371918,-0.02653275430202484,0,0.08604221045970917,0.3631399869918823,0.9277528524398804,0,-0.14417703449726105,-0.9168661832809448,0.3722500801086426,0,0,0.6397020220756531,0,1,0.9997000098228455,-0.001243010745383799,0.024475935846567154,0,-0.01532598864287138,0.7476233243942261,0.6639457941055298,0,-0.019124062731862068,-0.6641214489936829,0.7473796606063843,0,0,0.19417700171470642,0,1
K0.168,0.9951843023300171,0.008192465640604496,0.09767760336399078,0,0.045948732644319534,0.841240644454956,-0.5387037396430969,0,-0.08658374100923538,0.5405980348587036,0.8368136286735535,0,0.008587050251662731,1.0707306861877441,-0.41539427638053894,1,0.9999167323112488,0.0030007793102413416,-0.0125271026045084,0,-0.0007880626362748444,0.9849165081977844,0.173026442527771,0,0.012857367284595966,-0.1730022132396698,0.9848370552062988,0,0,0.29948899149894714,0.00018099999579135329,1,0.9995869398117065,0.024019528180360794,-0.015802286565303802,0,-0.017576823011040688,0.94545978307724,0.325265109539032,0,0.022753125056624413,-0.32485276460647583,0.9454907178878784,0,0,0.3494040071964264,0,1,0.999396800994873,0.03014870546758175,-0.017242517322301865,0,-0.02291976846754551,0.9455117583274841,0.3247792720794678,0,0.02609468810260296,-0.32418832182884216,0.9456328749656677,0,0,0.39931899309158325,0,1,0.999858021736145,-0.016619611531496048,0.002818495500832796,0,0.01608121395111084,0.9905573129653931,0.13615299761295319,0,-0.005054691806435585,-0.13608835637569427,0.9906840324401855,0,0,0.4492340087890625,0,1,0.9991080164909363,0.0035575267393141985,0.0420738160610199,0,-0.0032290248200297356,0.99996417760849,-0.007873180322349072,0,-0.04210032895207405,0.007730301935225725,0.999083936214447,0,0,0.11782799661159515,0.004838000051677227,1,-0.2144162505865097,0.03528754040598869,-0.9761047959327698,0,0.9094192385673523,-0.35738009214401245,-0.21268756687641144,0,-0.35634565353393555,-0.9332919716835022,0.04453698918223381,0,0.18284499645233154,0.4145039916038513,-0.02615799941122532,1,0.6739734411239624,0.738635778427124,-0.013338890857994556,0,-0.46296003460884094,0.4363640248775482,0.7715271711349487,0,0.5756977796554565,-0.5138131380081177,0.6360562443733215,0,0,0.3761259913444519,0,1,0.46759963035583496,0.8835266828536987,0.02705368399620056,0,-0.8834936022758484,0.4661712646484375,0.04607608914375305,0,0.02809779904782772,-0.045446909964084625,0.998571515083313,0,0,0.6138870120048523,0,1,0.17598967254161835,0.006469354964792728,0.9843704700469971,0,-0.9099915623664856,-0.38029879331588745,0.16519123315811157,0,0.3754239082336426,-0.9248414635658264,-0.06104162335395813,0,-0.18284499645233154,0.4145349860191345,0.026429999619722366,1,0.9639511704444885,-0.23001223802566528,-0.1337655931711197,0,0.2510768175125122,0.6198679208755493,0.7434542179107666,0,-0.08808653801679611,-0.7502386569976807,0.6552728414535522,0,0,0.37619099020957947,0,1,0.3114652931690216,-0.949630081653595,0.034520380198955536,0,0.9496030211448669,0.3096971809864044,-0.04839476943016052,0,0.03526626527309418,0.047853946685791016,0.9982315301895142,0,0,0.6125609874725342,0,1,-0.9565538167953491,-0.10701288282871246,0.271208256483078,0,0.2705933153629303,-0.6721987128257751,0.6891499757766724,0,0.10855788737535477,0.7325959205627441,0.6719510555267334,0,0.34693899750709534,-0.1664070039987564,-0.004308000206947327,1,0.9928225874900818,-0.10795272141695023,-0.051475513726472855,0,-0.06651636213064194,-0.1407170295715332,-0.9878126978874207,0,0.0993935614824295,0.9841464757919312,-0.1468876302242279,0,0,0.8518970012664795,0,1,0.9977450966835022,0.06426805257797241,0.019361155107617378,0,-0.045693159103393555,0.4390586018562317,0.8972956538200378,0,0.049166738986968994,-0.8961565494537354,0.4410049617290497,0,0,0.6398289799690247,0,1,0.9998700022697449,-0.010129256173968315,-0.012531755492091179,0,0.015939999371767044,0.735603392124176,0.6772245168685913,0,0.002358620520681143,-0.6773365139961243,0.7356694340705872,0,0,0.18985499441623688,0,1,-0.9705594778060913,0.08033503592014313,-0.2270718663930893,0,-0.21855837106704712,-0.6899459362030029,0.6900769472122192,0,-0.10122989863157272,0.7193887233734131,0.6871910095214844,0,-0.34693899750709534,-0.1664070039987564,0.0015069999499246478,1,0.9909301996231079,0.1331820785999298,-0.017903510481119156,0,0.0015277981292456388,-0.14438745379447937,-0.9895201325416565,0,-0.1343713402748108,0.980517566204071,-0.14328129589557648,0,0,0.8518779873847961,0,1,0.9859208464622498,-0.1651068776845932,-0.02646205760538578,0,0.08576186746358871,0.36344093084335327,0.927661120891571,0,-0.14354580640792847,-0.9168697595596313,0.3724838197231293,0,0,0.6397020220756531,0,1,0.9997000098228455,-0.0012439190177246928,0.024475865066051483,0,-0.015325919725000858,0.7476015686988831,0.6639715433120728,0,-0.019124099984765053,-0.6641466617584229,0.7473574280738831,0,0,0.19417700171470642,0,1
K0.201,0.9950929284095764,0.008704371750354767,0.09856386482715607,0,0.046045560389757156,0.8409567475318909,-0.5391388535499573,0,-0.0875808596611023,0.5410319566726685,0.8364297151565552,0,0.008619863539934158,1.0707918405532837,-0.41544535756111145,1,0.9999088644981384,0.0022716631647199392,-0.013299279846251011,0,0.00008712051203474402,0.984615683555603,0.17473335564136505,0,0.013491611927747726,-0.17471855878829956,0.9845255613327026,0,0,0.29948899149894714,0.00018099999579135329,1,0.9995490908622742,0.024491094052791595,-0.017352966591715813,0,-0.017441650852560997,0.9444265365600586,0.3282581865787506,0,0.024428028613328934,-0.32780784368515015,0.9444288015365601,0,0,0.3494040071964264,0,1,0.9993550181388855,0.030664833262562752,-0.018699340522289276,0,-0.022847965359687805,0.9444804787635803,0.3277713358402252,0,0.02771221660077572,-0.3271327018737793,0.9445719718933105,0,0,0.39931899309158325,0,1,0.9998587369918823,-0.016438884660601616,0.0033605401404201984,0,0.015831563621759415,0.9906381964683533,0.13559041917324066,0,-0.00555803906172514,-0.1355181783437729,0.9907593727111816,0,0,0.4492340087890625,0,1,0.9990370869636536,0.0020370802376419306,0.043837178498506546,0,-0.0019014200661331415,0.9999932050704956,-0.003136090002954006,0,-0.04384326562285423,0.0030497172847390175,0.9990341067314148,0,0,0.11782799661159515,0.004838000051677227,1,-0.21458162367343903,0.03527798131108284,-0.9760690331459045,0,0.9093829393386841,-0.3573828339576721,-0.21283799409866333,0,-0.35633882880210876,-0.9332918524742126,0.044606540352106094,0,0.18284499645233154,0.4145039916038513,-0.02615799941122532,1,0.6676965951919556,0.7443666458129883,-0.009953433647751808,0,-0.4706003963947296,0.43241289258003235,0.7691256403923035,0,0.5768154859542847,-0.5088585615158081,0.6390199065208435,0,0,0.3761259913444519,0,1,0.474635511636734,0.8797780871391296,0.02668750286102295,0,-0.8797455430030823,0.4732262194156647,0.0458807498216629,0,0.027735639363527298,-0.04525483027100563,0.998590350151062,0,0,0.6138870120048523,0,1,0.17610861361026764,0.006531811784952879,0.9843488931655884,0,-0.9096454977989197,-0.38108956813812256,0.1652723103761673,0,0.3762049973011017,-0.9245153665542603,-0.061171602457761765,0,-0.18284499645233154,0.4145349860191345,0.026429999619722366,1,0.9644741415977478,-0.22728487849235535,-0.13465043902397156,0,0.250392884016037,0.6240057349205017,0.7402158975601196,0,-0.08421733975410461,-0.7476354241371155,0.6587486863136292,0,0,0.37619099020957947,0,1,0.30427709221839905,-0.9519442915916443,0.034887026995420456,0,0.9519173502922058,0.30249056220054626,-0.048513222485780716,0,0.03562889248132706,0.047971032559871674,0.9982133507728577,0,0,0.6125609874725342,0,1,-0.9563407897949219,-0.1083373948931694,0.27143266797065735,0,0.271538108587265,-0.6728259921073914,0.688166081905365,0,0.10807276517152786,0.7318251729011536,0.6728681921958923,0,0.34693899750709534,-0.1664070039987564,-0.004308000206947327,1,0.9928794503211975,-0.1081199124455452,-0.05000431463122368,0,-0.06507673114538193,-0.1407105028629303,-0.9879094362258911,0,0.09977659583091736,0.9841295480728149,-0.1467447280883789,0,0,0.8518970012664795,0,1,0.9977481961250305,0.06420614570379257,0.01936868578195572,0,-0.04565612971782684,0.4387587308883667,0.8974443078041077,0,0.04912329837679863,-0.8963084816932678,0.44070249795913696,0,0,0.6398289799690247,0,1,0.9998700022697449,-0.010137908160686493,-0.0125224394723773,0,0.01593988761305809,0.735651433467865,0.6771723031997681,0,0.0023470399901270866,-0.6772840619087219,0.7357175946235657,0,0,0.18985499441623688,0,1,-0.9711206555366516,0.08246208727359772,-0.22388647496700287,0,-0.21770361065864563,-0.6902096271514893,0.6900834441184998,0,-0.09762287884950638,0.7188952565193176,0.6882291436195374,0,-0.34693899750709534,-0.1664070039987564,0.0015069999499246478,1,0.990859866142273,0.13330256938934326,-0.020655274391174316,0,-0.0012387196766212583,-0.144124835729599,-0.9895588755607605,0,-0.1348876655101776,0.9805396199226379,-0.14264237880706787,0,0,0.8518779873847961,0,1,0.9860239624977112,-0.16449742019176483,-0.02639823406934738,0,0.08551711589097977,0.36374977231025696,0.9275630116462708,0,-0.1429794430732727,-0.9168573617935181,0.3727335035800934,0,0,0.6397020220756531,0,1,0.9997000098228455,-0.0012440766440704465,0.024475479498505592,0,-0.015326076187193394,0.7475818395614624,0.6639922261238098,0,-0.019123485311865807,-0.6641684174537659,0.7473387122154236,0,0,0.19417700171470642,0,1
