4.733,30,142,25
B0,mixamorig_Hips,-1,0.9998669624328613,0.015663988888263702,-0.004621884785592556,0,-0.01565801538527012,0.9998769760131836,0.0013262842549011111,0,0.004642085172235966,-0.0012537369038909674,0.9999880194664001,0,0.00640200125053525,1.0923529863357544,0.27170300483703613,1
B1,mixamorig_Spine,0,0.9996500015258789,-0.025516798719763756,-0.00698502454906702,0,0.02636319398880005,0.982856035232544,0.1824798583984375,0,0.0022089723497629166,-0.182600200176239,0.9831849932670593,0,0,0.29948899149894714,0.00018099999579135329,1
B2,mixamorig_Spine1,1,0.9999680519104004,-0.006639998871833086,-0.00448182225227356,0,0.0066330088302493095,0.9999769926071167,-0.0015729013830423355,0,0.004492162726819515,0.0015431229257956147,0.9999889731407166,0,0,0.3494040071964264,0,1
B3,mixamorig_Spine2,2,0.9999710321426392,-0.005673038773238659,-0.005172077100723982,0,0.00566496979445219,0.9999829530715942,-0.001573185552842915,0,0.0051809074357151985,0.0015438385307788849,0.9999849796295166,0,0,0.39931899309158325,0,1
B4,mixamorig_Neck,3,0.9997310042381287,0.007142998743802309,0.022055895999073982,0,-0.006803041789680719,0.9998570084571838,-0.015450110659003258,0,-0.022163109853863716,0.015295913442969322,0.9996370077133179,0,0,0.4492340087890625,0,1
B5,mixamorig_Head,4,0.9922389984130859,-0.08670404553413391,0.08912862092256546,0,0.09948988258838654,0.9835460186004639,-0.15079697966575623,0,-0.074587382376194,0.1584940403699875,0.9845389127731323,0,0,0.11782799661159515,0.004838000051677227,1
B6,mixamorig_HeadTop_End,5,1,0,0,0,0,1,0,0,0,0,1,0,0,0.6140270233154297,0.025211000815033913,1
B7,mixamorig_LeftShoulder,3,0.12523199617862701,0.03325893357396126,-0.991569995880127,0,0.9417668581008911,-0.3183624744415283,0.10826361924409866,0,-0.31207770109176636,-0.9473851323127747,-0.07119128853082657,0,0.18284499645233154,0.4145039916038513,-0.02615799941122532,1
B8,mixamorig_LeftArm,7,0.8897770047187805,0.4382238984107971,-0.1275012493133545,0,-0.2191910594701767,0.6553532481193542,0.7228187322616577,0,0.4003147482872009,-0.6152002215385437,0.679172933101654,0,0,0.3761259913444519,0,1
B9,mixamorig_LeftForeArm,8,0.4668079912662506,0.8839430212974548,0.02709595113992691,0,-0.8839110732078552,0.4653780460357666,0.04609778895974159,0,0.02813795395195484,-0.045469220727682114,0.9985690116882324,0,0,0.6138870120048523,0,1
B10,mixamorig_LeftHand,9,1,0,0,0,0,1,0,0,0,0,1,0,0,0.5499849915504456,0,1
B11,mixamorig_RightShoulder,3,0.06557200849056244,-0.03376103192567825,0.9972769618034363,0,-0.9408950209617615,-0.33490779995918274,0.05052709951996803,0,0.3322899341583252,-0.9416459202766418,-0.053726114332675934,0,-0.18284499645233154,0.4145349860191345,0.026429999619722366,1
B12,mixamorig_RightArm,11,0.8516519069671631,-0.5198103785514832,0.06698474287986755,0,0.2757926881313324,0.5531560778617859,0.7861030697822571,0,-0.445677250623703,-0.6510118842124939,0.6144559383392334,0,0,0.37619099020957947,0,1
B13,mixamorig_RightForeArm,12,0.5694640278816223,-0.821738064289093,0.02137194387614727,0,0.8217150568962097,0.5683589577674866,-0.041876960545778275,0,0.022264942526817322,0.041409049183130264,0.9988939762115479,0,0,0.6125609874725342,0,1
B14,mixamorig_RightHand,13,1,0,0,0,0,1,0,0,0,0,1,0,0,0.5499799847602844,0,1
B15,mixamorig_LeftUpLeg,0,-0.9650749564170837,-0.1301683634519577,0.22734470665454865,0,0.2528546154499054,-0.2358780950307846,0.9383100271224976,0,-0.06851266324520111,0.9630249738693237,0.26055389642715454,0,0.34693899750709534,-0.1664070039987564,-0.004308000206947327,1
B16,mixamorig_LeftLeg,15,0.9988359808921814,0.04822823032736778,-0.0000801893329480663,0,-0.00010277482215315104,0.0004658510151784867,-1,0,-0.0482281930744648,0.9988359808921814,0.00047026542597450316,0,0,0.8518970012664795,0,1
B17,mixamorig_LeftFoot,16,0.9838070273399353,-0.13697311282157898,-0.11559300124645233,0,0.15887586772441864,0.3679589331150055,0.9161689877510071,0,-0.08295699954032898,-0.9196979403495789,0.38376209139823914,0,0,0.6398289799690247,0,1
B18,mixamorig_LeftToeBase,17,0.9996510148048401,0.000019868330127792433,-0.026412934064865112,0,0.015478868037462234,0.8098458051681519,0.5864382982254028,0,0.021402062848210335,-0.5866426825523376,0.809563159942627,0,0,0.18985499441623688,0,1
B19,mixamorig_LeftToe_End,18,1,0,0,0,0,1,0,0,0,0,1,0,0,0.12133000046014786,0,1
B20,mixamorig_RightUpLeg,0,-0.9730889797210693,0.15244412422180176,-0.17279891669750214,0,-0.20410388708114624,-0.2221282720565796,0.9534149169921875,0,0.10695894062519073,0.9630260467529297,0.24726484715938568,0,-0.34693899750709534,-0.1664070039987564,0.0015069999499246478,1
B21,mixamorig_RightLeg,20,0.9985489845275879,-0.04573197290301323,0.02842429094016552,0,0.02717999927699566,-0.027604037895798683,-0.9992490410804749,0,0.04648226872086525,0.9985719919204712,-0.02632099762558937,0,0,0.8518779873847961,0,1
B22,mixamorig_RightFoot,21,0.982958972454071,0.18380698561668396,0.002380392514169216,0,-0.06718600541353226,0.34718209505081177,0.9353879690170288,0,0.17110444605350494,-0.9196081161499023,0.35361507534980774,0,0,0.6397020220756531,0,1
B23,mixamorig_RightToeBase,22,0.9996690154075623,-0.00003704160553752445,0.025715110823512077,0,-0.01475204061716795,0.8182580471038818,0.5746608376502991,0,-0.021062888205051422,-0.5748501420021057,0.8179869055747986,0,0,0.19417700171470642,0,1
B24,mixamorig_RightToe_End,23,1,0,0,0,0,1,0,0,0,0,1,0,0,0.1213729977607727,0,1
@20,0,1,2,3,4,5,7,8,9,11,12,13,15,16,17,18,20,21,22,23
K0,0.9998799562454224,0.015436803922057152,-0.001400380744598806,0,-0.01543319784104824,0.9998779892921448,0.0025529596023261547,0,0.0014396192273125052,-0.002531040459871292,0.9999960064888,0,0.006281999871134758,1.0931479930877686,0.27122700214385986,1,0.99965500831604,-0.025443119928240776,-0.006507582031190395,0,0.02620188146829605,0.9830359816551208,0.1815330982208252,0,0.0017784180818125606,-0.1816408932209015,0.9833630323410034,0,0,0.29948899149894714,0.00018099999579135329,1,0.9999740123748779,-0.006219937931746244,-0.0036796594504266977,0,0.006207061931490898,0.9999750852584839,-0.0035009668208658695,0,0.0037013408727943897,0.0034780334681272507,0.999987006187439,0,0,0.3494040071964264,0,1,0.9999759793281555,-0.005338053219020367,-0.004314684309065342,0,0.005322946701198816,0.9999799132347107,-0.003506024368107319,0,0.004333315882831812,0.0034829757642000914,0.9999850392341614,0,0,0.39931899309158325,0,1,0.9997140169143677,0.008598074316978455,0.022319193929433823,0,-0.008190925233066082,0.9998000264167786,-0.01827002502977848,0,-0.022471806034445763,0.01808197610080242,0.9995840787887573,0,0,0.4492340087890625,0,1,0.9928470253944397,-0.08003107458353043,0.08860313892364502,0,0.09248892962932587,0.9848269820213318,-0.14684131741523743,0,-0.07550685107707977,0.15398569405078888,0.9851840734481812,0,0,0.11782799661159515,0.004838000051677227,1,0.1252739429473877,0.03326301649212837,-0.9915640354156494,0,0.9417610764503479,-0.3183670938014984,0.10830193012952805,0,-0.31207898259162903,-0.9473840594291687,-0.07120896130800247,0,0.18284499645233154,0.4145039916038513,-0.02615799941122532,1,0.8905260562896729,0.43557679653167725,-0.1312851905822754,0,-0.21465417742729187,0.6567462086677551,0.7229167819023132,0,0.4011068046092987,-0.6155952215194702,0.6783478856086731,0,0,0.3761259913444519,0,1,0.4678508937358856,0.8833940029144287,0.027040649205446243,0,-0.8833609223365784,0.4664231538772583,0.0460689552128315,0,0.0280846506357193,-0.04544004425406456,0.998572051525116,0,0,0.6138870120048523,0,1,0.0654439851641655,-0.03370688110589981,0.9972869753837585,0,-0.9409099817276001,-0.3348798155784607,0.050425902009010315,0,0.33227184414863586,-0.9416580200195312,-0.05363098531961441,0,-0.18284499645233154,0.4145349860191345,0.026429999619722366,1,0.850800096988678,-0.5212648510932922,0.0665009617805481,0,0.2761210799217224,0.5511345863342285,0.787406325340271,0,-0.447098046541214,-0.6515626907348633,0.6128373146057129,0,0,0.37619099020957947,0,1,0.572701632976532,-0.8194892406463623,0.021207120269536972,0,0.8194656372070312,0.5716044306755066,-0.04176285117864609,0,0.022102121263742447,0.041296154260635376,0.9989020228385925,0,0,0.6125609874725342,0,1,-0.9643529653549194,-0.13037142157554626,0.2302739918231964,0,0.2557355761528015,-0.23559045791625977,0.9376007914543152,0,-0.06798601150512695,0.963067889213562,0.26053324341773987,0,0.34693899750709534,-0.1664070039987564,-0.004308000206947327,1,0.9988240003585815,0.04847698286175728,-0.00013284133456181735,0,-0.00018301945237908512,0.0010306810727342963,-0.999998927116394,0,-0.048476845026016235,0.9988240003585815,0.001038342248648405,0,0,0.8518970012664795,0,1,0.9838128685951233,-0.13700833916664124,-0.11550021171569824,0,0.15877166390419006,0.36761075258255005,0.9163261651992798,0,-0.08308522403240204,-0.9198318123817444,0.38341331481933594,0,0,0.6398289799690247,0,1,0.9996510148048401,0.000020026476704515517,-0.02641298808157444,0,0.015479027293622494,0.8098390102386475,0.5864479541778564,0,0.021402010694146156,-0.5866521000862122,0.8095559477806091,0,0,0.18985499441623688,0,1,-0.9737350344657898,0.1506298929452896,-0.17073845863342285,0,-0.20155110955238342,-0.2214149832725525,0.9541239738464355,0,0.10591547936201096,0.9634760022163391,0.24595907330513,0,-0.34693899750709534,-0.1664070039987564,0.0015069999499246478,1,0.9987199902534485,-0.04199076443910599,0.028194887563586235,0,0.027192236855626106,-0.02426094375550747,-0.9993360042572021,0,0.04264689236879349,0.9988229870796204,-0.023088054731488228,0,0,0.8518779873847961,0,1,0.9830219745635986,0.18348388373851776,-0.0012261506635695696,0,-0.0641201063990593,0.3497718274593353,0.9346380233764648,0,0.1719198375940323,-0.9186908006668091,0.3555983006954193,0,0,0.6397020220756531,0,1,0.9996690154075623,-0.00003873739842674695,0.02571338787674904,0,-0.014753737486898899,0.8181479573249817,0.5748190879821777,0,-0.021059609949588776,-0.5750078558921814,0.8178761005401611,0,0,0.19417700171470642,0,1
K0.033,0.999879002571106,0.015463031828403473,-0.0013927762629464269,0,-0.015458967536687851,0.9998760223388672,0.0028854417614638805,0,0.0014372225850820541,-0.002863564295694232,0.9999949932098389,0,0.006254999432712793,1.0931750535964966,0.2711299955844879,1,0.99965500831604,-0.02544230967760086,-0.006521827541291714,0,0.026203695684671402,0.9830330610275269,0.18154792487621307,0,0.0017921723192557693,-0.1816560924053192,0.9833599925041199,0,0,0.29948899149894714,0.00018099999579135329,1,0.9999740719795227,-0.006241067312657833,-0.003666026284918189,0,0.006226935423910618,0.9999729990959167,-0.0038529669400304556,0,0.003689974080771208,0.0038300391752272844,0.9999859929084778,0,0,0.3494040071964264,0,1,0.9999769926071167,-0.0053342971950769424,-0.004301755223423243,0,0.005317701958119869,0.9999780058860779,-0.0038589858449995518,0,0.004322244320064783,0.0038360203616321087,0.999983012676239,0,0,0.39931899309158325,0,1,0.9997140169143677,0.008612805977463722,0.022308843210339546,0,-0.008199199102818966,0.9997940063476562,-0.018565617501735687,0,-0.02246415615081787,0.0183773972094059,0.9995789527893066,0,0,0.4492340087890625,0,1,0.992824912071228,-0.08039592951536179,0.08851905912160873,0,0.09290805459022522,0.9846499562263489,-0.1477600485086441,0,-0.07528094202280045,0.1549239307641983,0.9850539565086365,0,0,0.11782799661159515,0.004838000051677227,1,0.1252732276916504,0.032775137573480606,-0.9915810227394104,0,0.9417901635169983,-0.3182256519794464,0.10846435278654099,0,-0.31199127435684204,-0.9474478960037231,-0.07073237746953964,0,0.18284499645233154,0.4145039916038513,-0.02615799941122532,1,0.890967071056366,0.4351588785648346,-0.1296699345111847,0,-0.21469414234161377,0.6553630828857422,0.7241589426994324,0,0.40010496973991394,-0.6173622012138367,0.6773328185081482,0,0,0.3761259913444519,0,1,0.4689772129058838,0.88279789686203,0.02698170766234398,0,-0.8827651739120483,0.46755269169807434,0.04603780433535576,0,0.028026709333062172,-0.045409202575683594,0.99857497215271,0,0,0.6138870120048523,0,1,0.06546080112457275,-0.03369300439953804,0.9972860217094421,0,-0.9408581256866455,-0.33502674102783203,0.05043811723589897,0,0.3324179947376251,-0.9416059255599976,-0.053631387650966644,0,-0.18284499645233154,0.4145349860191345,0.026429999619722366,1,0.8509420156478882,-0.5211360454559326,0.06568790227174759,0,0.27652597427368164,0.5507910251617432,0.7875040173530579,0,-0.4465771019458771,-0.6519559025764465,0.6127989888191223,0,0,0.37619099020957947,0,1,0.5736680030822754,-0.8188150525093079,0.0211580079048872,0,0.8187909722328186,0.5725729465484619,-0.041728001087903976,0,0.022053005173802376,0.04126199707388878,0.9989049434661865,0,0,0.6125609874725342,0,1,-0.9643489122390747,-0.13031312823295593,0.23032493889331818,0,0.2557488679885864,-0.23529399931430817,0.9376720190048218,0,-0.06799692660570145,0.9631488919258118,0.2602331340312958,0,0.34693899750709534,-0.1664070039987564,-0.004308000206947327,1,0.9988260269165039,0.048433706164360046,-0.00009952437540050596,0,-0.0001652907085372135,0.0013539009960368276,-0.9999989867210388,0,-0.04843352735042572,0.9988250136375427,0.001360317226499319,0,0,0.8518970012664795,0,1,0.9837810397148132,-0.1372338831424713,-0.11550599336624146,0,0.15888909995555878,0.36788079142570496,0.9161980748176575,0,-0.08324100077152252,-0.9196909666061401,0.3837191164493561,0,0,0.6398289799690247,0,1,0.9996510148048401,0.000020026476704515517,-0.02641298808157444,0,0.015479027293622494,0.8098390102386475,0.5864479541778564,0,0.021402010694146156,-0.5866521000862122,0.8095559477806091,0,0,0.18985499441623688,0,1,-0.9737449288368225,0.15055236220359802,-0.17074716091156006,0,-0.20149561762809753,-0.22100794315338135,0.9542300701141357,0,0.10592516511678696,0.963581919670105,0.24554112553596497,0,-0.34693899750709534,-0.1664070039987564,0.0015069999499246478,1,0.9986950159072876,-0.04257244989275932,0.028210900723934174,0,0.027208566665649414,-0.023942869156599045,-0.9993430376052856,0,0.043219905346632004,0.9988059997558594,-0.02275327779352665,0,0,0.8518779873847961,0,1,0.9830799698829651,0.18317608535289764,-0.0008578090346418321,0,-0.06443490087985992,0.3501890003681183,0.9344599843025208,0,0.17147117853164673,-0.9185940027236938,0.35606688261032104,0,0,0.6397020220756531,0,1,0.9996690154075623,-0.00003873739842674695,0.02571338787674904,0,-0.014753737486898899,0.8181479573249817,0.5748190879821777,0,-0.021059609949588776,-0.5750078558921814,0.8178761005401611,0,0,0.19417700171470642,0,1
K0.067,0.999879002571106,0.015474675223231316,-0.0013393084518611431,0,-0.015470325015485287,0.999875009059906,0.003202049760147929,0,0.0013886925298720598,-0.003180944360792637,0.9999939799308777,0,0.006231000646948814,1.0930869579315186,0.2711690068244934,1,0.9996549487113953,-0.025463363155722618,-0.006501967087388039,0,0.02622063457965851,0.9830480217933655,0.18146511912345886,0,0.001771033275872469,-0.18157289922237396,0.9833760261535645,0,0,0.29948899149894714,0.00018099999579135329,1,0.9999730587005615,-0.006380100734531879,-0.0036658341996371746,0,0.006364897359162569,0.9999709725379944,-0.004143719095736742,0,0.003692166181281209,0.004120275843888521,0.9999849200248718,0,0,0.3494040071964264,0,1,0.9999759793281555,-0.005346930120140314,-0.004304953385144472,0,0.005329069681465626,0.9999769926071167,-0.004150016698986292,0,0.0043270462192595005,0.004126977641135454,0.9999819993972778,0,0,0.39931899309158325,0,1,0.9997119903564453,0.008855389431118965,0.02229502610862255,0,-0.008425606414675713,0.9997779726982117,-0.01929769292473793,0,-0.022460972890257835,0.01910429075360298,0.9995650053024292,0,0,0.4492340087890625,0,1,0.9928039908409119,-0.0805654302239418,0.08859400451183319,0,0.09313256293535233,0.9845409989356995,-0.14834429323673248,0,-0.07527298480272293,0.15552771091461182,0.984959065914154,0,0,0.11782799661159515,0.004838000051677227,1,0.12364425510168076,0.031683966517448425,-0.9918211698532104,0,0.9425779581069946,-0.3162442147731781,0.10740293562412262,0,-0.31025487184524536,-0.9481490254402161,-0.06896644085645676,0,0.18284499645233154,0.4145039916038513,-0.02615799941122532,1,0.8909080624580383,0.4366849660873413,-0.12485741823911667,0,-0.21694600582122803,0.650672197341919,0.7277088165283203,0,0.3990206718444824,-0.621234118938446,0.6744260191917419,0,0,0.3761259913444519,0,1,0.47163233160972595,0.881386935710907,0.02684405818581581,0,-0.8813540935516357,0.47021484375,0.045964546501636505,0,0.027890058234333992,-0.04533746466040611,0.9985819458961487,0,0,0.6138870120048523,0,1,0.06536587327718735,-0.03368470072746277,0.9972930550575256,0,-0.941335141658783,-0.3336847126483917,0.050427645444869995,0,0.3310827612876892,-0.9420831203460693,-0.05352020263671875,0,-0.18284499645233154,0.4145349860191345,0.026429999619722366,1,0.8506619930267334,-0.5218589901924133,0.06354615092277527,0,0.2777610421180725,0.5487789511680603,0.7884740829467773,0,-0.44634485244750977,-0.6530739665031433,0.6117772459983826,0,0,0.37619099020957947,0,1,0.5756093263626099,-0.8174538016319275,0.021058598533272743,0,0.8174302577972412,0.5745196342468262,-0.041658852249383926,0,0.021955598145723343,0.041193149983882904,0.9989100694656372,0,0,0.6125609874725342,0,1,-0.9643449187278748,-0.1302507519721985,0.23037612438201904,0,0.25575724244117737,-0.23493658006191254,0.9377601146697998,0,-0.06802012026309967,0.963243842124939,0.25987234711647034,0,0.34693899750709534,-0.1664070039987564,-0.004308000206947327,1,0.9988260865211487,0.04844490438699722,-0.00015165736840572208,0,-0.00021310069132596254,0.0012631486169993877,-0.9999989867210388,0,-0.04844466224312782,0.9988250732421875,0.001271989312954247,0,0,0.8518970012664795,0,1,0.9837360382080078,-0.13752412796020508,-0.11554452776908875,0,0.159033864736557,0.3678378760814667,0.9161900281906128,0,-0.08349652588367462,-0.9196639657020569,0.3837260901927948,0,0,0.6398289799690247,0,1,0.9996510148048401,0.000020026476704515517,-0.02641298808157444,0,0.015479027293622494,0.8098390102386475,0.5864479541778564,0,0.021402010694146156,-0.5866521000862122,0.8095559477806091,0,0,0.18985499441623688,0,1,-0.9737740755081177,0.1503569483757019,-0.17075221240520477,0,-0.20139405131340027,-0.22048068046569824,0.9543741941452026,0,0.10584920644760132,0.9637329578399658,0.24497918784618378,0,-0.34693899750709534,-0.1664070039987564,0.0015069999499246478,1,0.9986379742622375,-0.0438411608338356,0.02828461304306984,0,0.0272598285228014,-0.023799212649464607,-0.9993449449539185,0,0.04448560252785683,0.9987549781799316,-0.02257169783115387,0,0,0.8518779873847961,0,1,0.9831579327583313,0.18275615572929382,0.00014216983981896192,0,-0.06530485302209854,0.35058826208114624,0.9342499375343323,0,0.1706901639699936,-0.9185250401496887,0.3566186726093292,0,0,0.6397020220756531,0,1,0.9996690154075623,-0.00003923097756342031,0.025713220238685608,0,-0.014753231778740883,0.8181480765342712,0.5748189091682434,0,-0.021059779450297356,-0.5750080943107605,0.8178768754005432,0,0,0.19417700171470642,0,1
K0.100,0.9998810291290283,0.015347876586019993,-0.001240236684679985,0,-0.01534312218427658,0.999875009059906,0.003758236998692155,0,0.001297763199545443,-0.003738762577995658,0.9999920129776001,0,0.0062339999713003635,1.0930750370025635,0.27134400606155396,1,0.9996539950370789,-0.025491807609796524,-0.00647454708814621,0,0.026243191212415695,0.9830920100212097,0.18121987581253052,0,0.0017454535700380802,-0.18132710456848145,0.9834209680557251,0,0,0.29948899149894714,0.00018099999579135329,1,0.9999709725379944,-0.006560293957591057,-0.0037602358497679234,0,0.006542706862092018,0.9999680519104004,-0.004671869333833456,0,0.0037907646037638187,0.004647132009267807,0.9999819993972778,0,0,0.3494040071964264,0,1,0.9999759793281555,-0.005373804364353418,-0.004404989071190357,0,0.005353195127099752,0.9999749660491943,-0.004677347838878632,0,0.004430010914802551,0.004653651267290115,0.9999790191650391,0,0,0.39931899309158325,0,1,0.999705970287323,0.009366873651742935,0.022363055497407913,0,-0.008915126323699951,0.9997560381889343,-0.020215662196278572,0,-0.02254694513976574,0.020010337233543396,0.9995449781417847,0,0,0.4492340087890625,0,1,0.9927930235862732,-0.08041179925203323,0.08885698765516281,0,0.09296421706676483,0.984669029712677,-0.14759911596775055,0,-0.07562602311372757,0.15479589998722076,0.9850480556488037,0,0,0.11782799661159515,0.004838000051677227,1,0.12181712687015533,0.030575769022107124,-0.9920819997787476,0,0.9440520405769348,-0.31219482421875,0.10629776865243912,0,-0.3064727783203125,-0.9495261311531067,-0.06689579039812088,0,0.18284499645233154,0.4145039916038513,-0.02615799941122532,1,0.8907527923583984,0.43895432353019714,-0.1178051084280014,0,-0.22003468871116638,0.643310010433197,0.7333061695098877,0,0.3976729214191437,-0.6272729635238647,0.6696150898933411,0,0,0.3761259913444519,0,1,0.4728861153125763,0.8807169198989868,0.02677794173359871,0,-0.880683958530426,0.4714719355106354,0.04592960700392723,0,0.027825940400362015,-0.045302387326955795,0.9985860586166382,0,0,0.6138870120048523,0,1,0.06537746638059616,-0.033640068024396896,0.9972930550575256,0,-0.9421840906143188,-0.3312549591064453,0.050591178238391876,0,0.32865625619888306,-0.9429410099983215,-0.05335181578993797,0,-0.18284499645233154,0.4145349860191345,0.026429999619722366,1,0.8492251038551331,-0.5244248509407043,0.06159938871860504,0,0.2799282371997833,0.5460479259490967,0.7896029353141785,0,-0.4477236568927765,-0.6533072590827942,0.6105189919471741,0,0,0.37619099020957947,0,1,0.5758692026138306,-0.8172708749771118,0.021046068519353867,0,0.8172470927238464,0.5747798681259155,-0.041649483144283295,0,0.02194206789135933,0.04118451848626137,0.9989109635353088,0,0,0.6125609874725342,0,1,-0.9643258452415466,-0.13016727566719055,0.2305040806531906,0,0.25581976771354675,-0.2343718707561493,0.9378840327262878,0,-0.0680580735206604,0.9633928537368774,0.25931021571159363,0,0.34693899750709534,-0.1664070039987564,-0.004308000206947327,1,0.9988170266151428,0.048618134111166,-0.0003297851071693003,0,-0.0003808636392932385,0.0010412817355245352,-0.9999990463256836,0,-0.04861778765916824,0.9988170862197876,0.0010585676645860076,0,0,0.8518970012664795,0,1,0.9837039709091187,-0.13771945238113403,-0.11558777093887329,0,0.15913255512714386,0.36764705181121826,0.9162489771842957,0,-0.08368976414203644,-0.9197109341621399,0.38357123732566833,0,0,0.6398289799690247,0,1,0.9996510148048401,0.000020030482119182125,-0.02641298435628414,0,0.015479030087590218,0.8098387718200684,0.5864483118057251,0,0.021402014419436455,-0.5866528153419495,0.8095561861991882,0,0,0.18985499441623688,0,1,-0.9738488793373108,0.14990903437137604,-0.1707182675600052,0,-0.2011849284172058,-0.21989387273788452,0.9545530676841736,0,0.10555627197027206,0.9639369249343872,0.24430300295352936,0,-0.34693899750709534,-0.1664070039987564,0.0015069999499246478,1,0.998540997505188,-0.04592879116535187,0.028415024280548096,0,0.02735820785164833,-0.02347683534026146,-0.9993500113487244,0,0.04656602069735527,0.9986689686775208,-0.022186042740941048,0,0,0.8518779873847961,0,1,0.9832239747047424,0.18239496648311615,0.0017949407920241356,0,-0.0668250322341919,0.3510379195213318,0.9339740872383118,0,0.16972194612026215,-0.9184249043464661,0.35733720660209656,0,0,0.6397020220756531,0,1,0.9996690154075623,-0.00003873739842674695,0.02571338787674904,0,-0.014753737486898899,0.8181479573249817,0.5748190879821777,0,-0.021059609949588776,-0.5750078558921814,0.8178761005401611,0,0,0.19417700171470642,0,1
K0.133,0.9998850226402283,0.015116043388843536,-0.001132004545070231,0,-0.015110953710973263,0.9998760223388672,0.004374804440885782,0,0.001197994570247829,-0.004357197787612677,0.9999900460243225,0,0.006311000324785709,1.0932910442352295,0.27152401208877563,1,0.9996530413627625,-0.025511642917990685,-0.006548288743942976,0,0.026275359094142914,0.9831629991531372,0.18083186447620392,0,0.001824716804549098,-0.1809411495923996,0.9834919571876526,0,0,0.29948899149894714,0.00018099999579135329,1,0.9999690055847168,-0.006675641052424908,-0.0040547712706029415,0,0.00665335962548852,0.9999629259109497,-0.005485081113874912,0,0.004091239534318447,0.0054579367861151695,0.9999769926071167,0,0,0.3494040071964264,0,1,0.9999740123748779,-0.005401922855526209,-0.004704748746007681,0,0.005376077722758055,0.999970018863678,-0.005488723982125521,0,0.004734261892735958,0.0054632932879030704,0.9999740123748779,0,0,0.39931899309158325,0,1,0.9996950626373291,0.009989055804908276,0.022594029083848,0,-0.009511953219771385,0.9997320175170898,-0.021126197651028633,0,-0.02279897779226303,0.020904818549752235,0.999521017074585,0,0,0.4492340087890625,0,1,0.9927750825881958,-0.07983578741550446,0.08958026021718979,0,0.09232521802186966,0.9850741028785706,-0.14527760446071625,0,-0.07664477080106735,0.15249836444854736,0.9853269457817078,0,0,0.11782799661159515,0.004838000051677227,1,0.12200132757425308,0.03037111461162567,-0.9920650124549866,0,0.9455219507217407,-0.3075212836265564,0.10686316341161728,0,-0.301835298538208,-0.9510559439659119,-0.06623455882072449,0,0.18284499645233154,0.4145039916038513,-0.02615799941122532,1,0.8911139965057373,0.4406951367855072,-0.10818557441234589,0,-0.22408299148082733,0.6346690654754639,0.7395819425582886,0,0.39459213614463806,-0.6348092555999756,0.6643147468566895,0,0,0.3761259913444519,0,1,0.4680649936199188,0.8832809329032898,0.02702977880835533,0,-0.883247971534729,0.46663787961006165,0.0460633710026741,0,0.028073780238628387,-0.04543465003371239,0.9985730051994324,0,0,0.6138870120048523,0,1,0.06611288338899612,-0.03349689394235611,0.9972500205039978,0,-0.9431419968605042,-0.3283759653568268,0.051495905965566635,0,0.3257479667663574,-0.9439529776573181,-0.05330225080251694,0,-0.18284499645233154,0.4145349860191345,0.026429999619722366,1,0.8463318943977356,-0.529235303401947,0.06027479097247124,0,0.2837158143520355,0.5436680316925049,0.7898920774459839,0,-0.45080819725990295,-0.651409924030304,0.6102759838104248,0,0,0.37619099020957947,0,1,0.5702938437461853,-0.8211631178855896,0.0213302131742239,0,0.8211400508880615,0.5691908001899719,-0.04184816777706146,0,0.02222321182489395,0.04138084501028061,0.9988960027694702,0,0,0.6125609874725342,0,1,-0.9642977714538574,-0.13002707064151764,0.2306993156671524,0,0.25594189763069153,-0.23393169045448303,0.9379600882530212,0,-0.06799233704805374,0.9635188579559326,0.25885939598083496,0,0.34693899750709534,-0.1664070039987564,-0.004308000206947327,1,0.998814046382904,0.04868903011083603,-0.0006143355276435614,0,-0.0006649789866060019,0.0010239591356366873,-0.9999989867210388,0,-0.04868833348155022,0.9988129734992981,0.0010551215382292867,0,0,0.8518970012664795,0,1,0.9837080836296082,-0.1376807987689972,-0.11559610813856125,0,0.15910719335079193,0.3674470782279968,0.9163339138031006,0,-0.08368611335754395,-0.9197971820831299,0.3833667039871216,0,0,0.6398289799690247,0,1,0.9996510148048401,0.000020026476704515517,-0.02641298808157444,0,0.015479027293622494,0.8098390102386475,0.5864479541778564,0,0.021402010694146156,-0.5866521000862122,0.8095559477806091,0,0,0.18985499441623688,0,1,-0.9739938974380493,0.1491442620754242,-0.1705603450536728,0,-0.20080071687698364,-0.21953129768371582,0.9547169208526611,0,0.10494732856750488,0.9641380310058594,0.24377068877220154,0,-0.34693899750709534,-0.1664070039987564,0.0015069999499246478,1,0.9984049201011658,-0.048671070486307144,0.028610551729798317,0,0.0275349672883749,-0.02262812852859497,-0.9993649125099182,0,0.0492875799536705,0.9985589981079102,-0.02125188335776329,0,0,0.8518779873847961,0,1,0.9832829833030701,0.1820390671491623,0.0039739664644002914,0,-0.06889093667268753,0.3517340421676636,0.9335619807243347,0,0.1685469150543213,-0.9182290434837341,0.3583948314189911,0,0,0.6397020220756531,0,1,0.9996690154075623,-0.000039235750591615215,0.025713233277201653,0,-0.014753234572708607,0.8181470632553101,0.5748188495635986,0,-0.02105976641178131,-0.5750080943107605,0.8178759217262268,0,0,0.19417700171470642,0,1
K0.167,0.9998859763145447,0.015043040737509727,-0.0010909802513197064,0,-0.015037961304187775,0.9998770356178284,0.004531960468739271,0,0.0011590203503146768,-0.004515036474913359,0.9999889731407166,0,0.006340999621897936,1.0936429500579834,0.27156201004981995,1,0.9996510744094849,-0.025535868480801582,-0.006812887266278267,0,0.026346130296587944,0.9832409024238586,0.18039727210998535,0,0.0020921071991324425,-0.18051372468471527,0.9835700392723083,0,0,0.29948899149894714,0.00018099999579135329,1,0.9999669790267944,-0.006731720641255379,-0.0045805079862475395,0,0.006702277343720198,0.9999569654464722,-0.006412947084754705,0,0.00462348060682416,0.0063820346258580685,0.999968945980072,0,0,0.3494040071964264,0,1,0.9999709725379944,-0.005457302555441856,-0.005234082695096731,0,0.005423696245998144,0.9999649524688721,-0.006414276547729969,0,0.005268906243145466,0.006385704968124628,0.9999659657478333,0,0,0.39931899309158325,0,1,0.9996819496154785,0.010451996698975563,0.02296604961156845,0,-0.009949995204806328,0.9997109770774841,-0.021864725276827812,0,-0.023187942802906036,0.02162925899028778,0.9994969964027405,0,0,0.4492340087890625,0,1,0.9927290081977844,-0.07887190580368042,0.09093187004327774,0,0.09133810549974442,0.9856040477752686,-0.1422770619392395,0,-0.0784010961651802,0.1495480090379715,0.9856410026550293,0,0,0.11782799661159515,0.004838000051677227,1,0.12689846754074097,0.03159487992525101,-0.9914120435714722,0,0.9458408951759338,-0.3049364686012268,0.11134757846593857,0,-0.2987997233867645,-0.951848030090332,-0.06857971101999283,0,0.18284499645233154,0.4145039916038513,-0.02615799941122532,1,0.8933180570602417,0.44038885831832886,-0.08966608345508575,0,-0.2335270345211029,0.6253121495246887,0.7446138262748718,0,0.38398921489715576,-0.6442379951477051,0.6614458560943604,0,0,0.3761259913444519,0,1,0.45472845435142517,0.890198826789856,0.02772534266114235,0,-0.8901661038398743,0.45326584577560425,0.046423692256212234,0,0.028759343549609184,-0.045790303498506546,0.998537003993988,0,0,0.6138870120048523,0,1,0.06858313828706741,-0.03316040337085724,0.9970939755439758,0,-0.9437819123268127,-0.32611605525016785,0.054070524871349335,0,0.3233754336833954,-0.944747805595398,-0.05366227403283119,0,-0.18284499645233154,0.4145349860191345,0.026429999619722366,1,0.8435191512107849,-0.5340978503227234,0.05670689418911934,0,0.2903810143470764,0.542315661907196,0.7883992195129395,0,-0.45183509588241577,-0.6485627889633179,0.6125451326370239,0,0,0.37619099020957947,0,1,0.5555379390716553,-0.8311980962753296,0.022081762552261353,0,0.8311737179756165,0.554396390914917,-0.0423591211438179,0,0.022966763004660606,0.0418858677148819,0.9988579750061035,0,0,0.6125609874725342,0,1,-0.9643369913101196,-0.1296551525592804,0.23074819147586823,0,0.2559058368206024,-0.23412613570690155,0.9379220008850098,0,-0.06758219003677368,0.9635220766067505,0.25895583629608154,0,0.34693899750709534,-0.1664070039987564,-0.004308000206947327,1,0.9988150596618652,0.048655666410923004,-0.0009481383021920919,0,-0.001022332115098834,0.0014999685809016228,-0.9999980330467224,0,-0.04865415021777153,0.998814046382904,0.0015479334397241473,0,0,0.8518970012664795,0,1,0.9837170243263245,-0.1376352161169052,-0.11557083576917648,0,0.1590747833251953,0.36754411458969116,0.9162999987602234,0,-0.08363783359527588,-0.9197649359703064,0.38345396518707275,0,0,0.6398289799690247,0,1,0.9996510148048401,0.000020030482119182125,-0.02641298435628414,0,0.015479030087590218,0.8098387718200684,0.5864483118057251,0,0.021402014419436455,-0.5866528153419495,0.8095561861991882,0,0,0.18985499441623688,0,1,-0.9740659594535828,0.1485200673341751,-0.17069560289382935,0,-0.2007889300584793,-0.21962615847587585,0.9546980261802673,0,0.10430263727903366,0.9642131328582764,0.24375176429748535,0,-0.34693899750709534,-0.1664070039987564,0.0015069999499246478,1,0.99823397397995,-0.05189377814531326,0.028909118846058846,0,0.027821192517876625,-0.02156585082411766,-0.9993799924850464,0,0.052485086023807526,0.9984199404716492,-0.02008403278887272,0,0,0.8518779873847961,0,1,0.9833581447601318,0.1815635859966278,0.006515652872622013,0,-0.07128441333770752,0.3525962233543396,0.9330568909645081,0,0.16711166501045227,-0.9179930686950684,0.35967084765434265,0,0,0.6397020220756531,0,1,0.9996690154075623,-0.00003873586319969036,0.025713391602039337,0,-0.01475373562425375,0.8181471228599548,0.5748189091682434,0,-0.021059608086943626,-0.5750080943107605,0.8178759217262268,0,0,0.19417700171470642,0,1
K0.200,0.9998829960823059,0.015274083241820335,-0.0012911508092656732,0,-0.015268915332853794,0.9998759627342224,0.003919088747352362,0,0.0013508496340364218,-0.0038989109452813864,0.9999909996986389,0,0.0063680000603199005,1.0938869714736938,0.27142098546028137,1,0.9996449947357178,-0.025655092671513557,-0.007153824903070927,0,0.026523910462856293,0.9833130240440369,0.17997503280639648,0,0.0024171750992536545,-0.18010100722312927,0.9836450219154358,0,0,0.29948899149894714,0.00018099999579135329,1,0.9999629855155945,-0.006896812468767166,-0.005145977716892958,0,0.006859187968075275,0.9999499917030334,-0.007293784525245428,0,0.00519602233543992,0.007258214987814426,0.9999600052833557,0,0,0.3494040071964264,0,1,0.9999669790267944,-0.0056471931748092175,-0.0058040255680680275,0,0.005604806821793318,0.9999579191207886,-0.007293883711099625,0,0.005844973959028721,0.007261115591973066,0.9999570250511169,0,0,0.39931899309158325,0,1,0.9996709227561951,0.0106821209192276,0.023322023451328278,0,-0.010148879140615463,0.9996870160102844,-0.022864101454615593,0,-0.023558974266052246,0.02261989936232567,0.9994670152664185,0,0,0.4492340087890625,0,1,0.992680013179779,-0.07770904898643494,0.09245499968528748,0,0.09017195552587509,0.9861339926719666,-0.1393149346113205,0,-0.08034701645374298,0.14663206040859222,0.9859229922294617,0,0,0.11782799661159515,0.004838000051677227,1,0.138278990983963,0.033528901636600494,-0.9898260235786438,0,0.944610059261322,-0.30482178926467896,0.12163696438074112,0,-0.2976419925689697,-0.9518190026283264,-0.07382219284772873,0,0.18284499645233154,0.4145039916038513,-0.02615799941122532,1,0.8984449505805969,0.436280220746994,-0.04956778883934021,0,-0.2562198340892792,0.612592875957489,0.747718095779419,0,0.3565792143344879,-0.65908282995224,0.6621641516685486,0,0,0.3761259913444519,0,1,0.4367498755455017,0.8991259932518005,0.02866278402507305,0,-0.8990929126739502,0.4352390468120575,0.046888791024684906,0,0.029683787375688553,-0.046249207109212875,0.9984890222549438,0,0,0.6138870120048523,0,1,0.07381412386894226,-0.03255021199584007,0.996740996837616,0,-0.9434129595756531,-0.3262909948825836,0.05920931696891785,0,0.3233003318309784,-0.9447088837623596,-0.05479316785931587,0,-0.18284499645233154,0.4145349860191345,0.026429999619722366,1,0.8441110849380493,-0.5341809391975403,0.046121951192617416,0,0.3005480468273163,0.5426470637321472,0.7843498587608337,0,-0.4440130293369293,-0.6482170224189758,0.6186018586158752,0,0,0.37619099020957947,0,1,0.5303820967674255,-0.8474369049072266,0.023363646119832993,0,0.8474120497703552,0.5291758179664612,-0.04318683221936226,0,0.024234646931290627,0.04270416870713234,0.9987940192222595,0,0,0.6125609874725342,0,1,-0.9644601941108704,-0.12901556491851807,0.23058897256851196,0,0.2556493580341339,-0.23506826162338257,0.9377558827400208,0,-0.06678096950054169,0.9633781313896179,0.2596966028213501,0,0.34693899750709534,-0.1664070039987564,-0.004308000206947327,1,0.9988200664520264,0.04855387657880783,-0.0013239143881946802,0,-0.0014271248364821076,0.0020910706371068954,-0.999997079372406,0,-0.048550914973020554,0.9988179802894592,0.0021578934974968433,0,0,0.8518970012664795,0,1,0.9837531447410583,-0.13742738962173462,-0.11551697552204132,0,0.15896761417388916,0.36780619621276855,0.9162138104438782,0,-0.08342497795820236,-0.9196910858154297,0.38367676734924316,0,0,0.6398289799690247,0,1,0.9996510148048401,0.000020026476704515517,-0.02641298808157444,0,0.015479027293622494,0.8098390102386475,0.5864479541778564,0,0.021402010694146156,-0.5866521000862122,0.8095559477806091,0,0,0.18985499441623688,0,1,-0.9740658402442932,0.14806927740573883,-0.17108821868896484,0,-0.20111575722694397,-0.22012586891651154,0.9545140862464905,0,0.10367322713136673,0.9641678929328918,0.24419623613357544,0,-0.34693899750709534,-0.1664070039987564,0.0015069999499246478,1,0.9980459213256836,-0.05518098548054695,0.029314948245882988,0,0.028206007555127144,-0.02076905220746994,-0.9993860125541687,0,0.05575595051050186,0.9982600212097168,-0.019172033295035362,0,0,0.8518779873847961,0,1,0.9834549427032471,0.1809111088514328,0.00930898915976286,0,-0.07384487986564636,0.3534451425075531,0.9325359463691711,0,0.16541598737239838,-0.917794942855835,0.36095690727233887,0,0,0.6397020220756531,0,1,0.9996690154075623,-0.00003873739842674695,0.02571338787674904,0,-0.014753737486898899,0.8181479573249817,0.5748190879821777,0,-0.021059609949588776,-0.5750078558921814,0.8178761005401611,0,0,0.19417700171470642,0,1
