6.967,30,209,25
B0,mixamorig_Hips,-1,0.9991700649261475,0.032990533858537674,0.023902026936411858,0,-0.028605466708540916,0.9858840703964233,-0.16496987640857697,0,-0.02900705486536026,0.16414913535118103,0.9860089421272278,0,0.009793000295758247,1.0262080430984497,0.26074299216270447,1
B1,mixamorig_Spine,0,0.9980400204658508,-0.062498755753040314,-0.0031069619581103325,0,0.05970924347639084,0.9362879991531372,0.34611988067626953,0,-0.018723053857684135,-0.345627099275589,0.938184916973114,0,0,0.29948899149894714,0.00018099999579135329,1
B2,mixamorig_Spine1,1,0.9999769330024719,-0.006695921067148447,0.0014099617255851626,0,0.006635076366364956,0.9991989731788635,0.03945813700556755,0,-0.001673040329478681,-0.039447855204343796,0.9992200136184692,0,0,0.3494040071964264,0,1
B3,mixamorig_Spine2,2,0.9999759793281555,-0.006789407692849636,0.001483121537603438,0,0.006725596264004707,0.9991980195045471,0.03946245461702347,0,-0.0017498595407232642,-0.03945154696702957,0.999220073223114,0,0,0.39931899309158325,0,1
B4,mixamorig_Neck,3,0.9999610185623169,-0.00010182904952671379,-0.00882942695170641,0,0.00031015719287097454,0.9997220039367676,0.023596588522195816,0,0.008824569173157215,-0.023598406463861465,0.9996830224990845,0,0,0.4492340087890625,0,1
B5,mixamorig_Head,4,0.9966300129890442,0.04445218667387962,-0.06893421709537506,0,-0.06270875036716461,0.9546620845794678,-0.29101088643074036,0,0.05287284031510353,0.2943531274795532,0.9542329907417297,0,0,0.11782799661159515,0.004838000051677227,1
B6,mixamorig_HeadTop_End,5,1,0,0,0,0,1,0,0,0,0,1,0,0,0.6140270233154297,0.025211000815033913,1
B7,mixamorig_LeftShoulder,3,0.11203230917453766,0.04259108379483223,-0.992790937423706,0,0.9506130218505859,-0.29561272263526917,0.09459075331687927,0,-0.2894531786441803,-0.9543578624725342,-0.07360579073429108,0,0.18284499645233154,0.4145039916038513,-0.02615799941122532,1
B8,mixamorig_LeftArm,7,0.8767549395561218,0.40456679463386536,0.2600513696670532,0,-0.4764518737792969,0.6569730639457703,0.5842769742012024,0,0.06553233414888382,-0.6361698508262634,0.768761157989502,0,0,0.3761259913444519,0,1
B9,mixamorig_LeftForeArm,8,0.5440183281898499,0.8348117470741272,0.08445627987384796,0,-0.8382361531257629,0.5452106595039368,0.010272250510752201,0,-0.03747107461094856,-0.0763826072216034,0.9963740706443787,0,0,0.6138870120048523,0,1
B10,mixamorig_LeftHand,9,1,0,0,0,0,1,0,0,0,0,1,0,0,0.5499849915504456,0,1
B11,mixamorig_RightShoulder,3,0.4307704269886017,0.004141802899539471,0.902451753616333,0,-0.8343432545661926,-0.37930288910865784,0.4000007212162018,0,0.3439592719078064,-0.9252629280090332,-0.15993677079677582,0,-0.18284499645233154,0.4145349860191345,0.026429999619722366,1
B12,mixamorig_RightArm,11,0.8504860997200012,-0.4518769085407257,-0.26922285556793213,0,0.5259401798248291,0.7381296753883362,0.42255330085754395,0,0.007779297418892384,-0.5009707808494568,0.8654291033744812,0,0,0.37619099020957947,0,1
B13,mixamorig_RightForeArm,12,0.7922679781913757,-0.6091820597648621,-0.03477687016129494,0,0.6076249480247498,0.7928800582885742,-0.046196386218070984,0,0.05571586638689041,0.015468614175915718,0.9983270764350891,0,0,0.6125609874725342,0,1
B14,mixamorig_RightHand,13,1,0,0,0,0,1,0,0,0,0,1,0,0,0.5499799847602844,0,1
B15,mixamorig_LeftUpLeg,0,-0.9685860276222229,-0.05475807562470436,0.24257411062717438,0,0.24695688486099243,-0.3263622224330902,0.912414014339447,0,0.029204990714788437,0.9436569809913635,0.32963281869888306,0,0.34693899750709534,-0.1664070039987564,-0.004308000206947327,1
B16,mixamorig_LeftLeg,15,0.9775841236114502,-0.17637169361114502,0.11499375849962234,0,0.09755025058984756,-0.10459697246551514,-0.989719033241272,0,0.18658636510372162,0.978751003742218,-0.08504720777273178,0,0,0.8518970012664795,0,1
B17,mixamorig_LeftFoot,16,0.9958469271659851,0.08649726957082748,0.028402874246239662,0,-0.057623036205768585,0.35731029510498047,0.932206928730011,0,0.0704847201704979,-0.929972231388092,0.36081066727638245,0,0,0.6398289799690247,0,1
B18,mixamorig_LeftToeBase,17,0.9996509552001953,-2.616557708279288e-7,-0.02643183059990406,0,0.015467880293726921,0.8108951449394226,0.5849867463111877,0,0.021433284506201744,-0.5851912498474121,0.8106118440628052,0,0,0.18985499441623688,0,1
B19,mixamorig_LeftToe_End,18,1,0,0,0,0,1,0,0,0,0,1,0,0,0.12133000046014786,0,1
B20,mixamorig_RightUpLeg,0,-0.9883660078048706,0.027721064165234566,-0.14954711496829987,0,-0.15045486390590668,-0.3221947252750397,0.9346411228179932,0,-0.022274058312177658,0.9462679028511047,0.32261723279953003,0,-0.34693899750709534,-0.1664070039987564,0.0015069999499246478,1
B21,mixamorig_RightLeg,20,0.9890059232711792,-0.14784105122089386,0.0032407627440989017,0,-0.030093776062130928,-0.2226770520210266,-0.9744280576705933,0,0.14478202164173126,0.9636170268058777,-0.2246778905391693,0,0,0.8518779873847961,0,1
B22,mixamorig_RightFoot,21,0.9988380670547485,0.023031072691082954,-0.042335934937000275,0,0.03661207854747772,0.20865479111671448,0.9773040413856506,0,0.03134194016456604,-0.977717936038971,0.20756903290748596,0,0,0.6397020220756531,0,1
B23,mixamorig_RightToeBase,22,0.9996689558029175,-0.000022721660570823587,0.025728195905685425,0,-0.014744658954441547,0.8189839720726013,0.5736269354820251,0,-0.021084001287817955,-0.5738160014152527,0.8187119960784912,0,0,0.19417700171470642,0,1
B24,mixamorig_RightToe_End,23,1,0,0,0,0,1,0,0,0,0,1,0,0,0.1213729977607727,0,1
@20,0,1,2,3,4,5,7,8,9,11,12,13,15,16,17,18,20,21,22,23
K0,0.9991700649261475,0.03299052640795708,0.023901987820863724,0,-0.028605464845895767,0.9858840703964233,-0.16496987640857697,0,-0.029007013887166977,0.16414913535118103,0.9860089421272278,0,0.009793000295758247,1.0262080430984497,0.26074299216270447,1,0.9980400204658508,-0.06249874830245972,-0.003107009455561638,0,0.059709254652261734,0.9362879991531372,0.3461199104785919,0,-0.018723009154200554,-0.3456271290779114,0.938184916973114,0,0,0.29948899149894714,0.00018099999579135329,1,0.9999769330024719,-0.006695922464132309,0.0014099606778472662,0,0.006635077763348818,0.9991989731788635,0.03945813700556755,0,-0.0016730392817407846,-0.039447855204343796,0.9992200136184692,0,0,0.3494040071964264,0,1,0.9999759793281555,-0.0067894053645431995,0.0014831312000751495,0,0.006725593935698271,0.9991980195045471,0.03946245461702347,0,-0.0017498689703643322,-0.03945154696702957,0.999220073223114,0,0,0.39931899309158325,0,1,0.9999610185623169,-0.00010183588892687112,-0.008829429745674133,0,0.00031016411958262324,0.9997220039367676,0.023596590384840965,0,0.008824571967124939,-0.023598408326506615,0.9996830224990845,0,0,0.4492340087890625,0,1,0.9966300129890442,0.04445222392678261,-0.06893419474363327,0,-0.0627087727189064,0.9546620845794678,-0.29101088643074036,0,0.052872806787490845,0.2943531274795532,0.9542329907417297,0,0,0.11782799661159515,0.004838000051677227,1,0.11203253269195557,0.04259098693728447,-0.992790937423706,0,0.9506130814552307,-0.29561275243759155,0.09459105879068375,0,-0.2894531190395355,-0.954357922077179,-0.07360583543777466,0,0.18284499645233154,0.4145039916038513,-0.02615799941122532,1,0.876754879951477,0.4045669138431549,0.260051429271698,0,-0.47645196318626404,0.6569729447364807,0.5842770338058472,0,0.06553243845701218,-0.6361699104309082,0.7687610983848572,0,0,0.3761259913444519,0,1,0.5440182685852051,0.834811806678772,0.08445614576339722,0,-0.8382361531257629,0.545210599899292,0.010272420011460781,0,-0.03747085481882095,-0.0763825848698616,0.9963740706443787,0,0,0.6138870120048523,0,1,0.4307706356048584,0.004142089746892452,0.9024516344070435,0,-0.8343430757522583,-0.37930282950401306,0.40000104904174805,0,0.3439593017101288,-0.925262987613678,-0.1599365919828415,0,-0.18284499645233154,0.4145349860191345,0.026429999619722366,1,0.8504860997200012,-0.4518768787384033,-0.26922276616096497,0,0.5259400606155396,0.738129734992981,0.42255330085754395,0,0.007779236882925034,-0.500970721244812,0.8654291033744812,0,0,0.37619099020957947,0,1,0.7922679781913757,-0.6091820597648621,-0.03477700427174568,0,0.6076249480247498,0.7928800582885742,-0.046196430921554565,0,0.055716000497341156,0.015468568541109562,0.9983270764350891,0,0,0.6125609874725342,0,1,-0.9685860276222229,-0.054758135229349136,0.242574080824852,0,0.24695686995983124,-0.3263621926307678,0.912414014339447,0,0.029204925522208214,0.9436569809913635,0.32963281869888306,0,0.34693899750709534,-0.1664070039987564,-0.004308000206947327,1,0.9775841236114502,-0.17637141048908234,0.1149941012263298,0,0.09755061566829681,-0.10459697991609573,-0.9897189736366272,0,0.18658611178398132,0.9787510633468628,-0.08504718542098999,0,0,0.8518970012664795,0,1,0.9958469867706299,0.08649717271327972,0.02840268425643444,0,-0.05762283131480217,0.3573104441165924,0.9322068691253662,0,0.0704846903681755,-0.9299721717834473,0.360810786485672,0,0,0.6398289799690247,0,1,0.9996509552001953,0,-0.026431750506162643,0,0.015467791818082333,0.8108951449394226,0.5849867463111877,0,0.021433250978589058,-0.5851912498474121,0.8106118440628052,0,0,0.18985499441623688,0,1,-0.9883660078048706,0.027721164748072624,-0.1495470553636551,0,-0.1504548341035843,-0.3221947252750397,0.9346411824226379,0,-0.022273940965533257,0.9462679028511047,0.32261723279953003,0,-0.34693899750709534,-0.1664070039987564,0.0015069999499246478,1,0.989005982875824,-0.14784075319766998,0.003240718971937895,0,-0.030093751847743988,-0.22267702221870422,-0.9744279980659485,0,0.14478172361850739,0.9636170268058777,-0.22467786073684692,0,0,0.8518779873847961,0,1,0.9988380670547485,0.023031122982501984,-0.04233599454164505,0,0.036612123250961304,0.20865479111671448,0.9773041009902954,0,0.031342003494501114,-0.9777179956436157,0.20756903290748596,0,0,0.6397020220756531,0,1,0.9996689558029175,-0.00002265975854243152,0.02572810836136341,0,-0.014744658954441547,0.8189839720726013,0.5736269354820251,0,-0.0210838932543993,-0.5738160014152527,0.8187119960784912,0,0,0.19417700171470642,0,1
K0.033,0.999114990234375,0.033779025077819824,0.025052005425095558,0,-0.02921895869076252,0.9859980344772339,-0.16417661309242249,0,-0.030246969312429428,0.16329939663410187,0.9861128926277161,0,0.009700000286102295,1.0261499881744385,0.2608489990234375,1,0.9979810118675232,-0.06338027864694595,-0.004079660400748253,0,0.060894716531038284,0.9366389513015747,0.34496307373046875,0,-0.018042679876089096,-0.3445148766040802,0.9386069774627686,0,0,0.29948899149894714,0.00018099999579135329,1,0.9999769926071167,-0.006667167413979769,0.0011699616443365812,0,0.006615831516683102,0.9991999864578247,0.03944982960820198,0,-0.0014320440823212266,-0.039441172033548355,0.9992209672927856,0,0,0.3494040071964264,0,1,0.9999759197235107,-0.006783193908631802,0.0012701964005827904,0,0.00672780629247427,0.9991989731788635,0.03945474326610565,0,-0.0015368087915703654,-0.039445266127586365,0.9992210268974304,0,0,0.39931899309158325,0,1,0.9999610185623169,-0.0001289933716179803,-0.008816247805953026,0,0.00033700716448947787,0.9997209906578064,0.02359696477651596,0,0.00881075207144022,-0.023599037900567055,0.9996830224990845,0,0,0.4492340087890625,0,1,0.9966409802436829,0.04438052698969841,-0.06882312893867493,0,-0.06255347281694412,0.9549689292907715,-0.2900381088256836,0,0.05285188555717468,0.2933689057826996,0.9545369744300842,0,0,0.11782799661159515,0.004838000051677227,1,0.11247001588344574,0.04253746569156647,-0.9927440285682678,0,0.9505541324615479,-0.29566580057144165,0.09502144902944565,0,-0.2894785404205322,-0.9543441534042358,-0.07368772476911545,0,0.18284499645233154,0.4145039916038513,-0.02615799941122532,1,0.8768550753593445,0.40472412109375,0.2594689428806305,0,-0.47621583938598633,0.6572201251983643,0.5841909646987915,0,0.06590796262025833,-0.6358140707015991,0.7690229415893555,0,0,0.3761259913444519,0,1,0.5438938736915588,0.8348920941352844,0.0844687670469284,0,-0.8383169174194336,0.545086145401001,0.010267818346619606,0,-0.03747023269534111,-0.07639618963003159,0.9963729977607727,0,0,0.6138870120048523,0,1,0.43077313899993896,0.004126346670091152,0.9024509787559509,0,-0.8343422412872314,-0.3793099522590637,0.39999669790267944,0,0.34395888447761536,-0.9252601861953735,-0.15995365381240845,0,-0.18284499645233154,0.4145349860191345,0.026429999619722366,1,0.8505301475524902,-0.452214777469635,-0.268515020608902,0,0.5258792042732239,0.7380969524383545,0.42268678545951843,0,0.0070449248887598515,-0.5007141828536987,0.8655838966369629,0,0,0.37619099020957947,0,1,0.7925229072570801,-0.6088511943817139,-0.034765277057886124,0,0.6072958111763,0.7931340932846069,-0.04616108909249306,0,0.055678725242614746,0.015470904298126698,0.9983289837837219,0,0,0.6125609874725342,0,1,-0.9682869911193848,-0.05453190580010414,0.2438163459300995,0,0.2480621039867401,-0.32606422901153564,0.9122209548950195,0,0.029754625633358955,0.9437730312347412,0.32925090193748474,0,0.34693899750709534,-0.1664070039987564,-0.004308000206947327,1,0.9774841070175171,-0.17664098739624023,0.11542855948209763,0,0.0979430302977562,-0.10472135245800018,-0.9896669387817383,0,0.18690356612205505,0.9786891341209412,-0.08506269752979279,0,0,0.8518970012664795,0,1,0.9958480000495911,0.08648631721735,0.028417598456144333,0,-0.05760166794061661,0.35689952969551086,0.9323651194572449,0,0.07049459964036942,-0.9301308989524841,0.360399454832077,0,0,0.6398289799690247,0,1,0.9996509552001953,0,-0.026432236656546593,0,0.015467939898371696,0.8108959794044495,0.5849860906600952,0,0.021433761343359947,-0.5851909518241882,0.8106130957603455,0,0,0.18985499441623688,0,1,-0.9885259866714478,0.028083045035600662,-0.14841681718826294,0,-0.14953495562076569,-0.32076987624168396,0.935278058052063,0,-0.021342208608984947,0.9467410445213318,0.3212890625,0,-0.34693899750709534,-0.1664070039987564,0.0015069999499246478,1,0.9890149235725403,-0.14777952432632446,0.0032387494575232267,0,-0.03007652424275875,-0.22264303267002106,-0.9744359850883484,0,0.14472274482250214,0.9636340141296387,-0.22464191913604736,0,0,0.8518779873847961,0,1,0.9988579154014587,0.022657807916402817,-0.04206785559654236,0,0.03640880808234215,0.2092389166355133,0.9771860241889954,0,0.030943138524889946,-0.9776020050048828,0.20817509293556213,0,0,0.6397020220756531,0,1,0.999669075012207,-0.000020752042473759502,0.0257300715893507,0,-0.014743750914931297,0.8190817832946777,0.5734872817993164,0,-0.021086929365992546,-0.5736767053604126,0.8188101649284363,0,0,0.19417700171470642,0,1
K0.067,0.9991660118103027,0.033089350908994675,0.02393902651965618,0,-0.02869866043329239,0.9858909249305725,-0.16490928828716278,0,-0.029058000072836876,0.16408468782901764,0.9860180616378784,0,0.009746000170707703,1.0261240005493164,0.26066499948501587,1,0.9980220198631287,-0.06279306858778,-0.0030228905379772186,0,0.05995595082640648,0.9362660050392151,0.3461388945579529,0,-0.018904874101281166,-0.3456351161003113,0.9381780028343201,0,0,0.29948899149894714,0.00018099999579135329,1,0.9999770522117615,-0.00665055587887764,0.0014689164236187935,0,0.0065874443389475346,0.9991999864578247,0.03944578766822815,0,-0.001730077899992466,-0.039435211569070816,0.9992209672927856,0,0,0.3494040071964264,0,1,0.9999759793281555,-0.006792058236896992,0.0015421416610479355,0,0.006725942250341177,0.9991990327835083,0.03945017233490944,0,-0.0018088530050590634,-0.039438825100660324,0.9992200136184692,0,0,0.39931899309158325,0,1,0.9999610185623169,-0.00015621630882378668,-0.008797066286206245,0,0.00036378312506712973,0.9997209906578064,0.02359834685921669,0,0.008790933527052402,-0.02360065095126629,0.9996830821037292,0,0,0.4492340087890625,0,1,0.9966360330581665,0.04383113607764244,-0.06924786418676376,0,-0.062119875103235245,0.9551720023155212,-0.2894621193408966,0,0.053456131368875504,0.29278987646102905,0.9546809792518616,0,0,0.11782799661159515,0.004838000051677227,1,0.11298684030771255,0.042518313974142075,-0.9926859736442566,0,0.9506068825721741,-0.2953244745731354,0.09554822742938995,0,-0.2891022562980652,-0.9544510245323181,-0.07378609478473663,0,0.18284499645233154,0.4145039916038513,-0.02615799941122532,1,0.8767681121826172,0.40557584166526794,0.2584308087825775,0,-0.47622212767601013,0.6573216915130615,0.5840733051300049,0,0.06701379269361496,-0.6351667642593384,0.7694622278213501,0,0,0.3761259913444519,0,1,0.5431187748908997,0.8353881239891052,0.08454623073339462,0,-0.8388189077377319,0.5443132519721985,0.010237034410238266,0,-0.03746776655316353,-0.07647896558046341,0.9963669776916504,0,0,0.6138870120048523,0,1,0.430583655834198,0.004123687744140625,0.9025412201881409,0,-0.8344728350639343,-0.3791864812374115,0.39984217286109924,0,0.3438799977302551,-0.9253110289573669,-0.15983033180236816,0,-0.18284499645233154,0.4145349860191345,0.026429999619722366,1,0.8501179814338684,-0.45352795720100403,-0.26760199666023254,0,0.526557981967926,0.7378529906272888,0.42226704955101013,0,0.005941004958003759,-0.4998849034309387,0.8660710453987122,0,0,0.37619099020957947,0,1,0.792508065700531,-0.6088689565658569,-0.03476502001285553,0,0.6073141098022461,0.7931199669837952,-0.04616285115480423,0,0.055679984390735626,0.015471150167286396,0.9983290433883667,0,0,0.6125609874725342,0,1,-0.968502938747406,-0.054727621376514435,0.24291332066059113,0,0.2472703605890274,-0.32623496651649475,0.9123748540878296,0,0.02931470423936844,0.9437029957771301,0.3294920027256012,0,0.34693899750709534,-0.1664070039987564,-0.004308000206947327,1,0.9774649143218994,-0.17694500088691711,0.11511806398630142,0,0.09764198958873749,-0.1045122966170311,-0.9897190928459167,0,0.18715707957744598,0.9786560535430908,-0.08487984538078308,0,0,0.8518970012664795,0,1,0.9958300590515137,0.0866875946521759,0.028406810015439987,0,-0.05771239101886749,0.3575279712677002,0.9321179389953613,0,0.07064680755138397,-0.929870069026947,0.3610398769378662,0,0,0.6398289799690247,0,1,0.9996509552001953,0,-0.026432247832417488,0,0.015467952936887741,0.8108951449394226,0.5849867463111877,0,0.021433748304843903,-0.5851911902427673,0.8106118440628052,0,0,0.18985499441623688,0,1,-0.9883400201797485,0.027673281729221344,-0.14972475171089172,0,-0.1506137102842331,-0.32192835211753845,0.9347069263458252,0,-0.02233424037694931,0.9463590383529663,0.32234272360801697,0,-0.34693899750709534,-0.1664070039987564,0.0015069999499246478,1,0.9890119433403015,-0.14780215919017792,0.0032569640316069126,0,-0.030068162828683853,-0.2226724475622177,-0.9744299650192261,0,0.14474795758724213,0.963624119758606,-0.2246696650981903,0,0,0.8518779873847961,0,1,0.9988579750061035,0.02269868366420269,-0.04203297570347786,0,0.03637968376278877,0.20881415903568268,0.9772789478302002,0,0.030960025265812874,-0.9776920080184937,0.20774991810321808,0,0,0.6397020220756531,0,1,0.9996689558029175,-0.00002313460390723776,0.0257282517850399,0,-0.014745134860277176,0.818962812423706,0.5736573338508606,0,-0.02108374796807766,-0.573846697807312,0.8186911940574646,0,0,0.19417700171470642,0,1
K0.100,0.9991759657859802,0.03295646235346794,0.02370617911219597,0,-0.028603533282876015,0.985880970954895,-0.1649860292673111,0,-0.028808820992708206,0.16417196393013,0.9860110878944397,0,0.009751000441610813,1.0260560512542725,0.26048699021339417,1,0.9980130195617676,-0.06294171512126923,-0.002807815093547106,0,0.06000727787613869,0.936012864112854,0.34681230783462524,0,-0.01920081488788128,-0.346291720867157,0.9379301071166992,0,0,0.29948899149894714,0.00018099999579135329,1,0.9999769926071167,-0.006661604158580303,0.0014451511669903994,0,0.006599396467208862,0.9991989731788635,0.039458222687244415,0,-0.001706848619505763,-0.03944778069853783,0.9992200136184692,0,0,0.3494040071964264,0,1,0.9999759197235107,-0.006767563987523317,0.0015170752303674817,0,0.00670243613421917,0.9991989135742188,0.03946256265044212,0,-0.0017829249845817685,-0.03945143520832062,0.9992200136184692,0,0,0.39931899309158325,0,1,0.9999610185623169,-0.00010212147026322782,-0.008803929202258587,0,0.00030987855279818177,0.9997209906578064,0.023600086569786072,0,0.008799071423709393,-0.023601917549967766,0.9996830821037292,0,0,0.4492340087890625,0,1,0.9965449571609497,0.04445979371666908,-0.07015327364206314,0,-0.06298620253801346,0.955126941204071,-0.289421021938324,0,0.05413772165775299,0.2928399443626404,0.9546279907226562,0,0,0.11782799661159515,0.004838000051677227,1,0.11394905298948288,0.04243011772632599,-0.992579996585846,0,0.9506279826164246,-0.2949378192424774,0.09652510285377502,0,-0.28865402936935425,-0.954573929309845,-0.07394316047430038,0,0.18284499645233154,0.4145039916038513,-0.02615799941122532,1,0.8773969411849976,0.40509018301963806,0.25705188512802124,0,-0.4749937951564789,0.6580950617790222,0.5842019319534302,0,0.06748989224433899,-0.6346750855445862,0.7698259949684143,0,0,0.3761259913444519,0,1,0.5397258400917053,0.8375509977340698,0.08488224446773529,0,-0.8410069346427917,0.5409290790557861,0.010102714411914349,0,-0.03745374456048012,-0.07683928310871124,0.9963400363922119,0,0,0.6138870120048523,0,1,0.43031010031700134,0.00376295973546803,0.9026728868484497,0,-0.8350759744644165,-0.3780447542667389,0.3996621072292328,0,0.3427550196647644,-0.9257799386978149,-0.15953423082828522,0,-0.18284499645233154,0.4145349860191345,0.026429999619722366,1,0.8494458794593811,-0.45505011081695557,-0.2671549618244171,0,0.5276578068733215,0.7367050051689148,0.4228971600532532,0,0.00437501072883606,-0.5001948475837708,0.8659020662307739,0,0,0.37619099020957947,0,1,0.792711079120636,-0.6086059212684631,-0.034756824374198914,0,0.6070520877838135,0.793321967124939,-0.046134717762470245,0,0.05565117672085762,0.015472286380827427,0.9983299374580383,0,0,0.6125609874725342,0,1,-0.9685320258140564,-0.05458790436387062,0.2428297996520996,0,0.24715007841587067,-0.32609403133392334,0.9124579429626465,0,0.029376180842518806,0.9437600374221802,0.3293239176273346,0,0.34693899750709534,-0.1664070039987564,-0.004308000206947327,1,0.9774448871612549,-0.17707021534442902,0.11509473621845245,0,0.09764078259468079,-0.10433725267648697,-0.9897369742393494,0,0.18726173043251038,0.9786518812179565,-0.08469469100236893,0,0,0.8518970012664795,0,1,0.995809018611908,0.08693289011716843,0.02840670756995678,0,-0.057831116020679474,0.35791778564453125,0.9319600462913513,0,0.07085070759057999,-0.9296969771385193,0.3614451587200165,0,0,0.6398289799690247,0,1,0.9996509552001953,0,-0.02643224596977234,0,0.01546795666217804,0.8108960390090942,0.5849870443344116,0,0.0214337520301342,-0.585191011428833,0.8106120228767395,0,0,0.18985499441623688,0,1,-0.9882678985595703,0.027396533638238907,-0.150252103805542,0,-0.15102046728134155,-0.322050005197525,0.9346000552177429,0,-0.02278388850390911,0.946325957775116,0.32240909337997437,0,-0.34693899750709534,-0.1664070039987564,0.0015069999499246478,1,0.9890010356903076,-0.14787648618221283,0.003192132106050849,0,-0.030170494690537453,-0.2228146493434906,-0.9743940830230713,0,0.14480112493038177,0.9635798931121826,-0.22482529282569885,0,0,0.8518779873847961,0,1,0.9988599419593811,0.022446822375059128,-0.042130157351493835,0,0.03653482347726822,0.20856796205043793,0.9773250222206116,0,0.030724840238690376,-0.9777499437332153,0.2075100988149643,0,0,0.6397020220756531,0,1,0.9996690154075623,-0.000023864935428719036,0.02572726272046566,0,-0.014744864776730537,0.8189379572868347,0.5736921429634094,0,-0.021082736551761627,-0.5738819241523743,0.8186670541763306,0,0,0.19417700171470642,0,1
K0.133,0.9991850852966309,0.032787904143333435,0.023550592362880707,0,-0.02846509777009487,0.9858980178833008,-0.1649058610200882,0,-0.028625402599573135,0.16410112380981445,0.9860279560089111,0,0.009758999571204185,1.0259519815444946,0.2603209912776947,1,0.998009979724884,-0.06301100552082062,-0.0023672599345445633,0,0.05990198254585266,0.9357060194015503,0.34765905141830444,0,-0.019691279157996178,-0.3471088707447052,0.9376180171966553,0,0,0.29948899149894714,0.00018099999579135329,1,0.9999750256538391,-0.006805856246501207,0.0016987293493002653,0,0.006733146496117115,0.9991910457611084,0.03966021165251732,0,-0.0019672769121825695,-0.03964778780937195,0.9992120265960693,0,0,0.3494040071964264,0,1,0.9999759197235107,-0.006747332867234945,0.0017488962039351463,0,0.006672666408121586,0.9991910457611084,0.039664316922426224,0,-0.0020151096396148205,-0.03965168818831444,0.9992120265960693,0,0,0.39931899309158325,0,1,0.9999600052833557,0.00027295187464915216,-0.008889014832675457,0,-0.00006305531860562041,0.9997209906578064,0.023604741320014,0,0.008892986923456192,-0.02360326051712036,0.9996819496154785,0,0,0.4492340087890625,0,1,0.9964079856872559,0.04507922753691673,-0.07168477028608322,0,-0.06406577676534653,0.9548701643943787,-0.2900315821170807,0,0.05537528544664383,0.2935825288295746,0.9543288946151733,0,0,0.11782799661159515,0.004838000051677227,1,0.1146170049905777,0.042264193296432495,-0.9925100207328796,0,0.9509800672531128,-0.2935411036014557,0.09732121229171753,0,-0.2872292399406433,-0.9550120830535889,-0.0738372877240181,0,0.18284499645233154,0.4145039916038513,-0.02615799941122532,1,0.8784939646720886,0.40320292115211487,0.2562722861766815,0,-0.47302889823913574,0.6588280200958252,0.5849701166152954,0,0.06702231615781784,-0.6351169347763062,0.7695030570030212,0,0,0.3761259913444519,0,1,0.533953845500946,0.8411850333213806,0.08545041084289551,0,-0.8446850776672363,0.5351728200912476,0.00987077783793211,0,-0.037427593022584915,-0.07744922488927841,0.9962940216064453,0,0,0.6138870120048523,0,1,0.4301360249519348,0.0031763119623064995,0.902758002281189,0,-0.8361021876335144,-0.3757309913635254,0.3996986746788025,0,0.340463787317276,-0.9267231225967407,-0.1589597910642624,0,-0.18284499645233154,0.4145349860191345,0.026429999619722366,1,0.8487071394920349,-0.45581376552581787,-0.2681982219219208,0,0.5288532972335815,0.7345869541168213,0.42508384585380554,0,0.0032558515667915344,-0.5026092529296875,0.8645078539848328,0,0,0.37619099020957947,0,1,0.7921410799026489,-0.6093458533287048,-0.0347820483148098,0,0.6077881455421448,0.7927539348602295,-0.046214062720537186,0,0.05573394522070885,0.015467936173081398,0.9983259439468384,0,0,0.6125609874725342,0,1,-0.9685068726539612,-0.05454724282026291,0.2429378181695938,0,0.24724875390529633,-0.3257630169391632,0.9125490188598633,0,0.02936316840350628,0.9438769817352295,0.3289909064769745,0,0.34693899750709534,-0.1664070039987564,-0.004308000206947327,1,0.9774079918861389,-0.1772308200597763,0.11516103893518448,0,0.0976971760392189,-0.10432033985853195,-0.989733874797821,0,0.18742503225803375,0.9786249995231628,-0.08464860916137695,0,0,0.8518970012664795,0,1,0.9957859516143799,0.08720313012599945,0.028401648625731468,0,-0.05794588476419449,0.3581947386264801,0.9318471550941467,0,0.07108665257692337,-0.929565966129303,0.36173829436302185,0,0,0.6398289799690247,0,1,0.9996509552001953,0,-0.026432247832417488,0,0.015467952936887741,0.8108951449394226,0.5849867463111877,0,0.021433748304843903,-0.5851911902427673,0.8106118440628052,0,0,0.18985499441623688,0,1,-0.9882009625434875,0.027183372527360916,-0.15073202550411224,0,-0.15140964090824127,-0.32188528776168823,0.934593915939331,0,-0.023112988099455833,0.9463880658149719,0.3222028911113739,0,-0.34693899750709534,-0.1664070039987564,0.0015069999499246478,1,0.98899906873703,-0.1478946954011917,0.0030005546286702156,0,-0.03034769371151924,-0.22270995378494263,-0.9744120240211487,0,0.1447785496711731,0.9636010527610779,-0.22474808990955353,0,0,0.8518779873847961,0,1,0.9988809823989868,0.021993234753608704,-0.04186517000198364,0,0.03636523708701134,0.20871366560459137,0.9773000478744507,0,0.03023182600736618,-0.9777289628982544,0.2076803594827652,0,0,0.6397020220756531,0,1,0.9996690154075623,-0.000024056365873548202,0.02572719007730484,0,-0.01474605593830347,0.818899929523468,0.5737460851669312,0,-0.02108181081712246,-0.5739359259605408,0.8186290860176086,0,0,0.19417700171470642,0,1
K0.167,0.9991899728775024,0.03278328850865364,0.02332768216729164,0,-0.028500711545348167,0.9859179854393005,-0.16478313505649567,0,-0.028401324525475502,0.16398485004901886,0.9860540628433228,0,0.009782000444829464,1.0258090496063232,0.2602050006389618,1,0.9980170726776123,-0.06292883306741714,-0.0012519400333985686,0,0.05941317602992058,0.9353219270706177,0.34877315163612366,0,-0.020776918157935143,-0.3481559157371521,0.937205970287323,0,0,0.29948899149894714,0.00018099999579135329,1,0.9999740719795227,-0.006952023133635521,0.002003233879804611,0,0.0068669747561216354,0.9991869926452637,0.03972289338707924,0,-0.002277759835124016,-0.03970811143517494,0.9992089867591858,0,0,0.3494040071964264,0,1,0.9999750256538391,-0.006761062424629927,0.002034031320363283,0,0.006674937903881073,0.9991880059242249,0.039724767208099365,0,-0.002300963271409273,-0.03971023112535477,0.999208927154541,0,0,0.39931899309158325,0,1,0.9999579787254333,0.0006318949745036662,-0.00909180473536253,0,-0.000417097908211872,0.9997209906578064,0.023607883602380753,0,0.00910419225692749,-0.02360311523079872,0.9996799230575562,0,0,0.4492340087890625,0,1,0.996222972869873,0.04444580152630806,-0.07459815591573715,0,-0.06447520107030869,0.9540570378303528,-0.2926057279109955,0,0.0581657849252224,0.2963102161884308,0.9533189535140991,0,0,0.11782799661159515,0.004838000051677227,1,0.11566528677940369,0.04203622043132782,-0.9923979640007019,0,0.9513969421386719,-0.2917799651622772,0.09852728247642517,0,-0.2854202389717102,-0.9555609226226807,-0.07374196499586105,0,0.18284499645233154,0.4145039916038513,-0.02615799941122532,1,0.8809272050857544,0.3987257182598114,0.25492063164711,0,-0.46874839067459106,0.6610109806060791,0.585951566696167,0,0.0651286393404007,-0.6356743574142456,0.7692046761512756,0,0,0.3761259913444519,0,1,0.5236738324165344,0.8475211262702942,0.08645191043615341,0,-0.8510987758636475,0.5249203443527222,0.009451432153582573,0,-0.037370070815086365,-0.07852856814861298,0.9962109923362732,0,0,0.6138870120048523,0,1,0.4302774965763092,0.002117070136591792,0.9026942253112793,0,-0.8377550840377808,-0.37149712443351746,0.4001949727535248,0,0.336195707321167,-0.9284321069717407,-0.15807341039180756,0,-0.18284499645233154,0.4145349860191345,0.026429999619722366,1,0.8476450443267822,-0.45540153980255127,-0.27222543954849243,0,0.5305523872375488,0.7308169007301331,0.42944175004959106,0,0.0033785083796828985,-0.5084441304206848,0.8610879182815552,0,0,0.37619099020957947,0,1,0.7910900115966797,-0.6107081174850464,-0.03482801094651222,0,0.6091419458389282,0.7917050719261169,-0.046360161155462265,0,0.05588599294424057,0.01545984297990799,0.9983170032501221,0,0,0.6125609874725342,0,1,-0.9684589505195618,-0.05421029403805733,0.24320411682128906,0,0.2473987340927124,-0.325455904006958,0.9126180410385132,0,0.02967892587184906,0.9440018534660339,0.3286023437976837,0,0.34693899750709534,-0.1664070039987564,-0.004308000206947327,1,0.9773810505867004,-0.17732183635234833,0.11525189876556396,0,0.09778918325901031,-0.10427850484848022,-0.9897289276123047,0,0.1875188797712326,0.9786130785942078,-0.0845797136425972,0,0,0.8518970012664795,0,1,0.9957470297813416,0.08763312548398972,0.028424229472875595,0,-0.05814586952328682,0.35848385095596313,0.9317231178283691,0,0.07146023213863373,-0.9294140338897705,0.3620550036430359,0,0,0.6398289799690247,0,1,0.9996509552001953,0,-0.026432247832417488,0,0.015467952936887741,0.8108951449394226,0.5849867463111877,0,0.021433748304843903,-0.5851911902427673,0.8106118440628052,0,0,0.18985499441623688,0,1,-0.9881038665771484,0.0270525049418211,-0.15138788521289825,0,-0.15199652314186096,-0.32153090834617615,0.9346198439598083,0,-0.0233920905739069,0.9465119242668152,0.32181796431541443,0,-0.34693899750709534,-0.1664070039987564,0.0015069999499246478,1,0.989000141620636,-0.14788739383220673,0.0028350206557661295,0,-0.030508387833833694,-0.22270497679710388,-0.9744079113006592,0,0.14473401010036469,0.9636029601097107,-0.2247670292854309,0,0,0.8518779873847961,0,1,0.9989009499549866,0.02146027982234955,-0.041663553565740585,0,0.03627428039908409,0.20886097848415375,0.9772719740867615,0,0.02967444248497486,-0.977709949016571,0.20785312354564667,0,0,0.6397020220756531,0,1,0.9996690154075623,-0.000025026427465490997,0.025726279243826866,0,-0.014746026135981083,0.8188648819923401,0.5737960934638977,0,-0.02108072303235531,-0.5739858746528625,0.8185940384864807,0,0,0.19417700171470642,0,1
K0.200,0.9991949796676636,0.03266971558332443,0.023263122886419296,0,-0.028426283970475197,0.9860769510269165,-0.16384106874465942,0,-0.02829187922179699,0.1630479246377945,0.9862120747566223,0,0.009868999943137169,1.025763988494873,0.2601870000362396,1,0.9980469942092896,-0.0624578595161438,0.0005396432825364172,0,0.05834013596177101,0.9352641105651855,0.34910956025123596,0,-0.022309355437755585,-0.3483964502811432,0.9370818734169006,0,0,0.29948899149894714,0.00018099999579135329,1,0.9999719262123108,-0.007079014088958502,0.0024518093559890985,0,0.006975986063480377,0.9991850256919861,0.03974809870123863,0,-0.0027311905287206173,-0.03972991183400154,0.999207079410553,0,0,0.3494040071964264,0,1,0.9999729990959167,-0.006879662163555622,0.00246326788328588,0,0.006776337046176195,0.9991870522499084,0.0397498793900013,0,-0.0027347318828105927,-0.03973212465643883,0.9992069602012634,0,0,0.39931899309158325,0,1,0.999955952167511,0.0007456486346200109,-0.009366005659103394,0,-0.0005243511986918747,0.9997209906578064,0.023607978597283363,0,0.009380992501974106,-0.023602019995450974,0.9996770024299622,0,0,0.4492340087890625,0,1,0.9960140585899353,0.04385996609926224,-0.07766670733690262,0,-0.06495402753353119,0.9534211158752441,-0.2945678234100342,0,0.061129290610551834,0.2984382212162018,0.9524688720703125,0,0,0.11782799661159515,0.004838000051677227,1,0.1175929456949234,0.04173029214143753,-0.9921849370002747,0,0.9517739415168762,-0.28983408212661743,0.10061333328485489,0,-0.2833702862262726,-0.9561668634414673,-0.0738002210855484,0,0.18284499645233154,0.4145039916038513,-0.02615799941122532,1,0.8839789628982544,0.39412546157836914,0.2514895796775818,0,-0.4630796015262604,0.6640844345092773,0.5869829058647156,0,0.06433458626270294,-0.6353400945663452,0.7695479393005371,0,0,0.3761259913444519,0,1,0.5137448906898499,0.8534790277481079,0.08740818500518799,0,-0.8571318984031677,0.5150180459022522,0.009038278833031654,0,-0.037302810698747635,-0.07956371456384659,0.9961320757865906,0,0,0.6138870120048523,0,1,0.43043506145477295,0.0009544305503368378,0.9026209115982056,0,-0.8395447134971619,-0.3668372333049774,0.400743693113327,0,0.3314974308013916,-0.930284857749939,-0.15709836781024933,0,-0.18284499645233154,0.4145349860191345,0.026429999619722366,1,0.8462530374526978,-0.4541628062725067,-0.2785540819168091,0,0.5327592492103577,0.7260918021202087,0.43469205498695374,0,0.0048348926939070225,-0.516261875629425,0.8564170598983765,0,0,0.37619099020957947,0,1,0.7900732159614563,-0.6120196580886841,-0.0348728708922863,0,0.6104463338851929,0.7906917333602905,-0.046500906348228455,0,0.05603313073515892,0.015451095066964626,0.9983090162277222,0,0,0.6125609874725342,0,1,-0.9683101773262024,-0.0538482703268528,0.24387550354003906,0,0.24794675409793854,-0.3243902921676636,0.9128490090370178,0,0.02995550073683262,0.9443889856338501,0.327461838722229,0,0.34693899750709534,-0.1664070039987564,-0.004308000206947327,1,0.9773149490356445,-0.17753314971923828,0.11549009382724762,0,0.09802082926034927,-0.10423170775175095,-0.9897109866142273,0,0.18774408102035522,0.9785788655281067,-0.08446518331766129,0,0,0.8518970012664795,0,1,0.9956939816474915,0.08822168409824371,0.0284716933965683,0,-0.05841030180454254,0.35855478048324585,0.9316790699958801,0,0.07198569923639297,-0.9293310046195984,0.362164169549942,0,0,0.6398289799690247,0,1,0.9996509552001953,0,-0.026432137936353683,0,0.01546761579811573,0.8109109997749329,0.5849660634994507,0,0.021433860063552856,-0.5851699709892273,0.8106269836425781,0,0,0.18985499441623688,0,1,-0.9880280494689941,0.026814904063940048,-0.15192420780658722,0,-0.15245108306407928,-0.3205891251564026,0.9348700046539307,0,-0.023636801168322563,0.9468390345573425,0.3208390176296234,0,-0.34693899750709534,-0.1664070039987564,0.0015069999499246478,1,0.9890090227127075,-0.1478317528963089,0.0025523819494992495,0,-0.03077073208987713,-0.22268284857273102,-0.9744051098823547,0,0.14461638033390045,0.9636169672012329,-0.2247842699289322,0,0,0.8518779873847961,0,1,0.9989320039749146,0.020881781354546547,-0.041207849979400635,0,0.03594878315925598,0.20886091887950897,0.9772840142250061,0,0.02901414781808853,-0.9777218699455261,0.2078872174024582,0,0,0.6397020220756531,0,1,0.9996690154075623,-0.000024804880013107322,0.025726208463311195,0,-0.014745805412530899,0.8188749551773071,0.5737820863723755,0,-0.02108079195022583,-0.5739718675613403,0.818604052066803,0,0,0.19417700171470642,0,1
