5.567,30,166,25
B0,mixamorig_Hips,-1,0.9982510209083557,-0.04176200181245804,0.04184199869632721,0,0.04135499894618988,0.9990890026092529,0.010537000373005867,0,-0.04224399849772453,-0.008787999860942364,0.9990689754486084,0,0.00010599999950500205,1.1207460165023804,0.16422300040721893,1
B1,mixamorig_Spine,0,0.9994099736213684,0.03432700037956238,0.0014459999511018395,0,-0.03433699905872345,0.996442973613739,0.07695800065994263,0,0.0012009999481961131,-0.07696200162172318,0.9970329999923706,0,0,0.29948899149894714,0.00018099999579135329,1
B2,mixamorig_Spine1,1,0.999875009059906,0.0158270001411438,0.0002739999908953905,0,-0.015824999660253525,0.9990569949150085,0.040424998849630356,0,0.0003659999929368496,-0.040424998849630356,0.9991829991340637,0,0,0.3494040071964264,0,1
B3,mixamorig_Spine2,2,0.999875009059906,0.015824999660253525,0.00041700000292621553,0,-0.015829000622034073,0.9990569949150085,0.04042400047183037,0,0.0002229999954579398,-0.040424998849630356,0.9991829991340637,0,0,0.39931899309158325,0,1
B4,mixamorig_Neck,3,0.9997569918632507,0.017726000398397446,0.013119000010192394,0,-0.014871999621391296,0.9812039732933044,-0.1923999935388565,0,-0.016282999888062477,0.19215799868106842,0.9812290072441101,0,0,0.4492340087890625,0,1
B5,mixamorig_Head,4,0.9945530295372009,-0.0980909988284111,-0.035252999514341354,0,0.09733200073242188,0.9949939846992493,-0.022639000788331032,0,0.037296999245882034,0.01908399909734726,0.9991220235824585,0,0,0.11782799661159515,0.004838000051677227,1
B6,mixamorig_HeadTop_End,5,1,0,0,0,0,1,0,0,0,0,1,0,0,0.6140270233154297,0.025211000815033913,1
B7,mixamorig_LeftShoulder,3,0.03712400048971176,0.023979000747203827,-0.9990230202674866,0,0.9242640137672424,-0.3809199929237366,0.025203000754117966,0,-0.37994399666786194,-0.9242969751358032,-0.03630400076508522,0,0.18284499645233154,0.4145039916038513,-0.02615799941122532,1
B8,mixamorig_LeftArm,7,0.9673129916191101,0.24816299974918365,0.05215400084853172,0,-0.20477500557899475,0.6431189775466919,0.7378789782524109,0,0.14957299828529358,-0.7244399785995483,0.672914981842041,0,0,0.3761259913444519,0,1
B9,mixamorig_LeftForeArm,8,0.12603899836540222,0.9910100102424622,0.044867001473903656,0,-0.9909740090370178,0.1236950010061264,0.051681000739336014,0,0.045667000114917755,-0.050974998623132706,0.9976549744606018,0,0,0.6138870120048523,0,1
B10,mixamorig_LeftHand,9,1,0,0,0,0,1,0,0,0,0,1,0,0,0.5499849915504456,0,1
B11,mixamorig_RightShoulder,3,0.1635269969701767,-0.0006520000169984996,0.9865390062332153,0,-0.9440550208091736,-0.2903999984264374,0.15629300475120544,0,0.28638899326324463,-0.9569050073623657,-0.048103999346494675,0,-0.18284499645233154,0.4145349860191345,0.026429999619722366,1
B12,mixamorig_RightArm,11,0.9320619702339172,-0.3032500147819519,-0.19824199378490448,0,0.33550000190734863,0.515919029712677,0.7882050275802612,0,-0.13674600422382355,-0.8011659979820251,0.5826089978218079,0,0,0.37619099020957947,0,1
B13,mixamorig_RightForeArm,12,0.2937510013580322,-0.9552249908447266,0.035422999411821365,0,0.9551979899406433,0.291936993598938,-0.04868000000715256,0,0.03615900129079819,0.04813599959015846,0.9981859922409058,0,0,0.6125609874725342,0,1
B14,mixamorig_RightHand,13,1,0,0,0,0,1,0,0,0,0,1,0,0,0.5499799847602844,0,1
B15,mixamorig_LeftUpLeg,0,-0.979295015335083,-0.15028999745845795,0.13562899827957153,0,0.16742800176143646,-0.2246679961681366,0.9599440097808838,0,-0.11379899829626083,0.9627760052680969,0.2451779991388321,0,0.34693899750709534,-0.1664070039987564,-0.004308000206947327,1
B16,mixamorig_LeftLeg,15,0.9979479908943176,-0.03743999823927879,-0.05193300172686577,0,-0.05055199936032295,0.03694099932909012,-0.9980379939079285,0,0.039285000413656235,0.9986159801483154,0.03497299924492836,0,0,0.8518970012664795,0,1
B17,mixamorig_LeftFoot,16,0.986640989780426,-0.16274499893188477,0.007342999801039696,0,0.05816999822854996,0.3940410017967224,0.9172499775886536,0,-0.1521719992160797,-0.9045689702033997,0.3982439935207367,0,0,0.6398289799690247,0,1
B18,mixamorig_LeftToeBase,17,0.9996669888496399,0.000623999978415668,-0.025812000036239624,0,0.015799999237060547,0.7758830189704895,0.6306790113449097,0,0.020419999957084656,-0.6308760046958923,0.7756149768829346,0,0,0.18985499441623688,0,1
B19,mixamorig_LeftToe_End,18,1,0,0,0,0,1,0,0,0,0,1,0,0,0.12133000046014786,0,1
B20,mixamorig_RightUpLeg,0,-0.9737750291824341,0.02349100075662136,-0.22629599273204803,0,-0.22384999692440033,-0.2766599953174591,0.9345319867134094,0,-0.04065300151705742,0.9606810212135315,0.2746630012989044,0,-0.34693899750709534,-0.1664070039987564,0.0015069999499246478,1
B21,mixamorig_RightLeg,20,0.9984260201454163,0.013310999609529972,-0.05449200049042702,0,-0.054375000298023224,-0.008971000090241432,-0.9984800219535828,0,-0.013779999688267708,0.999871015548706,-0.008232999593019485,0,0,0.8518779873847961,0,1
B22,mixamorig_RightFoot,21,0.9996619820594788,0.02283399924635887,-0.012420999817550182,0,0.0058200000785291195,0.2690980136394501,0.9630950093269348,0,0.02533400058746338,-0.9628419876098633,0.26887500286102295,0,0,0.6397020220756531,0,1
B23,mixamorig_RightToeBase,22,0.9996569752693176,0.0004780000017490238,0.026165999472141266,0,-0.014464999549090862,0.8433099985122681,0.537231981754303,0,-0.021810000762343407,-0.5374270081520081,0.8430280089378357,0,0,0.19417700171470642,0,1
B24,mixamorig_RightToe_End,23,1,0,0,0,0,1,0,0,0,0,1,0,0,0.1213729977607727,0,1
@20,0,1,2,3,4,5,7,8,9,11,12,13,15,16,17,18,20,21,22,23
K0,0.9982510209083557,-0.04176179692149162,0.041842032223939896,0,0.0413551963865757,0.9990889430046082,0.010536905378103256,0,-0.042243968695402145,-0.0087880939245224,0.9990690350532532,0,0.00010599999950500205,1.1207460165023804,0.16422300040721893,1,0.9994099736213684,0.03432727977633476,0.0014459489611908793,0,-0.03433671593666077,0.9964430332183838,0.07695790380239487,0,0.0012009490747004747,-0.07696209102869034,0.9970329999923706,0,0,0.29948899149894714,0.00018099999579135329,1,0.9998750686645508,0.015826934948563576,0.000274033984169364,0,-0.015825064852833748,0.9990569949150085,0.04042534902691841,0,0.00036603398621082306,-0.0404246523976326,0.9991829991340637,0,0,0.3494040071964264,0,1,0.9998750686645508,0.015825042501091957,0.0004170502070337534,0,-0.01582895778119564,0.9990569949150085,0.040423713624477386,0,0.0002230502141173929,-0.04042527824640274,0.9991829991340637,0,0,0.39931899309158325,0,1,0.9997570514678955,0.017725836485624313,0.01311906985938549,0,-0.014872167259454727,0.9812040328979492,-0.19239996373653412,0,-0.016282930970191956,0.1921580582857132,0.9812290072441101,0,0,0.4492340087890625,0,1,0.9945529699325562,-0.09809098392724991,-0.035252898931503296,0,0.09733202308416367,0.9949939846992493,-0.022638771682977676,0,0.037297096103429794,0.019084228202700615,0.9991219639778137,0,0,0.11782799661159515,0.004838000051677227,1,0.037123799324035645,0.02397882752120495,-0.9990230798721313,0,0.9242640137672424,-0.38092002272605896,0.02520279958844185,0,-0.37994372844696045,-0.9242970943450928,-0.03630398213863373,0,0.18284499645233154,0.4145039916038513,-0.02615799941122532,1,0.9673129916191101,0.2481629103422165,0.05215401574969292,0,-0.2047751098871231,0.6431189179420471,0.7378789782524109,0,0.14957299828529358,-0.7244399189949036,0.672914981842041,0,0,0.3761259913444519,0,1,0.12603913247585297,0.9910100698471069,0.0448664054274559,0,-0.9909741282463074,0.12369479984045029,0.0516807846724987,0,0.0456664003431797,-0.050975214689970016,0.9976550340652466,0,0,0.6138870120048523,0,1,0.16352717578411102,-0.0006521115428768098,0.9865389466285706,0,-0.944054901599884,-0.29040005803108215,0.15629306435585022,0,0.286389023065567,-0.956904947757721,-0.04810386151075363,0,-0.18284499645233154,0.4145349860191345,0.026429999619722366,1,0.9320622086524963,-0.30324944853782654,-0.19824190437793732,0,0.3355005383491516,0.5159189105033875,0.7882048487663269,0,-0.13674591481685638,-0.8011661171913147,0.5826088190078735,0,0,0.37619099020957947,0,1,0.29375073313713074,-0.9552249908447266,0.035423118621110916,0,0.9551979899406433,0.2919371724128723,-0.04868008941411972,0,0.03615912050008774,0.0481359139084816,0.9981859922409058,0,0,0.6125609874725342,0,1,-0.979295015335083,-0.1502901315689087,0.13562867045402527,0,0.16742785274982452,-0.22466756403446198,0.9599441289901733,0,-0.11379868537187576,0.9627758860588074,0.24517838656902313,0,0.34693899750709534,-0.1664070039987564,-0.004308000206947327,1,0.9979479908943176,-0.03743986040353775,-0.05193309485912323,0,-0.05055186152458191,0.036941248923540115,-0.9980379343032837,0,0.03928489610552788,0.9986159205436707,0.03497281298041344,0,0,0.8518970012664795,0,1,0.9866409301757812,-0.16274525225162506,0.007343363482505083,0,0.05816973000764847,0.3940412104129791,0.917249858379364,0,-0.15217164158821106,-0.9045690298080444,0.3982439935207367,0,0,0.6398289799690247,0,1,0.9996669888496399,0.0006239814683794975,-0.02581164985895157,0,0.015799980610609055,0.7758831977844238,0.6306787133216858,0,0.02042035013437271,-0.6308762431144714,0.7756146788597107,0,0,0.18985499441623688,0,1,-0.9737750291824341,0.023491187021136284,-0.22629539668560028,0,-0.2238498032093048,-0.27665975689888,0.9345320463180542,0,-0.04065361246466637,0.9606809020042419,0.27466320991516113,0,-0.34693899750709534,-0.1664070039987564,0.0015069999499246478,1,0.998426079750061,0.013311024755239487,-0.05449163168668747,0,-0.05437497794628143,-0.008970904164016247,-0.9984800219535828,0,-0.013779627159237862,0.999871015548706,-0.008232994005084038,0,0,0.8518779873847961,0,1,0.9996619820594788,0.022834068164229393,-0.01242111250758171,0,0.005820067133754492,0.2690983712673187,0.9630948901176453,0,0.025333886966109276,-0.9628420472145081,0.2688746452331543,0,0,0.6397020220756531,0,1,0.9996569752693176,0.0004777520371135324,0.02616632543504238,0,-0.014465248212218285,0.8433098196983337,0.5372321605682373,0,-0.02180967479944229,-0.537426769733429,0.8430280685424805,0,0,0.19417700171470642,0,1
K0.034,0.9983203411102295,-0.04156472533941269,0.0403657965362072,0,0.041198793798685074,0.999101996421814,0.009855012409389019,0,-0.04073917120695114,-0.008175437338650227,0.9991363286972046,0,0.00042447392479516566,1.1210870742797852,0.16404518485069275,1,0.999407947063446,0.03437452018260956,0.0015586591325700283,0,-0.03439167141914368,0.9963833689689636,0.07770058512687683,0,0.0011178981512784958,-0.0777081698179245,0.9969754815101624,0,0,0.29948899149894714,0.00018099999579135329,1,0.9998659491539001,0.016376761719584465,0.0003606582176871598,0,-0.01637778803706169,0.9990267753601074,0.040950484573841095,0,0.00031032910919748247,-0.040950894355773926,0.9991608262062073,0,0,0.3494040071964264,0,1,0.9998659491539001,0.016374729573726654,0.00045929301995784044,0,-0.016379795968532562,0.9990267157554626,0.040949683636426926,0,0.00021169397223275155,-0.04095171019434929,0.9991608262062073,0,0,0.39931899309158325,0,1,0.999739944934845,0.019129229709506035,0.012444637715816498,0,-0.01637074165046215,0.9810780882835388,-0.19291718304157257,0,-0.015899520367383957,0.192663311958313,0.9811362028121948,0,0,0.4492340087890625,0,1,0.9939668774604797,-0.10173201560974121,-0.04099905118346214,0,0.10084209591150284,0.9946309924125671,-0.02322285994887352,0,0.043141450732946396,0.018948327749967575,0.9988895058631897,0,0,0.11782799661159515,0.004838000051677227,1,0.0366840660572052,0.024059295654296875,-0.9990371465682983,0,0.9242774844169617,-0.3809170722961426,0.02476557344198227,0,-0.3799545168876648,-0.9242963194847107,-0.036211155354976654,0,0.18284499645233154,0.4145039916038513,-0.02615799941122532,1,0.9667315483093262,0.24990205466747284,0.05458797141909599,0,-0.2073984146118164,0.6408588290214539,0.7391123175621033,0,0.14972230792045593,-0.7258436679840088,0.671366810798645,0,0,0.3761259913444519,0,1,0.12846790254116058,0.9907040596008301,0.04474040865898132,0,-0.9906670451164246,0.1261299103498459,0.051664773374795914,0,0.045541420578956604,-0.05096013844013214,0.9976620078086853,0,0,0.6138870120048523,0,1,0.16368751227855682,-0.0006135351140983403,0.9865119457244873,0,-0.9439594149589539,-0.2906283438205719,0.15644623339176178,0,0.28661227226257324,-0.9568354487419128,-0.048151422291994095,0,-0.18284499645233154,0.4145349860191345,0.026429999619722366,1,0.9322539567947388,-0.30298784375190735,-0.19773681461811066,0,0.33534327149391174,0.5184460282325745,0.7866125702857971,0,-0.13581812381744385,-0.7996320724487305,0.5849280953407288,0,0,0.37619099020957947,0,1,0.29212215542793274,-0.9557220935821533,0.03550630807876587,0,0.9556940197944641,0.2903040945529938,-0.04870549589395523,0,0.03624128922820091,0.04816111549735069,0.9981819987297058,0,0,0.6125609874725342,0,1,-0.9796032905578613,-0.1497795283794403,0.1339556723833084,0,0.16577112674713135,-0.2256045788526535,0.9600115418434143,0,-0.11356902867555618,0.9626362323760986,0.24583208560943604,0,0.34693899750709534,-0.1664070039987564,-0.004308000206947327,1,0.9979703426361084,-0.036914970725774765,-0.0518915094435215,0,-0.0504862517118454,0.03803258761763573,-0.9980006217956543,0,0.038814712315797806,0.9985942840576172,0.036091677844524384,0,0,0.8518970012664795,0,1,0.9867067337036133,-0.16234780848026276,0.007274526171386242,0,0.05814706161618233,0.39449408650398254,0.91705721616745,0,-0.15175196528434753,-0.9044434428215027,0.39869001507759094,0,0,0.6398289799690247,0,1,0.9996669888496399,0.0006242015515454113,-0.025810835883021355,0,0.015800200402736664,0.7758550047874451,0.6307129263877869,0,0.020419150590896606,-0.6309105157852173,0.7755865454673767,0,0,0.18985499441623688,0,1,-0.9737565517425537,0.024994857609272003,-0.22621694207191467,0,-0.2241668701171875,-0.2771572470664978,0.934308648109436,0,-0.039344750344753265,0.9604992270469666,0.27548667788505554,0,-0.34693899750709534,-0.1664070039987564,0.0015069999499246478,1,0.9985231161117554,0.011962994933128357,-0.05299145728349686,0,-0.05289115756750107,-0.008549787104129791,-0.998563289642334,0,-0.012398879043757915,0.9998919367790222,-0.00790442805737257,0,0,0.8518779873847961,0,1,0.9995526075363159,0.027369538322091103,-0.012070381082594395,0,0.0043061282485723495,0.2676577866077423,0.9635050892829895,0,0.029601404443383217,-0.9631255269050598,0.26742005348205566,0,0,0.6397020220756531,0,1,0.9996580481529236,0.0004746739286929369,0.026163743808865547,0,-0.014467301778495312,0.8431613445281982,0.5374661684036255,0,-0.021805116906762123,-0.5376604795455933,0.8428791761398315,0,0,0.19417700171470642,0,1
K0.067,0.9983744621276855,-0.041511014103889465,0.03904183208942413,0,0.04117522016167641,0.9991079568862915,0.009366704151034355,0,-0.03939584642648697,-0.007743925787508488,0.999193549156189,0,0.0008376459591090679,1.1214262247085571,0.16390784084796906,1,0.9993926286697388,0.0347944013774395,0.0019958040211349726,0,-0.03484342619776726,0.9962784051895142,0.07884006947278976,0,0.0007548167486675084,-0.07886172831058502,0.9968857765197754,0,0,0.29948899149894714,0.00018099999579135329,1,0.999849796295166,0.01733633503317833,0.0005825150292366743,0,-0.01734553836286068,0.9989784359931946,0.041731126606464386,0,0.00014154476230032742,-0.04173494502902031,0.9991285800933838,0,0,0.3494040071964264,0,1,0.999849796295166,0.01733350194990635,0.0006202890072017908,0,-0.017344282940030098,0.998978316783905,0.041731804609298706,0,0.00010370308882556856,-0.04173628240823746,0.9991285800933838,0,0,0.39931899309158325,0,1,0.9997298717498779,0.01999281905591488,0.011872382834553719,0,-0.017330575734376907,0.981087863445282,-0.19278500974178314,0,-0.01550216507166624,0.1925271600484848,0.9811691641807556,0,0,0.4492340087890625,0,1,0.9932506680488586,-0.1064058318734169,-0.04617244377732277,0,0.10535141825675964,0.9941278696060181,-0.024703869596123695,0,0.04852994531393051,0.019672799855470657,0.9986280798912048,0,0,0.11782799661159515,0.004838000051677227,1,0.03639870136976242,0.024094611406326294,-0.9990469217300415,0,0.9243379235267639,-0.38078755140304565,0.024493062868714333,0,-0.3798343539237976,-0.9243480563163757,-0.03613164275884628,0,0.18284499645233154,0.4145039916038513,-0.02615799941122532,1,0.9663240909576416,0.25101765990257263,0.05663769692182541,0,-0.20933221280574799,0.6388053894042969,0.7403427958488464,0,0.14965875446796417,-0.7272676229476929,0.6698395013809204,0,0,0.3761259913444519,0,1,0.12975235283374786,0.9905397891998291,0.0446733720600605,0,-0.9905028939247131,0.12741777300834656,0.051657240837812424,0,0.045476362109184265,-0.05095173791050911,0.9976649880409241,0,0,0.6138870120048523,0,1,0.16374388337135315,-0.0005260511534288526,0.9865022897720337,0,-0.9436783194541931,-0.2915218472480774,0.15648028254508972,0,0.28750482201576233,-0.9565639495849609,-0.04823131486773491,0,-0.18284499645233154,0.4145349860191345,0.026429999619722366,1,0.9324212670326233,-0.30229809880256653,-0.19800743460655212,0,0.33556079864501953,0.5209099054336548,0.7848893404006958,0,-0.13412652909755707,-0.7982910871505737,0.5871468782424927,0,0,0.37619099020957947,0,1,0.2887943685054779,-0.9567262530326843,0.03567609190940857,0,0.9566980600357056,0.28696778416633606,-0.048755813390016556,0,0.03640807792544365,0.04821164906024933,0.9981728792190552,0,0,0.6125609874725342,0,1,-0.9799567461013794,-0.15024824440479279,0.13080263137817383,0,0.16291233897209167,-0.22656160593032837,0.9602755308151245,0,-0.11464489996433258,0.9623383283615112,0.2464980036020279,0,0.34693899750709534,-0.1664070039987564,-0.004308000206947327,1,0.9980233907699585,-0.03473219275474548,-0.05237807705998421,0,-0.051019106060266495,0.03892294317483902,-0.9979392886161804,0,0.036699309945106506,0.9986385107040405,0.03707398101687431,0,0,0.8518970012664795,0,1,0.9864842891693115,-0.16370661556720734,0.0070468648336827755,0,0.05893487110733986,0.39460837841033936,0.9169571399688721,0,-0.15289270877838135,-0.9041486382484436,0.39892303943634033,0,0,0.6398289799690247,0,1,0.9996670484542847,0.0006247115088626742,-0.025810131803154945,0,0.015800710767507553,0.775813639163971,0.6307642459869385,0,0.020417889580130577,-0.6309618353843689,0.7755451202392578,0,0,0.18985499441623688,0,1,-0.9731796979904175,0.024667585268616676,-0.2287214994430542,0,-0.22645780444145203,-0.2776830196380615,0.9335998296737671,0,-0.04048240929841995,0.9603557586669922,0.2758215367794037,0,-0.34693899750709534,-0.1664070039987564,0.0015069999499246478,1,0.9985443353652954,0.013472167775034904,-0.05222298577427864,0,-0.05211353674530983,-0.008351423777639866,-0.9986059665679932,0,-0.013889534398913383,0.9998742938041687,-0.007637187372893095,0,0,0.8518779873847961,0,1,0.9994911551475525,0.029534706845879555,-0.012088176794350147,0,0.0037813636008650064,0.26651471853256226,0.9638239741325378,0,0.0316878966987133,-0.9633780121803284,0.2662671208381653,0,0,0.6397020220756531,0,1,0.9996580481529236,0.000464161072159186,0.026154452934861183,0,-0.014473479241132736,0.8426671624183655,0.538240909576416,0,-0.02178964950144291,-0.5384349822998047,0.8423850536346436,0,0,0.19417700171470642,0,1
K0.101,0.9984134435653687,-0.041597217321395874,0.037950221449136734,0,0.04127921536564827,0.9991058707237244,0.009125101380050182,0,-0.03829585760831833,-0.0075440662913024426,0.999237596988678,0,0.0013096928596496582,1.1216964721679688,0.1638108789920807,1,0.9993675947189331,0.03546888753771782,0.0027151708491146564,0,-0.03557238355278969,0.9961482882499695,0.08014941960573196,0,0.00013809777738060802,-0.08019528537988663,0.9967796206474304,0,0,0.29948899149894714,0.00018099999579135329,1,0.9998308420181274,0.018359119072556496,0.0009020158322528005,0,-0.018380871042609215,0.9989265203475952,0.04251803085207939,0,-0.00012045408220728859,-0.0425274483859539,0.9990956783294678,0,0,0.3494040071964264,0,1,0.9998308420181274,0.018353981897234917,0.000882600259501487,0,-0.018374914303421974,0.9989265203475952,0.04252024367451668,0,-0.0001012371649267152,-0.042529307305812836,0.9990956783294678,0,0,0.39931899309158325,0,1,0.9997206330299377,0.020650634542107582,0.011509490199387074,0,-0.0180596224963665,0.9812461733818054,-0.19190950691699982,0,-0.015256689861416817,0.1916479468345642,0.9813445806503296,0,0,0.4492340087890625,0,1,0.9925378561019897,-0.111019566655159,-0.05042046308517456,0,0.10979508608579636,0.9936023950576782,-0.026448283344507217,0,0.05303420126438141,0.02071501314640045,0.9983779191970825,0,0,0.11782799661159515,0.004838000051677227,1,0.036481957882642746,0.024053582921624184,-0.9990447163581848,0,0.9244250655174255,-0.3805687725543976,0.0245942585170269,0,-0.37961384654045105,-0.9244396090507507,-0.03611960634589195,0,0.18284499645233154,0.4145039916038513,-0.02615799941122532,1,0.9662654995918274,0.25086548924446106,0.05828185752034187,0,-0.21009691059589386,0.6369081735610962,0.7417594790458679,0,0.14896181225776672,-0.728982150554657,0.6681291460990906,0,0,0.3761259913444519,0,1,0.12982912361621857,0.9905301332473755,0.04466952756047249,0,-0.9904931783676147,0.12749478220939636,0.05165587738156319,0,0.04547153040766716,-0.05095124617218971,0.9976649284362793,0,0,0.6138870120048523,0,1,0.1635681837797165,-0.00037012906977906823,0.9865316152572632,0,-0.9431132674217224,-0.29346224665641785,0.15625925362110138,0,0.28945207595825195,-0.9559705257415771,-0.04835015907883644,0,-0.18284499645233154,0.4145349860191345,0.026429999619722366,1,0.9325363039970398,-0.30144986510276794,-0.19875818490982056,0,0.3360653519630432,0.5233028531074524,0.7830801010131836,0,-0.13204854726791382,-0.7970455288887024,0.5893051624298096,0,0,0.37619099020957947,0,1,0.2848585546016693,-0.9578976035118103,0.03587642312049866,0,0.9578706622123718,0.2830221652984619,-0.04881651699542999,0,0.03660738468170166,0.048270754516124725,0.9981628656387329,0,0,0.6125609874725342,0,1,-0.9802587032318115,-0.15078924596309662,0.1278904527425766,0,0.16026833653450012,-0.22717809677124023,0.9605754613876343,0,-0.1157904863357544,0.9621087312698364,0.24685990810394287,0,0.34693899750709534,-0.1664070039987564,-0.004308000206947327,1,0.9980598092079163,-0.03274403139948845,-0.05295037105679512,0,-0.051643386483192444,0.03954970836639404,-0.9978817701339722,0,0.03476885333657265,0.9986805319786072,0.0377819687128067,0,0,0.8518970012664795,0,1,0.9862560033798218,-0.16508430242538452,0.006821353919804096,0,0.059716612100601196,0.39464858174324036,0.9168894290924072,0,-0.1540561020374298,-0.9038804769515991,0.39908286929130554,0,0,0.6398289799690247,0,1,0.9996669888496399,0.0006243195966817439,-0.025810949504375458,0,0.015800336375832558,0.7758502960205078,0.6307189464569092,0,0.020419197157025337,-0.6309165358543396,0.7755817770957947,0,0,0.18985499441623688,0,1,-0.9724101424217224,0.023773174732923508,-0.23206213116645813,0,-0.2293839156627655,-0.2784225642681122,0.9326651692390442,0,-0.042438916862010956,0.9601638913154602,0.27619409561157227,0,-0.34693899750709534,-0.1664070039987564,0.0015069999499246478,1,0.9984833598136902,0.017522122710943222,-0.05220048129558563,0,-0.05206403136253357,-0.008154512383043766,-0.9986106753349304,0,-0.017923446372151375,0.9998136758804321,-0.007229870650917292,0,0,0.8518779873847961,0,1,0.9995028376579285,0.028974365442991257,-0.012433734722435474,0,0.004221830051392317,0.267812579870224,0.9634620547294617,0,0.03124559298157692,-0.9630349278450012,0.26755693554878235,0,0,0.6397020220756531,0,1,0.9996590614318848,0.00039262010250240564,0.026093941181898117,0,-0.01451430469751358,0.8393394947052002,0.5434141159057617,0,-0.02168833464384079,-0.5436079502105713,0.839059591293335,0,0,0.19417700171470642,0,1
K0.134,0.99843829870224,-0.041774261742830276,0.03709537908434868,0,0.041464127600193024,0.9990987777709961,0.009091163985431194,0,-0.03744171932339668,-0.0075388383120298386,0.999270498752594,0,0.0017915217904374003,1.1218886375427246,0.163749560713768,1,0.9993436932563782,0.036053501069545746,0.0034214877523481846,0,-0.036212243139743805,0.9960513710975647,0.08105754107236862,0,-0.00048556935507804155,-0.08112826943397522,0.996703565120697,0,0,0.29948899149894714,0.00018099999579135329,1,0.9998221397399902,0.018805906176567078,0.001176258665509522,0,-0.01883906126022339,0.9989012479782104,0.04290657490491867,0,-0.0003680693043861538,-0.04292111098766327,0.9990780353546143,0,0,0.3494040071964264,0,1,0.9998221397399902,0.01879863068461418,0.0011405397672206163,0,-0.01883026584982872,0.9989012479782104,0.04291091114282608,0,-0.00033262043143622577,-0.042924776673316956,0.999078094959259,0,0,0.39931899309158325,0,1,0.999695897102356,0.02181941270828247,0.011511359363794327,0,-0.019227178767323494,0.9814803600311279,-0.19059376418590546,0,-0.015456810593605042,0.1903143972158432,0.9816009998321533,0,0,0.4492340087890625,0,1,0.9920876622200012,-0.11369593441486359,-0.053249556571245193,0,0.11236665397882462,0.9932913184165955,-0.02733572944998741,0,0.05600022152066231,0.02113594114780426,0.998206615447998,0,0,0.11782799661159515,0.004838000051677227,1,0.037028662860393524,0.02393937297165394,-0.9990274310112,0,0.9244844317436218,-0.38038870692253113,0.025150662288069725,0,-0.3794168531894684,-0.9245172142982483,-0.036216944456100464,0,0.18284499645233154,0.4145039916038513,-0.02615799941122532,1,0.9665745496749878,0.24937330186367035,0.05954573303461075,0,-0.20967219769954681,0.6351948380470276,0.7433473467826843,0,0.1475478559732437,-0.7309857606887817,0.6662498712539673,0,0,0.3761259913444519,0,1,0.12931883335113525,0.9905952215194702,0.04469608888030052,0,-0.9905583262443542,0.12698310613632202,0.05165956914424896,0,0.045498088002204895,-0.05095465108752251,0.9976638555526733,0,0,0.6138870120048523,0,1,0.163010835647583,-0.00014705568901263177,0.9866240620613098,0,-0.9422260522842407,-0.29663118720054626,0.1556311845779419,0,0.29264035820961,-0.9549918174743652,-0.04849265515804291,0,-0.18284499645233154,0.4145349860191345,0.026429999619722366,1,0.9326024055480957,-0.3008038103580475,-0.19942337274551392,0,0.33657926321029663,0.5254731178283691,0.7814043760299683,0,-0.13025783002376556,-0.795861542224884,0.5913019776344299,0,0,0.37619099020957947,0,1,0.2825501263141632,-0.9585767984390259,0.03599429875612259,0,0.9585499167442322,0.28070786595344543,-0.04885076358914375,0,0.0367233045399189,0.04830509051680565,0.9981570839881897,0,0,0.6125609874725342,0,1,-0.9804013967514038,-0.15047594904899597,0.12716011703014374,0,0.1594754010438919,-0.22718986868858337,0.9607044458389282,0,-0.11567340046167374,0.9621546864509583,0.24673447012901306,0,0.34693899750709534,-0.1664070039987564,-0.004308000206947327,1,0.9980520606040955,-0.03312157839536667,-0.05287250131368637,0,-0.05153460055589676,0.0400221049785614,-0.9978684186935425,0,0.03516705334186554,0.9986497163772583,0.03823724761605263,0,0,0.8518970012664795,0,1,0.986373245716095,-0.16438135504722595,0.006778597366064787,0,0.05953003838658333,0.3950148820877075,0.9167434573173523,0,-0.15337325632572174,-0.9038481116294861,0.3994179368019104,0,0,0.6398289799690247,0,1,0.9996670484542847,0.0006217028712853789,-0.025814028456807137,0,0.015798751264810562,0.7760217785835266,0.63050776720047,0,0.020424241200089455,-0.6307058334350586,0.7757537364959717,0,0,0.18985499441623688,0,1,-0.9719259738922119,0.02366805449128151,-0.23409397900104523,0,-0.23125916719436646,-0.2794063687324524,0.9319069385528564,0,-0.043350931257009506,0.9598809480667114,0.27703583240509033,0,-0.34693899750709534,-0.1664070039987564,0.0015069999499246478,1,0.9983790516853333,0.021855313330888748,-0.052542753517627716,0,-0.05238137021660805,-0.007893042638897896,-0.9985957145690918,0,-0.02223934419453144,0.999729573726654,-0.006735438946634531,0,0,0.8518779873847961,0,1,0.9995458126068115,0.027263619005680084,-0.012810545042157173,0,0.004919425584375858,0.2718217372894287,0.9623350501060486,0,0.02971891686320305,-0.9619609713554382,0.2715641260147095,0,0,0.6397020220756531,0,1,0.9996630549430847,0.000252590689342469,0.02597387321293354,0,-0.014593832194805145,0.8326684832572937,0.5535790324211121,0,-0.021487802267074585,-0.5537716746330261,0.8323918581008911,0,0,0.19417700171470642,0,1
K0.168,0.9984486699104309,-0.042036641389131546,0.036502622067928314,0,0.04172654077410698,0.9990863800048828,0.009216547943651676,0,-0.03685672581195831,-0.007679126225411892,0.9992910623550415,0,0.002181396121159196,1.1220412254333496,0.16373439133167267,1,0.9993330240249634,0.036313023418188095,0.0038912692107260227,0,-0.036509182304143906,0.996025800704956,0.08123809099197388,0,-0.0009258033824153244,-0.08132592588663101,0.9966866970062256,0,0,0.29948899149894714,0.00018099999579135329,1,0.9998295307159424,0.018410202115774155,0.001317267888225615,0,-0.018449721857905388,0.9989128112792969,0.04280936345458031,0,-0.0005277068121358752,-0.04282637685537338,0.9990823864936829,0,0,0.3494040071964264,0,1,0.9998294711112976,0.018400585278868675,0.001320903655141592,0,-0.018440278246998787,0.9989128112792969,0.04281331226229668,0,-0.0005316778551787138,-0.04283040016889572,0.9990824460983276,0,0,0.39931899309158325,0,1,0.9996438026428223,0.023860685527324677,0.011955869384109974,0,-0.02116863615810871,0.9816973805427551,-0.18926919996738434,0,-0.016253139823675156,0.18894870579242706,0.9818528294563293,0,0,0.4492340087890625,0,1,0.9920402765274048,-0.11358540505170822,-0.05436364561319351,0,0.11224222928285599,0.9933097958564758,-0.027163108810782433,0,0.057085227221250534,0.02084498479962349,0.9981515407562256,0,0,0.11782799661159515,0.004838000051677227,1,0.03784986957907677,0.023789435625076294,-0.9990003108978271,0,0.9245065450668335,-0.3802812099456787,0.025971805676817894,0,-0.37928318977355957,-0.9245654344558716,-0.036387182772159576,0,0.18284499645233154,0.4145039916038513,-0.02615799941122532,1,0.9671493172645569,0.24692073464393616,0.06043042615056038,0,-0.2083812654018402,0.6339170932769775,0.7447993159294128,0,0.14559857547283173,-0.7329250574111938,0.6645464301109314,0,0,0.3761259913444519,0,1,0.12855376303195953,0.9906924962997437,0.044735442847013474,0,-0.9906565546989441,0.12621614336967468,0.051664575934410095,0,0.04553738608956337,-0.05095914751291275,0.9976618885993958,0,0,0.6138870120048523,0,1,0.16198201477527618,0.0001253925875062123,0.9867939352989197,0,-0.94102942943573,-0.30098262429237366,0.15450797975063324,0,0.29702720046043396,-0.9536295533180237,-0.04863571375608444,0,-0.18284499645233154,0.4145349860191345,0.026429999619722366,1,0.9325159788131714,-0.300902783870697,-0.1996789276599884,0,0.33716243505477905,0.5273573994636536,0.7798821330070496,0,-0.12936647236347198,-0.7945762872695923,0.5932219624519348,0,0,0.37619099020957947,0,1,0.2827548086643219,-0.9585170149803162,0.03598356992006302,0,0.9584890007972717,0.2809127867221832,-0.04884714633226395,0,0.03671260178089142,0.04830164834856987,0.9981580972671509,0,0,0.6125609874725342,0,1,-0.9803756475448608,-0.14986258745193481,0.12808042764663696,0,0.1601756066083908,-0.22679266333580017,0.960681676864624,0,-0.11492250114679337,0.9623439908027649,0.24634630978107452,0,0.34693899750709534,-0.1664070039987564,-0.004308000206947327,1,0.9980119466781616,-0.03530579060316086,-0.05221272632479668,0,-0.05077413097023964,0.04048466309905052,-0.9978894591331482,0,0.03734509274363518,0.9985566139221191,0.038611553609371185,0,0,0.8518970012664795,0,1,0.986711323261261,-0.16233786940574646,0.006845513358712196,0,0.05875400826334953,0.39576080441474915,0.9164726138114929,0,-0.15148743987083435,-0.9038918614387512,0.4000397324562073,0,0,0.6398289799690247,0,1,0.9996659755706787,0.0006177123286761343,-0.025818243622779846,0,0.01579677313566208,0.7762615084648132,0.6302133202552795,0,0.020430995151400566,-0.6304105520248413,0.7759922742843628,0,0,0.18985499441623688,0,1,-0.9718107581138611,0.02421179786324501,-0.23451755940914154,0,-0.23177383840084076,-0.28033915162086487,0.931498646736145,0,-0.043191179633140564,0.9595951437950134,0.2780481278896332,0,-0.34693899750709534,-0.1664070039987564,0.0015069999499246478,1,0.9982958436012268,0.024747207760810852,-0.05284775421023369,0,-0.0526755228638649,-0.007560869213193655,-0.9985829591751099,0,-0.025111718103289604,0.9996652007102966,-0.0062444135546684265,0,0,0.8518779873847961,0,1,0.9995794892311096,0.02592579647898674,-0.01300792396068573,0,0.005343877710402012,0.2761791944503784,0.9610908031463623,0,0.02850956656038761,-0.9607563018798828,0.27592453360557556,0,0,0.6397020220756531,0,1,0.9996659755706787,0.00010549679427640513,0.025843651965260506,0,-0.014675305224955082,0.825445830821991,0.5642902851104736,0,-0.021273009479045868,-0.5644811987876892,0.825171947479248,0,0,0.19417700171470642,0,1
K0.201,0.9984360933303833,-0.042436279356479645,0.03639655560255051,0,0.04211239516735077,0.999066948890686,0.00962031539529562,0,-0.036770813167095184,-0.00807251688092947,0.9992907047271729,0,0.0023151205386966467,1.122180461883545,0.16382025182247162,1,0.9993321299552917,0.03630169481039047,0.004168145824223757,0,-0.036520037800073624,0.9960519671440125,0.0809163898229599,0,-0.0012142874766141176,-0.08101452142000198,0.9967119097709656,0,0,0.29948899149894714,0.00018099999579135329,1,0.9998466372489929,0.017488259822130203,0.0013603284023702145,0,-0.017530294135212898,0.9989416599273682,0.04252902418375015,0,-0.0006151294219307601,-0.042546309530735016,0.9990941286087036,0,0,0.3494040071964264,0,1,0.9998465776443481,0.017476016655564308,0.001441116677597165,0,-0.017521502450108528,0.9989417195320129,0.042531780898571014,0,-0.0006963050691410899,-0.042550478130578995,0.9990940690040588,0,0,0.39931899309158325,0,1,0.9995672106742859,0.026505092158913612,0.012728026136755943,0,-0.023637745529413223,0.9818359017372131,-0.18825656175613403,0,-0.017486589029431343,0.1878742277622223,0.9820374250411987,0,0,0.4492340087890625,0,1,0.9923221468925476,-0.11123780161142349,-0.05406878516077995,0,0.1099018082022667,0.9935732483863831,-0.027093391865491867,0,0.0567350834608078,0.020943105220794678,0.998169481754303,0,0,0.11782799661159515,0.004838000051677227,1,0.038645707070827484,0.023646267130970955,-0.9989733695983887,0,0.9245206713676453,-0.3801918029785156,0.026766102761030197,0,-0.379168301820755,-0.9246052503585815,-0.03655419871211052,0,0.18284499645233154,0.4145039916038513,-0.02615799941122532,1,0.9679673910140991,0.24359793961048126,0.06082266569137573,0,-0.20628786087036133,0.6335153579711914,0.745723307132721,0,0.1431245654821396,-0.7343828082084656,0.6634734869003296,0,0,0.3761259913444519,0,1,0.12674446403980255,0.9909219741821289,0.044830843806266785,0,-0.9908849596977234,0.12440179288387299,0.051676906645298004,0,0.04563077539205551,-0.05097201094031334,0.9976575970649719,0,0,0.6138870120048523,0,1,0.16055795550346375,0.00042400642996653914,0.987026035785675,0,-0.9395846128463745,-0.30623525381088257,0.1529722660779953,0,0.30232712626457214,-0.9519556164741516,-0.048770107328891754,0,-0.18284499645233154,0.4145349860191345,0.026429999619722366,1,0.932098925113678,-0.3022349178791046,-0.19961315393447876,0,0.3382020890712738,0.5289589762687683,0.7783451676368713,0,-0.12965595722198486,-0.7930045127868652,0.5952587723731995,0,0,0.37619099020957947,0,1,0.2840714454650879,-0.9581301808357239,0.035916466265916824,0,0.9581020474433899,0.28223276138305664,-0.04882766678929329,0,0.036646466702222824,0.0482821986079216,0.9981610178947449,0,0,0.6125609874725342,0,1,-0.9802265167236328,-0.15012064576148987,0.12891782820224762,0,0.16099371016025543,-0.22623078525066376,0.9606770873069763,0,-0.115052230656147,0.9624358415603638,0.2459259331226349,0,0.34693899750709534,-0.1664070039987564,-0.004308000206947327,1,0.9979744553565979,-0.03702573478221893,-0.051729146391153336,0,-0.05021108314394951,0.04081875830888748,-0.9979041218757629,0,0.03905964642763138,0.998479962348938,0.0388769693672657,0,0,0.8518970012664795,0,1,0.9868747591972351,-0.161343052983284,0.006824907381087542,0,0.0584745816886425,0.3964230418205261,0.9162042140960693,0,-0.1505286693572998,-0.9037793874740601,0.4006541967391968,0,0,0.6398289799690247,0,1,0.9996659755706787,0.0006145687075331807,-0.025821330025792122,0,0.015795569866895676,0.7764343619346619,0.6300011277198792,0,0.020435741171240807,-0.6301983594894409,0.7761650681495667,0,0,0.18985499441623688,0,1,-0.9719053506851196,0.024338744580745697,-0.23410998284816742,0,-0.2314005047082901,-0.28074386715888977,0.9314699769020081,0,-0.043054141104221344,0.9594743847846985,0.27848848700523376,0,-0.34693899750709534,-0.1664070039987564,0.0015069999499246478,1,0.9982598423957825,0.02594977803528309,-0.05295910686254501,0,-0.05279135704040527,-0.007106808014214039,-0.9985800981521606,0,-0.026289304718375206,0.999638020992279,-0.0057245162315666676,0,0,0.8518779873847961,0,1,0.9995954036712646,0.025249416008591652,-0.013079681433737278,0,0.0055336435325443745,0.2784525752067566,0.9604339003562927,0,0.02789248526096344,-0.9601184129714966,0.2782003581523895,0,0,0.6397020220756531,0,1,0.9996680021286011,0.000018466960682417266,0.02576557546854019,0,-0.014723171480000019,0.8210611939430237,0.5706498622894287,0,-0.021144581958651543,-0.5708399415016174,0.8207892179489136,0,0,0.19417700171470642,0,1
